0.060108	0
0.057597	0
0.060646	0
0.301384	0
0.061012	0
0.056888	0
0.056179	0
0.067785	0
0.057256	0
0.074326	0
0.060677	0
0.129153	0
0.0595	0
0.296529	0
0.068367	0
0.056944	0
0.06004	0
0.061147	0
0.451457	0
0.131541	1
0.057525	0
0.574638	1
0.058898	0
0.058572	0
0.523101	0
0.622863	0
0.058486	0
0.057728	0
0.057202	0
0.062815	0
0.062142	0
0.057444	0
0.557757	1
0.556195	0
0.058632	0
0.072397	0
0.057448	0
0.060832	0
0.059338	0
0.381248	1
0.064562	0
0.056844	0
0.061153	0
0.060194	0
0.057163	0
0.062047	0
0.066889	0
0.060623	0
0.062938	0
0.063147	0
0.071668	0
0.068386	0
0.066213	0
0.059301	0
0.056983	0
0.059106	0
0.396793	1
0.598858	1
0.064596	0
0.057415	0
0.326498	0
0.086177	0
0.062364	0
0.057321	0
0.058782	0
0.484127	1
0.058974	0
0.067831	0
0.057528	0
0.057688	0
0.060525	0
0.06506	0
0.063712	0
0.624857	1
0.428177	0
0.068807	0
0.058738	0
0.057455	0
0.462767	0
0.058398	0
0.069795	0
0.058549	0
0.058815	0
0.073467	0
0.073587	0
0.058251	0
0.058259	0
0.057556	0
0.056586	0
0.065065	0
0.623356	1
0.062755	0
0.059069	0
0.59057	0
0.056392	0
0.614821	1
0.058575	0
0.486788	0
0.057488	0
0.060445	0
0.057892	0
0.05846	0
0.061776	0
0.058872	0
0.059274	0
0.066655	0
0.060603	0
0.059944	0
0.522031	1
0.059626	0
0.055981	0
0.114269	0
0.057465	0
0.064319	0
0.060829	0
0.058552	0
0.058092	0
0.058482	0
0.058176	0
0.064227	0
0.060839	0
0.639827	1
0.633234	0
0.353083	0
0.061581	0
0.641381	1
0.362263	1
0.06011	0
0.058593	0
0.059702	0
0.057602	0
0.056313	0
0.060098	0
0.058178	0
0.058529	0
0.189078	1
0.058806	0
0.088239	0
0.334146	1
0.575793	0
0.085922	1
0.058444	0
0.061681	0
0.056732	0
0.063931	0
0.060423	0
0.05885	0
0.063843	0
0.056695	0
0.358224	1
0.093873	0
0.056583	0
0.058577	0
0.058825	0
0.057706	0
0.474695	1
0.059373	0
0.057761	0
0.056799	0
0.061421	0
0.060845	0
0.059085	0
0.058921	0
0.059029	0
0.061344	0
0.063281	0
0.059308	0
0.636211	0
0.058626	0
0.626505	1
0.644154	0
0.634653	0
0.507782	1
0.636606	0
0.072154	1
0.064935	0
0.061779	0
0.065659	0
0.071249	0
0.062562	0
0.058217	0
0.060249	0
0.057755	0
0.057639	0
0.056192	0
0.056759	0
0.060133	0
0.06103	0
0.057771	0
0.144497	0
0.059137	0
0.056692	0
0.064372	0
0.055392	0
0.057198	0
0.057064	0
0.389582	0
0.059393	0
0.059044	0
0.057888	0
0.064567	0
0.060192	0
0.058992	0
0.111177	1
0.063913	0
0.063364	0
0.064776	0
0.17312	0
0.056737	0
0.0619	0
0.05889	0
0.055372	0
0.0569	0
0.597623	0
0.088863	1
0.33807	0
0.061049	0
0.05972	0
0.615559	0
0.062921	0
0.067666	0
0.05962	0
0.071026	0
0.056561	0
0.058366	0
0.078739	0
0.061001	0
0.061477	0
0.060147	0
0.059958	0
0.070835	0
0.060247	0
0.058813	0
0.064424	0
0.064318	1
0.110182	0
0.593836	1
0.058759	0
0.058221	0
0.064589	0
0.572059	1
0.058903	0
0.060859	0
0.625462	0
0.062846	0
0.060378	0
0.059883	0
0.061157	0
0.059234	0
0.057585	0
0.058233	0
0.059108	0
0.057983	0
0.057352	0
0.406853	0
0.065532	0
0.059314	0
0.062799	0
0.497171	1
0.103481	0
0.058748	0
0.195201	0
0.626378	1
0.066692	0
0.05771	0
0.056935	0
0.057034	0
0.062715	0
0.062399	0
0.057684	0
0.059758	0
0.63994	1
0.100875	0
0.060228	0
0.05699	0
0.061764	0
0.060935	0
0.057243	0
0.30632	1
0.061655	0
0.083221	0
0.058991	0
0.636175	1
0.055694	0
0.39792	0
0.069047	0
0.060561	0
0.060485	0
0.160703	1
0.625407	1
0.627242	1
0.07183	1
0.09255	0
0.057922	0
0.587863	1
0.058181	0
0.061134	0
0.273081	0
0.059827	0
0.057771	0
0.05988	0
0.368572	1
0.06112	0
0.620582	1
0.060356	0
0.056817	0
0.05756	0
0.059332	0
0.0594	0
0.061478	0
0.426466	0
0.086653	0
0.057563	0
0.626178	0
0.083414	0
0.067781	0
0.503199	1
0.624482	1
0.058519	0
0.244354	0
0.061015	0
0.070943	0
0.062153	0
0.058988	0
0.444767	0
0.444963	0
0.060959	0
0.057893	0
0.067301	0
0.62697	0
0.060883	0
0.067169	0
0.061259	0
0.251157	0
0.060675	0
0.480247	0
0.057889	0
0.637492	1
0.06049	0
0.068033	0
0.059627	0
0.344455	0
0.060629	0
0.060978	0
0.058455	0
0.06443	0
0.060887	0
0.057256	0
0.059558	0
0.060031	0
0.060967	0
0.055959	0
0.058615	0
0.074564	0
0.061547	0
0.059282	0
0.060189	0
0.061508	0
0.059387	0
0.062139	0
0.060133	0
0.058456	0
0.058865	0
0.622264	1
0.059954	0
0.59333	1
0.105903	0
0.550226	0
0.057793	0
0.061139	0
0.607711	0
0.058428	0
0.087921	0
0.070865	0
0.059079	0
0.056846	0
0.070698	0
0.057377	0
0.061986	0
0.059434	0
0.062012	0
0.059671	0
0.057619	0
0.058557	0
0.057788	0
0.057207	0
0.056406	0
0.627269	0
0.058537	0
0.562731	1
0.059148	0
0.2922	0
0.06019	0
0.077298	0
0.061989	0
0.063603	0
0.626472	1
0.065139	0
0.059568	0
0.061427	0
0.05795	0
0.057034	0
0.058286	1
0.07826	0
0.059496	0
0.059208	0
0.123241	0
0.05695	0
0.068529	0
0.065028	0
0.069931	0
0.059514	0
0.061655	0
0.064548	0
0.448712	1
0.060458	0
0.080609	0
0.059831	0
0.058295	0
0.06043	0
0.05813	0
0.232696	0
0.062568	0
0.056479	0
0.056879	0
0.615402	1
0.056377	0
0.060782	0
0.056681	0
0.060569	0
0.063612	0
0.08165	0
0.061457	0
0.058085	0
0.069812	0
0.064372	0
0.058476	1
0.068189	0
0.056249	0
0.059809	0
0.057808	0
0.059938	0
0.05999	0
0.056396	0
0.05841	0
0.059069	0
0.061862	0
0.615968	1
0.068293	0
0.0584	0
0.062855	0
0.058699	0
0.61125	1
0.056405	0
0.140037	0
0.061005	0
0.05887	0
0.058	0
0.060823	0
0.062202	0
0.620838	1
0.057539	0
0.060162	0
0.061684	0
0.638035	0
0.065278	0
0.059972	0
0.058537	0
0.067519	0
0.372514	1
0.058138	0
0.057033	0
0.058343	0
0.081168	1
0.059505	0
0.057386	0
0.073716	0
0.059652	0
0.058204	0
0.065006	0
0.060586	0
0.063787	0
0.060769	0
0.064093	0
0.061065	0
0.061466	0
0.096172	1
0.060697	0
0.055968	0
0.057664	0
0.066218	0
0.609387	0
0.059724	0
0.056706	0
0.373073	1
0.620764	1
0.057039	0
0.057676	0
0.057581	0
0.627768	1
0.626472	0
0.340683	1
0.056599	0
0.059888	0
0.059922	0
0.059321	0
0.105723	0
0.062597	0
0.626613	1
0.084308	1
0.058722	0
0.057742	0
0.058619	0
0.363704	1
0.064218	0
0.061103	0
0.064648	1
0.060833	0
0.070041	0
0.06435	0
0.058702	0
0.057033	0
0.30631	1
0.057877	0
0.631627	1
0.058218	0
0.06198	0
0.05974	0
0.057649	0
0.523889	1
0.472509	1
0.063917	0
0.058243	0
0.057924	0
0.058208	0
0.05794	0
0.056499	0
0.057205	0
0.059354	0
0.574454	1
0.618772	0
0.061241	0
0.059406	0
0.396195	1
0.059495	0
0.060502	0
0.063294	0
0.059889	0
0.056012	0
0.629374	1
0.056104	0
0.628179	1
0.057563	0
0.624334	0
0.544213	0
0.073455	0
0.521425	0
0.058767	0
0.057024	0
0.060351	0
0.061253	0
0.058207	0
0.063333	0
0.062016	0
0.631651	1
0.060068	0
0.059757	0
0.47746	1
0.061027	0
0.624699	0
0.057574	0
0.057187	0
0.063805	0
0.060215	0
0.067403	1
0.059403	0
0.057088	0
0.060378	0
0.064051	0
0.623579	1
0.057394	0
0.059072	0
0.589712	0
0.609221	1
0.057478	0
0.059144	0
0.059409	0
0.085942	0
0.057961	0
0.059231	0
0.063619	0
0.059984	0
0.064029	0
0.05844	0
0.059367	0
0.058082	0
0.459616	0
0.059142	0
0.067069	0
0.068921	0
0.629665	1
0.438067	1
0.39378	1
0.464904	1
0.580664	0
0.606783	1
0.056519	0
0.472877	0
0.472895	0
0.193413	1
0.061961	0
0.062641	0
0.063672	0
0.060554	0
0.322318	0
0.058316	0
0.057644	0
0.057783	0
0.619726	1
0.629082	1
0.06086	0
0.057306	0
0.059787	0
0.060234	0
0.060562	0
0.056779	0
0.473921	0
0.473972	1
0.095786	1
0.399336	1
0.058514	0
0.633775	1
0.631747	1
0.057842	0
0.056203	0
0.059636	0
0.061764	0
0.057239	0
0.057675	0
0.056381	0
0.080237	0
0.068185	0
0.056915	0
0.058996	0
0.06233	0
0.057098	0
0.058138	0
0.061489	0
0.060475	0
0.087159	0
0.058426	0
0.0583	0
0.061929	0
0.058658	0
0.056314	0
0.05899	0
0.058642	0
0.624943	1
0.062104	0
0.059514	0
0.059077	0
0.056864	0
0.331884	1
0.059642	0
0.057069	0
0.057441	0
0.05909	0
0.05833	0
0.056723	0
0.631607	1
0.059536	0
0.064458	1
0.321449	1
0.057442	0
0.639846	1
0.057565	0
0.058717	0
0.057403	0
0.059747	0
0.056668	0
0.3112	1
0.064092	0
0.059194	0
0.062835	0
0.063115	0
0.061055	0
0.551276	0
0.060544	0
0.597016	1
0.057856	0
0.060356	0
0.056944	0
0.058417	0
0.071242	1
0.059542	0
0.05624	0
0.057147	0
0.061109	0
0.061507	0
0.059633	0
0.060063	0
0.059858	0
0.601741	1
0.061035	0
0.057828	0
0.056931	0
0.062084	0
0.059111	0
0.057315	0
0.06808	0
0.060806	0
0.058625	0
0.065918	0
0.640534	1
0.059947	0
0.057985	0
0.632384	0
0.305511	1
0.056007	0
0.062969	0
0.058457	0
0.057079	0
0.333503	1
0.057822	0
0.058798	0
0.564521	0
0.057131	1
0.057431	0
0.06089	0
0.069129	0
0.640496	1
0.057513	0
0.057358	0
0.637532	1
0.057144	0
0.060433	0
0.06501	0
0.065836	0
0.057338	0
0.059087	0
0.630355	1
0.057333	0
0.056832	0
0.059291	0
0.056632	0
0.440577	1
0.635108	1
0.062491	0
0.072868	1
0.06313	0
0.060611	0
0.419889	1
0.058531	0
0.058694	0
0.237586	1
0.63029	1
0.076476	0
0.057272	0
0.08818	0
0.066085	0
0.292176	1
0.067052	0
0.060413	0
0.638665	1
0.408802	1
0.059029	0
0.057057	0
0.077797	0
0.061389	0
0.609739	0
0.061782	0
0.056755	0
0.059119	0
0.055909	0
0.057714	0
0.060876	0
0.068325	1
0.059667	0
0.091027	0
0.092218	0
0.05944	0
0.060738	0
0.484604	1
0.05893	0
0.061678	0
0.629532	0
0.545668	0
0.058281	0
0.062371	0
0.060459	0
0.065661	0
0.06448	0
0.605092	0
0.058976	0
0.069127	0
0.05995	0
0.05903	0
0.067256	0
0.064723	0
0.635509	1
0.057066	0
0.059192	0
0.12404	0
0.057303	0
0.057662	0
0.056208	0
0.613068	1
0.063929	0
0.626517	1
0.058465	0
0.067286	0
0.057569	0
0.062692	0
0.061536	0
0.05781	0
0.058795	0
0.199717	0
0.057653	0
0.060211	0
0.056495	0
0.059349	0
0.057877	0
0.094656	1
0.059488	0
0.060009	0
0.069747	0
0.058842	0
0.057623	0
0.064309	0
0.062554	0
0.05658	0
0.059351	0
0.058957	0
0.060873	0
0.062286	0
0.061098	0
0.066662	0
0.635498	1
0.058759	0
0.058512	0
0.058912	0
0.360159	0
0.062535	0
0.060289	0
0.520856	1
0.062122	0
0.057906	0
0.058972	0
0.055964	0
0.059798	0
0.059457	0
0.064513	0
0.059442	0
0.057951	0
0.066955	0
0.059429	0
0.058923	0
0.079852	0
0.339071	1
0.059782	0
0.058403	0
0.062327	0
0.631419	1
0.060729	0
0.083003	0
0.059578	0
0.059191	0
0.412267	1
0.057849	0
0.056933	0
0.638702	0
0.059372	0
0.059745	0
0.058211	0
0.058267	0
0.057569	0
0.057455	0
0.057739	0
0.341066	0
0.065856	0
0.061852	0
0.059659	0
0.061768	0
0.059117	0
0.058381	0
0.055841	0
0.054929	0
0.055113	0
0.055475	0
0.055015	0
0.055278	0
0.058764	0
0.121331	0
0.059129	0
0.058298	0
0.060174	0
0.056307	0
0.363833	1
0.060578	0
0.060078	0
0.058548	0
0.060357	0
0.057537	0
0.057267	0
0.065795	0
0.061626	0
0.641629	1
0.05721	0
0.060193	0
0.05686	0
0.061058	0
0.079787	1
0.05911	0
0.057338	0
0.060217	0
0.064016	0
0.057897	0
0.374193	1
0.063735	0
0.05861	0
0.057986	0
0.067514	0
0.058109	0
0.058172	0
0.060017	0
0.06	0
0.064498	0
0.05793	0
0.432887	0
0.058592	0
0.378982	1
0.060411	0
0.057773	0
0.059672	0
0.060578	0
0.058606	0
0.059017	0
0.079072	0
0.065018	0
0.059607	0
0.348989	1
0.058659	0
0.580716	1
0.073704	0
0.54309	1
0.05948	0
0.638288	1
0.070265	0
0.064039	0
0.057844	0
0.056835	0
0.059021	0
0.441672	1
0.41158	0
0.411727	1
0.625221	1
0.056912	0
0.059126	0
0.064567	0
0.06003	0
0.059917	0
0.062222	0
0.058807	0
0.057656	0
0.05852	0
0.058939	0
0.093073	0
0.060555	0
0.060136	0
0.057689	0
0.060039	0
0.059138	0
0.06421	0
0.057835	0
0.064727	0
0.059486	0
0.059689	0
0.057669	0
0.064982	0
0.057099	0
0.062453	0
0.07788	1
0.060453	0
0.062788	0
0.595758	1
0.05789	0
0.057982	0
0.059822	0
0.057856	0
0.058189	0
0.057698	0
0.059084	0
0.056697	0
0.056886	0
0.060069	0
0.380718	1
0.073864	0
0.056532	0
0.059748	0
0.637323	0
0.058211	0
0.083409	0
0.405039	0
0.6208	1
0.633917	0
0.061019	0
0.059772	0
0.056825	0
0.062123	0
0.059789	0
0.06047	0
0.058639	0
0.057662	0
0.095867	0
0.059252	0
0.200245	1
0.062563	0
0.058921	0
0.058214	0
0.075427	0
0.062123	0
0.634719	1
0.561922	0
0.065099	0
0.631866	1
0.056374	0
0.057863	0
0.058233	0
0.06014	0
0.061941	0
0.057461	0
0.058271	0
0.086058	0
0.057852	0
0.059115	0
0.060164	0
0.633809	1
0.618583	1
0.058429	0
0.624315	1
0.058223	0
0.056942	0
0.055745	0
0.056968	0
0.05758	0
0.61921	0
0.29043	1
0.514867	1
0.062087	0
0.060164	0
0.058912	0
0.056026	0
0.512754	1
0.058197	0
0.058128	0
0.057841	0
0.068472	0
0.612902	1
0.057049	0
0.062335	0
0.057885	0
0.060371	0
0.621274	0
0.057215	0
0.062002	0
0.062771	0
0.08251	0
0.620429	0
0.061933	0
0.058568	0
0.058152	0
0.065673	0
0.060098	0
0.599814	0
0.05877	0
0.078132	0
0.05656	0
0.059608	0
0.055869	0
0.491788	0
0.059851	0
0.056457	0
0.057439	0
0.05823	0
0.061374	0
0.059459	0
0.075715	0
0.064597	0
0.626669	1
0.057049	0
0.54459	0
0.475153	1
0.332367	1
0.063706	0
0.444614	1
0.086198	0
0.062427	0
0.060009	0
0.065233	0
0.064581	0
0.057513	0
0.05921	0
0.276984	0
0.057437	0
0.06046	0
0.426957	0
0.283506	0
0.060722	0
0.064112	0
0.073363	0
0.555975	0
0.61044	0
0.360329	0
0.635318	1
0.058576	0
0.057391	0
0.058903	0
0.425036	1
0.626482	1
0.117724	0
0.061489	0
0.621598	0
0.149216	0
0.056969	0
0.576639	0
0.076816	0
0.057444	0
0.06058	0
0.068275	0
0.059106	0
0.109778	1
0.061274	0
0.061669	0
0.060266	0
0.59172	0
0.061302	0
0.061951	0
0.057866	0
0.061029	0
0.059026	0
0.063762	0
0.063984	0
0.05761	0
0.056353	0
0.056086	0
0.26786	1
0.057452	0
0.056537	0
0.377957	1
0.057229	0
0.065313	0
0.061632	0
0.066215	0
0.067809	0
0.056354	0
0.488566	1
0.570134	1
0.060728	0
0.058001	0
0.069215	0
0.057428	0
0.061892	0
0.061291	0
0.060506	0
0.058667	0
0.057559	0
0.056836	0
0.062638	0
0.070754	0
0.057503	0
0.063582	0
0.060044	0
0.068723	0
0.05767	0
0.621591	1
0.06913	0
0.060978	0
0.057378	0
0.077667	1
0.064235	0
0.060226	0
0.088248	0
0.057825	0
0.056779	0
0.567779	1
0.062359	0
0.262312	1
0.066782	0
0.05876	0
0.058027	0
0.058008	0
0.466301	1
0.478408	1
0.065045	0
0.062246	0
0.391773	1
0.560651	1
0.063151	0
0.442025	1
0.05709	0
0.396034	1
0.615718	1
0.057286	0
0.632152	1
0.066378	1
0.064575	0
0.05757	0
0.058667	0
0.05828	0
0.062437	0
0.060911	0
0.05784	0
0.062474	0
0.469521	1
0.059063	0
0.059269	0
0.596521	1
0.057551	0
0.062073	0
0.057968	0
0.062886	0
0.096115	0
0.06198	0
0.641716	1
0.058189	0
0.430917	1
0.453242	1
0.059799	0
0.601833	0
0.056803	0
0.058803	0
0.056822	0
0.057369	0
0.06076	0
0.057702	0
0.063701	0
0.058347	0
0.338893	0
0.070304	0
0.062025	0
0.623852	0
0.492321	1
0.477217	1
0.279726	0
0.058829	0
0.526938	1
0.05851	0
0.061387	0
0.062164	0
0.063953	0
0.057465	0
0.061644	0
0.062574	0
0.614026	0
0.636277	1
0.056303	0
0.360912	1
0.06705	0
0.060257	0
0.05777	0
0.056207	0
0.059363	0
0.635944	1
0.060692	0
0.624173	1
0.060851	0
0.057912	0
0.061603	0
0.062439	0
0.056813	0
0.062584	0
0.062863	0
0.060338	0
0.060849	0
0.059622	0
0.065522	0
0.06278	0
0.623568	0
0.062506	0
0.061543	0
0.05721	0
0.059514	0
0.408267	1
0.630589	1
0.613518	0
0.111649	1
0.060914	0
0.060942	0
0.05789	0
0.08565	0
0.059984	0
0.639062	0
0.058893	0
0.632459	1
0.058049	0
0.062133	0
0.06369	0
0.057011	0
0.058068	0
0.108917	0
0.05746	0
0.081248	0
0.059263	0
0.105347	1
0.059275	0
0.462768	1
0.059501	0
0.066754	0
0.06248	0
0.058093	0
0.05745	0
0.057008	0
0.222568	0
0.066407	0
0.439986	0
0.113548	1
0.062152	0
0.058631	0
0.083012	0
0.082488	1
0.058771	0
0.058769	0
0.059714	0
0.058328	0
0.059575	0
0.630381	1
0.610327	0
0.059744	0
0.067375	0
0.49527	1
0.088358	0
0.605997	0
0.056841	0
0.523638	0
0.057898	0
0.109936	1
0.061394	0
0.061986	0
0.060588	0
0.06098	0
0.115088	1
0.059511	0
0.057727	0
0.064614	0
0.086026	1
0.601588	0
0.068803	0
0.433189	1
0.096161	0
0.591967	0
0.059809	0
0.055865	0
0.058649	0
0.076412	0
0.066517	0
0.057766	0
0.607585	0
0.628716	0
0.059466	0
0.057199	0
0.61766	0
0.317946	1
0.05784	0
0.080783	0
0.058379	0
0.06133	0
0.447036	0
0.096482	0
0.063224	0
0.072106	0
0.063015	0
0.42806	0
0.078467	1
0.616807	1
0.433761	0
0.057234	0
0.05752	0
0.523675	1
0.369493	1
0.059911	0
0.288942	1
0.588487	0
0.058449	0
0.063201	0
0.061911	0
0.062125	0
0.063117	0
0.524806	0
0.612722	0
0.606356	1
0.060006	0
0.066561	0
0.05928	0
0.061167	0
0.610026	1
0.058804	0
0.058014	0
0.386297	0
0.059885	0
0.060937	0
0.611613	1
0.057862	0
0.611187	1
0.623858	1
0.057017	0
0.085765	1
0.059528	0
0.054659	0
0.058751	0
0.057152	0
0.059827	0
0.059636	0
0.597343	1
0.076064	0
0.160148	0
0.059049	0
0.060113	0
0.63204	0
0.057536	0
0.056064	0
0.057132	0
0.095642	0
0.058631	0
0.059359	0
0.069799	0
0.064496	0
0.626474	0
0.057392	0
0.072439	0
0.368317	1
0.057918	0
0.490306	1
0.058944	0
0.058802	0
0.059342	0
0.619442	1
0.603222	0
0.057457	0
0.613881	1
0.462615	1
0.058126	0
0.05821	0
0.057055	0
0.069223	0
0.085448	1
0.059049	0
0.065707	0
0.058202	0
0.056629	0
0.057727	0
0.05679	0
0.064535	0
0.065848	0
0.056877	0
0.061828	0
0.616029	0
0.071837	0
0.058244	0
0.057896	0
0.058749	0
0.371475	0
0.056131	0
0.05858	0
0.058365	0
0.264655	1
0.058465	0
0.05799	0
0.060265	0
0.063275	0
0.360637	0
0.080508	1
0.059032	0
0.060825	0
0.059706	0
0.633066	0
0.441014	1
0.079452	0
0.533287	0
0.057339	0
0.059537	0
0.060403	0
0.606183	0
0.061889	0
0.056852	0
0.066129	0
0.560261	1
0.060234	0
0.062311	0
0.548848	1
0.060018	0
0.057042	0
0.055598	0
0.061009	0
0.060744	0
0.066324	0
0.064286	1
0.095917	0
0.457367	1
0.058413	0
0.069694	0
0.628174	1
0.059323	0
0.477491	0
0.300924	0
0.108953	1
0.57669	1
0.068913	0
0.058842	0
0.062977	0
0.062763	0
0.05962	0
0.06018	0
0.059054	0
0.065498	0
0.234789	0
0.059943	0
0.057463	0
0.066639	0
0.056569	0
0.061362	0
0.059722	0
0.624788	1
0.618428	0
0.623535	1
0.056707	0
0.057864	0
0.057592	0
0.61703	1
0.07629	0
0.057447	0
0.056769	0
0.058897	0
0.642333	1
0.609733	0
0.370348	0
0.370216	1
0.063443	0
0.060111	0
0.064877	0
0.062316	0
0.057952	0
0.062261	0
0.620988	1
0.636754	1
0.060364	0
0.074122	0
0.429887	1
0.063259	0
0.060548	0
0.637366	1
0.056955	0
0.059908	0
0.056699	0
0.069898	0
0.061507	0
0.05743	0
0.063553	0
0.633043	1
0.068889	1
0.446772	0
0.070714	0
0.080828	0
0.600754	1
0.062242	0
0.120636	0
0.2498	1
0.079523	0
0.061471	0
0.068377	1
0.635366	0
0.346304	0
0.346328	0
0.066543	0
0.056998	0
0.05937	0
0.058535	0
0.05915	0
0.058658	0
0.062206	0
0.606446	0
0.065843	0
0.237954	0
0.061245	0
0.057632	0
0.625857	1
0.060199	0
0.063876	0
0.060928	0
0.05632	0
0.058264	0
0.606854	1
0.060689	0
0.211857	0
0.210046	0
0.057006	0
0.060544	0
0.06086	0
0.070196	0
0.626446	1
0.05875	0
0.068514	0
0.061069	0
0.062583	0
0.058433	0
0.059334	0
0.245127	0
0.244576	1
0.057781	0
0.068743	0
0.591903	0
0.057021	0
0.064122	0
0.072349	1
0.067789	0
0.062279	0
0.059368	0
0.058735	0
0.060063	0
0.086262	0
0.057664	0
0.262994	0
0.463552	1
0.463414	0
0.074983	0
0.05947	0
0.057974	0
0.422384	1
0.056821	0
0.057282	0
0.058284	0
0.056588	0
0.067659	0
0.056533	0
0.100819	0
0.134658	0
0.134495	0
0.058677	0
0.059273	0
0.059411	0
0.057787	0
0.065302	0
0.06008	0
0.25962	0
0.259935	1
0.063344	0
0.059	0
0.084437	0
0.069754	0
0.05813	0
0.061816	0
0.056756	0
0.062622	0
0.059794	0
0.364687	0
0.341353	0
0.341461	1
0.062272	0
0.056989	0
0.127479	1
0.622216	0
0.062107	0
0.057408	0
0.058104	0
0.060486	0
0.059529	0
0.255633	1
0.064717	0
0.065536	0
0.056882	0
0.064759	0
0.595327	1
0.415178	1
0.06721	0
0.059308	0
0.056344	0
0.060384	0
0.057877	0
0.059243	0
0.060295	0
0.060247	0
0.064524	0
0.058371	0
0.63046	0
0.063463	0
0.601562	1
0.057439	0
0.06604	0
0.611261	0
0.073863	0
0.067931	0
0.635642	1
0.058196	0
0.593432	1
0.059712	0
0.060351	0
0.06365	0
0.597051	1
0.32186	0
0.075535	0
0.057805	0
0.639967	1
0.409185	0
0.06042	0
0.061529	0
0.380462	0
0.055999	0
0.061761	0
0.059775	0
0.059726	0
0.062647	0
0.059787	0
0.061474	0
0.509302	1
0.05983	0
0.064023	0
0.062696	0
0.609872	0
0.058837	0
0.637113	1
0.06393	0
0.084529	0
0.061354	0
0.061872	0
0.438279	0
0.058451	0
0.335236	0
0.087794	0
0.06312	0
0.460153	0
0.567872	0
0.059566	0
0.318362	1
0.061581	0
0.062345	0
0.446334	1
0.060473	0
0.061319	0
0.05726	0
0.591888	1
0.060209	0
0.056287	0
0.059583	0
0.451267	0
0.428064	1
0.063935	0
0.057906	0
0.057644	0
0.056371	0
0.059539	0
0.065473	0
0.057791	0
0.058748	0
0.08939	1
0.062357	0
0.05733	0
0.420388	0
0.059469	0
0.629088	0
0.058241	0
0.062201	0
0.060182	0
0.125995	1
0.060403	0
0.059619	0
0.075295	0
0.058716	0
0.070391	0
0.064248	0
0.061351	0
0.584825	1
0.057945	0
0.058198	0
0.06081	0
0.057695	0
0.058671	0
0.058009	0
0.063559	0
0.061015	0
0.058782	0
0.616067	0
0.637298	1
0.059354	0
0.059878	0
0.057937	0
0.059595	0
0.060829	0
0.059228	0
0.059257	0
0.05695	0
0.060583	0
0.057423	0
0.057187	0
0.056697	0
0.058185	0
0.056583	0
0.060682	0
0.059366	0
0.057356	0
0.100252	1
0.059543	0
0.593118	1
0.056803	0
0.056276	0
0.634812	1
0.058801	0
0.07506	0
0.059473	0
0.062676	0
0.623427	0
0.057365	0
0.3791	1
0.064148	0
0.057367	0
0.063928	0
0.06055	0
0.638416	1
0.063318	0
0.064191	0
0.058077	0
0.057638	0
0.058158	0
0.05936	0
0.05663	0
0.05904	0
0.059155	0
0.22162	0
0.057888	0
0.639552	1
0.057177	0
0.059399	0
0.598853	0
0.057327	0
0.064336	0
0.058139	0
0.304557	1
0.061824	0
0.09648	0
0.439013	1
0.059142	0
0.630386	1
0.059984	0
0.058909	0
0.058817	0
0.05931	0
0.523709	1
0.058353	0
0.059276	0
0.05965	0
0.058057	0
0.640795	0
0.587442	1
0.056122	0
0.058157	0
0.058611	0
0.061161	0
0.127781	1
0.056979	0
0.061065	0
0.06658	0
0.193011	0
0.057024	0
0.328386	1
0.060554	0
0.067783	0
0.521465	1
0.058621	0
0.057114	0
0.057063	0
0.069153	0
0.057691	0
0.056509	0
0.419801	1
0.058146	0
0.07355	0
0.063273	0
0.067519	0
0.237328	1
0.060714	0
0.060916	0
0.058261	0
0.463121	1
0.059188	0
0.058172	0
0.05871	0
0.475539	1
0.062693	0
0.61434	1
0.059149	0
0.058841	0
0.324041	1
0.082172	0
0.071445	0
0.058575	0
0.068211	0
0.070391	0
0.449552	1
0.058632	0
0.058135	0
0.066669	0
0.058363	0
0.05815	0
0.058143	0
0.057343	0
0.314389	0
0.069027	0
0.058018	0
0.059299	0
0.057823	0
0.058246	0
0.05658	0
0.070179	0
0.062116	0
0.630516	0
0.058359	0
0.066565	0
0.059505	0
0.057158	0
0.059339	0
0.231888	1
0.057871	0
0.075974	0
0.05883	0
0.498496	0
0.060641	0
0.056775	0
0.147284	0
0.474046	1
0.058924	0
0.06082	0
0.088747	0
0.063342	0
0.058685	0
0.061671	0
0.558609	0
0.06062	0
0.098138	0
0.08982	1
0.087899	1
0.057682	0
0.604628	0
0.056804	0
0.059454	0
0.062115	0
0.057638	0
0.056725	0
0.064516	0
0.629932	0
0.05726	0
0.065315	0
0.058624	0
0.064307	0
0.059268	0
0.06081	0
0.626797	1
0.145686	1
0.063192	0
0.069716	0
0.625437	0
0.059409	0
0.061289	0
0.056863	0
0.52752	1
0.057163	0
0.057136	0
0.058321	0
0.057255	0
0.637375	1
0.600686	1
0.058535	0
0.058975	0
0.093278	0
0.062293	0
0.066649	0
0.060151	0
0.057847	0
0.061768	0
0.064859	0
0.062404	0
0.056986	0
0.377318	0
0.056755	0
0.058932	0
0.059029	0
0.061603	0
0.597681	0
0.058102	0
0.128867	1
0.058338	0
0.437023	0
0.055949	0
0.065666	0
0.059745	0
0.05757	0
0.056136	0
0.061053	0
0.061001	0
0.058138	0
0.61781	1
0.0695	0
0.057592	0
0.059612	0
0.064184	0
0.058984	0
0.601405	1
0.062067	0
0.10635	0
0.083852	0
0.059082	0
0.058549	0
0.061152	0
0.058847	0
0.059101	0
0.069158	0
0.057222	0
0.058745	0
0.057212	0
0.065776	0
0.057983	0
0.06552	0
0.093224	0
0.057176	0
0.059147	0
0.059247	0
0.058402	0
0.062557	0
0.057897	0
0.056552	0
0.062145	0
0.066409	0
0.063038	0
0.058851	0
0.287523	1
0.639719	0
0.086831	1
0.057413	0
0.059182	0
0.058536	0
0.060407	0
0.08262	1
0.074128	0
0.058664	0
0.05851	0
0.060839	0
0.057467	0
0.056152	0
0.065907	0
0.058357	0
0.082714	1
0.059639	0
0.352155	0
0.057436	0
0.087147	0
0.05902	0
0.063854	0
0.160897	0
0.059444	0
0.211846	1
0.06205	0
0.058057	0
0.06328	0
0.056403	0
0.056839	0
0.058309	0
0.066459	0
0.063607	0
0.059135	0
0.058228	0
0.059158	0
0.060386	0
0.05913	0
0.060074	0
0.068198	0
0.062953	0
0.081218	1
0.082304	0
0.056253	0
0.057479	0
0.077261	0
0.058193	0
0.620444	0
0.624912	0
0.061964	0
0.0676	0
0.061043	0
0.058363	0
0.058937	0
0.5194	1
0.05869	0
0.057443	0
0.07341	0
0.061372	0
0.290998	1
0.291007	0
0.636381	1
0.063545	0
0.057821	0
0.058632	0
0.056931	0
0.059864	0
0.062272	0
0.056634	0
0.164166	0
0.136422	1
0.094872	1
0.094886	0
0.060294	0
0.061352	0
0.062119	0
0.083527	0
0.057731	0
0.059497	0
0.058333	0
0.057295	0
0.05643	0
0.627319	0
0.503249	1
0.057748	0
0.56571	1
0.058222	0
0.057187	0
0.061519	0
0.639159	1
0.075159	0
0.075141	0
0.290344	1
0.058826	0
0.057104	0
0.057202	0
0.06284	0
0.058743	0
0.059021	0
0.05619	0
0.057005	0
0.098276	0
0.058564	0
0.064313	0
0.079248	0
0.612521	1
0.322613	1
0.070486	0
0.630235	1
0.058544	0
0.075996	0
0.059382	0
0.057351	0
0.055838	0
0.059914	0
0.06057	0
0.059445	0
0.063031	0
0.314339	1
0.057791	0
0.059128	0
0.05977	0
0.062398	0
0.642601	0
0.058258	0
0.056095	0
0.067044	0
0.110211	0
0.057897	0
0.624715	1
0.057009	0
0.061705	0
0.062476	0
0.058855	0
0.075953	0
0.06467	0
0.05735	0
0.617439	0
0.063737	0
0.059999	0
0.059343	0
0.057976	0
0.058528	0
0.057436	0
0.057671	0
0.0588	0
0.604692	1
0.626344	1
0.05601	0
0.057224	0
0.362887	1
0.062315	0
0.058519	0
0.057468	0
0.06073	0
0.072796	0
0.641646	0
0.058764	0
0.468655	1
0.058033	0
0.507133	1
0.06063	0
0.06191	0
0.351267	1
0.060468	0
0.057852	0
0.058144	0
0.057797	0
0.057043	0
0.082698	0
0.061284	0
0.062205	0
0.061893	0
0.076502	0
0.614544	0
0.436121	1
0.056753	0
0.060993	0
0.060474	0
0.059778	0
0.091966	0
0.055582	0
0.376579	1
0.586594	0
0.056913	0
0.057715	0
0.063045	0
0.138501	0
0.14717	1
0.636317	1
0.061929	0
0.134112	1
0.060888	0
0.612123	1
0.074621	1
0.058777	0
0.059014	0
0.082298	0
0.063069	1
0.522904	1
0.062228	0
0.055646	0
0.059341	0
0.058853	0
0.059362	0
0.070282	0
0.060594	0
0.074487	0
0.05687	0
0.057485	0
0.526287	1
0.614299	1
0.639909	1
0.059102	0
0.057836	0
0.063465	0
0.636447	1
0.058661	0
0.076338	0
0.060861	0
0.059087	0
0.061706	0
0.05735	0
0.065094	0
0.071784	0
0.060223	0
0.064322	0
0.056629	0
0.440482	1
0.065068	0
0.155831	1
0.453622	1
0.059849	0
0.056318	0
0.060626	0
0.057819	0
0.081868	0
0.068179	0
0.056476	0
0.058774	0
0.057269	0
0.068251	0
0.057755	0
0.060147	0
0.059337	0
0.062706	0
0.060431	0
0.081251	0
0.060719	0
0.611205	0
0.092504	0
0.056959	0
0.060462	0
0.058894	0
0.057838	0
0.058421	0
0.062063	0
0.064378	0
0.604679	1
0.060177	0
0.056975	0
0.058886	0
0.274433	1
0.067043	0
0.232841	0
0.077342	0
0.057552	0
0.598655	0
0.058461	0
0.060783	0
0.060678	0
0.626092	0
0.057964	0
0.056865	0
0.068055	1
0.061755	0
0.058907	0
0.068923	0
0.056223	0
0.056741	0
0.057008	0
0.059173	0
0.578316	0
0.617217	0
0.058241	0
0.060981	0
0.319049	0
0.059566	0
0.637971	1
0.063747	0
0.586962	0
0.054805	0
0.057683	0
0.056502	0
0.06446	0
0.061526	0
0.425163	0
0.399162	1
0.058683	0
0.081416	1
0.062903	0
0.056408	0
0.059372	0
0.621813	0
0.05765	0
0.43952	1
0.086939	1
0.059655	0
0.062422	0
0.060966	0
0.637418	1
0.058927	0
0.418503	0
0.06029	0
0.110529	1
0.621883	1
0.241191	1
0.060114	0
0.05698	0
0.056364	0
0.639034	1
0.604382	1
0.058608	0
0.058962	0
0.072193	0
0.071611	0
0.057404	0
0.060153	0
0.39715	1
0.077165	0
0.058883	0
0.057909	0
0.064608	0
0.05769	0
0.635691	1
0.12319	0
0.056251	0
0.065635	0
0.05758	0
0.626715	1
0.057265	0
0.073588	0
0.601912	1
0.058918	0
0.061741	0
0.096977	0
0.078471	0
0.058554	0
0.062355	0
0.069727	0
0.073866	0
0.286686	0
0.358245	0
0.05803	0
0.060554	0
0.061961	0
0.058836	0
0.637839	1
0.060287	0
0.055362	0
0.059006	0
0.058617	0
0.059507	0
0.058859	0
0.064863	0
0.314808	1
0.059134	0
0.059614	0
0.056465	0
0.058439	0
0.075288	0
0.059348	0
0.077587	0
0.064798	0
0.056978	0
0.057632	0
0.059468	0
0.121055	1
0.059231	0
0.081762	0
0.058318	0
0.063797	0
0.058658	0
0.067371	0
0.061017	0
0.636032	1
0.400096	0
0.400157	0
0.05743	0
0.63124	1
0.065177	0
0.060057	0
0.384718	1
0.059761	0
0.056481	0
0.056584	0
0.061232	0
0.059727	0
0.63218	1
0.059733	0
0.080397	0
0.057756	0
0.111537	0
0.058086	0
0.061163	0
0.059409	0
0.058309	0
0.056956	0
0.05967	0
0.63592	1
0.112888	1
0.058794	0
0.075523	0
0.059613	0
0.059802	0
0.063139	0
0.056809	0
0.05667	0
0.057003	0
0.058747	0
0.058346	0
0.0625	0
0.062038	0
0.0585	0
0.394937	1
0.636232	0
0.056505	0
0.056774	0
0.058786	0
0.05876	0
0.059911	0
0.05892	0
0.057567	0
0.057766	0
0.05778	0
0.057133	0
0.058386	0
0.072007	1
0.605073	1
0.085573	1
0.058824	0
0.056241	0
0.057409	0
0.057042	0
0.245016	0
0.056923	0
0.061469	0
0.05688	0
0.059382	0
0.056236	0
0.0775	1
0.060429	0
0.057221	0
0.066175	0
0.059637	0
0.064495	0
0.059498	0
0.628468	0
0.060003	0
0.066733	0
0.062116	0
0.102651	1
0.635071	0
0.05667	0
0.061349	0
0.120106	1
0.60991	1
0.056731	0
0.062985	0
0.441241	1
0.061923	0
0.63647	0
0.604292	0
0.629196	1
0.060229	0
0.061208	0
0.072238	0
0.058003	0
0.058278	0
0.060981	0
0.057977	0
0.062905	0
0.058874	0
0.059841	0
0.062519	0
0.058372	0
0.056975	0
0.057685	0
0.057569	0
0.057302	0
0.060453	0
0.622306	0
0.056062	0
0.061366	0
0.062013	0
0.063673	0
0.079289	1
0.45237	1
0.06171	1
0.101718	1
0.061877	0
0.060041	0
0.056747	0
0.465269	0
0.621326	0
0.056925	0
0.059447	0
0.058391	0
0.079865	0
0.249215	1
0.066829	0
0.061729	0
0.056308	0
0.057825	0
0.068635	0
0.637526	1
0.057569	0
0.624901	1
0.06076	0
0.057532	0
0.078704	0
0.055977	0
0.059618	0
0.619934	0
0.334006	1
0.061332	0
0.083928	1
0.05683	0
0.062187	0
0.061078	0
0.059158	0
0.065286	0
0.060886	0
0.480558	1
0.075595	0
0.265024	0
0.062616	0
0.055316	0
0.582237	0
0.058352	0
0.076225	0
0.074912	0
0.060755	0
0.057224	0
0.056758	0
0.056455	0
0.064089	0
0.632559	1
0.63406	1
0.624057	1
0.057692	0
0.062139	0
0.421337	1
0.057724	0
0.064784	0
0.064547	0
0.637639	1
0.614722	1
0.063048	0
0.057555	0
0.060201	0
0.069754	0
0.057451	0
0.627513	1
0.056546	0
0.058444	0
0.060568	0
0.066196	0
0.085732	1
0.061975	0
0.06602	0
0.058435	0
0.060416	0
0.057784	0
0.075516	1
0.058074	0
0.058083	0
0.639904	1
0.056964	0
0.058077	0
0.055129	0
0.460337	1
0.058041	0
0.458552	1
0.060372	0
0.057483	0
0.072962	0
0.448463	1
0.058476	0
0.394229	1
0.617934	1
0.473264	0
0.063673	0
0.397195	1
0.057889	0
0.057125	0
0.058232	0
0.280058	1
0.060346	0
0.058293	0
0.058025	0
0.366379	1
0.06294	0
0.621811	0
0.630236	0
0.059942	0
0.069043	0
0.062224	0
0.058549	0
0.068373	1
0.607303	1
0.178431	0
0.062036	0
0.060173	0
0.302475	1
0.056689	0
0.058175	0
0.400467	1
0.057273	0
0.057892	0
0.06508	0
0.056729	0
0.422755	1
0.621256	0
0.320377	1
0.060415	0
0.056483	0
0.060021	0
0.059533	0
0.085307	1
0.077645	0
0.065393	0
0.213888	0
0.06008	0
0.290841	1
0.100388	1
0.063512	0
0.06822	0
0.059487	0
0.058107	1
0.084515	0
0.061111	0
0.489438	0
0.078211	0
0.05914	0
0.329778	0
0.060796	0
0.205235	0
0.067617	0
0.62896	1
0.056714	0
0.060616	0
0.639299	1
0.064128	0
0.056759	0
0.077159	0
0.0746	0
0.059911	0
0.135802	0
0.061393	0
0.066391	0
0.62815	1
0.059411	0
0.630838	1
0.058498	0
0.059889	0
0.056762	0
0.060398	0
0.060197	0
0.057611	0
0.625462	0
0.055769	0
0.058064	0
0.065966	0
0.201205	0
0.063963	0
0.628861	1
0.585375	0
0.05834	0
0.060396	0
0.060148	0
0.058129	0
0.059951	0
0.066015	0
0.072083	0
0.060041	0
0.630572	0
0.057744	0
0.082467	0
0.633259	0
0.065453	0
0.058535	0
0.059041	0
0.057891	0
0.068845	0
0.163603	0
0.057064	0
0.060318	0
0.056775	0
0.594157	0
0.057778	0
0.058302	0
0.06299	0
0.105021	0
0.061605	0
0.233265	0
0.057135	0
0.061007	0
0.05734	0
0.059492	0
0.095055	0
0.056639	0
0.617483	1
0.058094	0
0.058142	0
0.502747	0
0.070162	1
0.598554	0
0.078443	0
0.059123	0
0.301985	0
0.059172	0
0.058549	0
0.063049	0
0.056356	0
0.064274	0
0.068314	0
0.485529	1
0.068196	0
0.059275	0
0.057917	0
0.081006	0
0.631362	0
0.642236	1
0.557317	1
0.073477	0
0.480129	0
0.580961	1
0.059788	0
0.064764	0
0.568439	1
0.320186	0
0.113129	1
0.063971	0
0.087409	0
0.057134	0
0.059503	0
0.061406	0
0.061126	0
0.623378	1
0.059291	0
0.060841	0
0.059267	0
0.05931	0
0.382323	0
0.062399	0
0.105519	1
0.062705	0
0.057892	0
0.058214	0
0.056684	0
0.07634	0
0.056901	0
0.058146	0
0.275508	1
0.637807	1
0.05872	0
0.405618	1
0.403328	1
0.06255	0
0.118009	1
0.619183	1
0.063443	1
0.059103	0
0.058751	0
0.0599	0
0.07721	0
0.059716	0
0.609232	1
0.076605	1
0.05783	0
0.056378	0
0.057945	0
0.327928	0
0.060518	0
0.064842	0
0.05815	0
0.064375	0
0.092382	1
0.062471	0
0.066247	0
0.520795	1
0.110956	0
0.591179	0
0.05796	0
0.061117	0
0.632716	1
0.63421	1
0.081717	1
0.607815	1
0.057928	0
0.059219	0
0.05916	0
0.063909	0
0.057736	0
0.628985	0
0.411915	1
0.058447	0
0.061194	0
0.057311	0
0.060981	0
0.06282	0
0.434882	0
0.058878	0
0.058488	0
0.057387	0
0.072246	0
0.065869	0
0.057357	0
0.058855	0
0.060559	0
0.058852	0
0.060913	0
0.632344	0
0.05586	0
0.056653	0
0.116087	0
0.351771	1
0.057794	0
0.067834	0
0.468426	1
0.065911	0
0.057577	0
0.059517	0
0.058373	0
0.225681	1
0.062957	0
0.115474	1
0.071096	0
0.060928	0
0.060913	0
0.06599	0
0.065487	0
0.059769	0
0.059268	0
0.497432	1
0.122084	0
0.058622	0
0.056212	0
0.057196	0
0.603878	1
0.078706	1
0.060195	0
0.057934	0
0.436621	1
0.058535	0
0.057693	0
0.072007	0
0.063	0
0.059471	0
0.064017	0
0.056113	0
0.058812	0
0.06123	0
0.5646	1
0.060937	0
0.062473	0
0.068328	0
0.058942	0
0.057329	0
0.058259	0
0.634188	1
0.386957	0
0.057607	0
0.62377	0
0.626021	1
0.229541	1
0.638695	1
0.058218	0
0.336595	1
0.329047	1
0.086663	0
0.057705	0
0.3705	1
0.082737	1
0.061629	0
0.088235	0
0.061378	0
0.060815	0
0.062324	0
0.366611	1
0.601111	1
0.058662	0
0.058543	0
0.058162	0
0.061832	0
0.110445	0
0.107058	1
0.058114	0
0.057903	0
0.068781	0
0.056012	0
0.069776	0
0.068951	0
0.064554	0
0.485031	1
0.126901	1
0.058026	0
0.065529	0
0.603157	1
0.061056	0
0.245418	1
0.060694	0
0.060911	0
0.05993	0
0.05974	0
0.064416	0
0.06035	0
0.103763	0
0.325784	0
0.061374	0
0.05751	0
0.056141	0
0.059456	0
0.057069	0
0.056248	0
0.630518	0
0.060455	0
0.060918	0
0.057198	0
0.060289	0
0.604085	0
0.45796	1
0.606263	0
0.059062	0
0.058245	0
0.058966	0
0.058926	0
0.05762	0
0.061544	0
0.059021	0
0.057039	0
0.05818	0
0.248231	0
0.056763	0
0.522975	0
0.061694	0
0.064035	0
0.617164	0
0.580432	0
0.563849	1
0.308578	1
0.074344	0
0.629709	0
0.605677	1
0.058166	0
0.610519	0
0.090582	0
0.317786	1
0.639868	1
0.059627	0
0.057423	0
0.062549	0
0.069139	0
0.062578	0
0.059975	0
0.057636	0
0.056946	0
0.062695	0
0.594614	1
0.057675	0
0.065013	0
0.062446	0
0.062895	0
0.059189	0
0.436995	0
0.637167	1
0.13297	0
0.063651	0
0.05795	0
0.380906	0
0.067029	0
0.070297	0
0.059126	0
0.451053	0
0.065714	0
0.059499	0
0.057608	0
0.058467	0
0.058657	0
0.468603	0
0.638628	1
0.061658	0
0.058969	0
0.063421	0
0.060459	0
0.057693	0
0.05892	0
0.060584	0
0.057493	0
0.058341	0
0.057159	0
0.056719	0
0.057908	0
0.058552	0
0.407363	1
0.057066	0
0.060577	0
0.057517	0
0.096361	0
0.059743	0
0.056221	0
0.399333	0
0.226565	1
0.061784	0
0.057876	0
0.096683	0
0.058551	0
0.056122	0
0.056527	0
0.061278	0
0.059181	0
0.060734	0
0.058036	0
0.060155	0
0.484559	1
0.059753	0
0.061088	0
0.43879	1
0.061884	0
0.056744	0
0.596192	0
0.056748	0
0.061136	0
0.056407	0
0.05795	0
0.058207	0
0.588806	0
0.090658	0
0.070573	0
0.630913	1
0.062808	0
0.631344	1
0.058906	0
0.063848	0
0.056646	0
0.292822	1
0.058188	0
0.059641	0
0.065299	0
0.057978	0
0.637473	1
0.610977	1
0.056511	0
0.640286	1
0.058964	0
0.058638	0
0.423349	0
0.056366	0
0.060563	0
0.073358	0
0.057687	0
0.061594	0
0.057077	0
0.059827	0
0.059374	0
0.059625	0
0.065713	0
0.059216	0
0.07792	0
0.522623	1
0.059132	0
0.059011	0
0.099937	0
0.417059	1
0.055797	0
0.05928	0
0.074956	0
0.061092	0
0.06314	0
0.065362	0
0.058443	0
0.639851	1
0.395676	0
0.613736	1
0.057794	0
0.058468	0
0.057778	0
0.063126	0
0.070934	1
0.28781	0
0.057803	0
0.077096	0
0.057841	0
0.058165	0
0.058324	0
0.05962	0
0.081934	0
0.583844	0
0.137884	0
0.069087	0
0.398484	1
0.063458	0
0.058673	0
0.056779	0
0.069725	0
0.058978	0
0.057152	0
0.061659	0
0.061424	0
0.060017	0
0.057416	0
0.056964	0
0.061197	0
0.060985	0
0.060426	0
0.057974	0
0.084514	0
0.056401	0
0.058064	0
0.057998	0
0.063155	0
0.334186	1
0.059265	0
0.073198	0
0.311309	0
0.062309	0
0.057124	0
0.059231	0
0.061139	0
0.058738	0
0.058298	0
0.449838	1
0.056594	0
0.057884	0
0.067323	0
0.063731	0
0.059252	0
0.062765	0
0.058492	0
0.05952	0
0.057708	0
0.059534	0
0.301061	0
0.101197	0
0.060812	0
0.058637	0
0.602791	1
0.61408	0
0.619253	1
0.060486	1
0.061268	0
0.059122	0
0.353749	0
0.174786	1
0.089131	0
0.06355	0
0.615199	1
0.059237	0
0.057284	0
0.060598	0
0.060187	0
0.058782	0
0.596461	1
0.097234	0
0.502008	0
0.090731	1
0.058656	0
0.056719	0
0.633892	1
0.060044	0
0.104727	0
0.058742	0
0.418772	1
0.074941	0
0.058068	0
0.056942	0
0.057437	0
0.062065	0
0.058113	0
0.6351	0
0.058424	0
0.06989	0
0.613193	0
0.610422	0
0.625388	0
0.059694	0
0.068269	0
0.626157	1
0.058815	0
0.058419	0
0.060221	0
0.06018	0
0.06172	0
0.059639	0
0.296606	0
0.296787	1
0.058036	0
0.061166	0
0.60801	1
0.058492	0
0.06237	0
0.546402	1
0.063241	1
0.070556	0
0.076042	0
0.066532	0
0.061271	0
0.460174	1
0.068876	0
0.057394	0
0.6351	1
0.057306	0
0.635325	1
0.095284	0
0.634921	1
0.533884	0
0.071358	0
0.429459	0
0.060728	0
0.063369	0
0.067644	0
0.082701	1
0.062098	0
0.069915	0
0.629452	1
0.057693	0
0.213319	0
0.058024	0
0.058459	0
0.058278	0
0.632369	0
0.065947	0
0.057608	0
0.056022	0
0.063337	0
0.082043	0
0.629692	1
0.056784	0
0.066419	1
0.057827	0
0.058643	0
0.061468	0
0.056379	0
0.063679	0
0.058203	0
0.068175	0
0.061591	0
0.639149	1
0.062206	0
0.061911	0
0.595902	0
0.623995	0
0.057991	0
0.064271	0
0.059784	0
0.570423	0
0.058798	0
0.624354	0
0.056527	0
0.057749	0
0.060282	0
0.065561	0
0.060885	0
0.056755	0
0.060406	0
0.059997	0
0.620807	1
0.539868	0
0.067092	0
0.06004	0
0.060743	0
0.06358	0
0.060092	0
0.293009	1
0.057204	0
0.090314	0
0.056983	0
0.056659	0
0.059769	0
0.598765	1
0.06543	0
0.60554	0
0.107673	0
0.058916	0
0.088524	0
0.639131	1
0.069219	0
0.056581	0
0.058157	0
0.191649	0
0.060748	0
0.574584	1
0.057373	0
0.070827	0
0.370241	0
0.064502	0
0.058781	0
0.058243	0
0.062512	0
0.057493	0
0.585849	0
0.059476	0
0.062056	0
0.061569	0
0.057999	0
0.062941	0
0.060181	0
0.183893	0
0.06328	0
0.066911	0
0.057939	0
0.083378	1
0.055555	0
0.05972	0
0.060789	0
0.058372	0
0.064321	0
0.061016	0
0.058597	0
0.37097	1
0.06359	1
0.057164	0
0.144218	0
0.144394	0
0.060414	0
0.631064	1
0.455495	0
0.058629	0
0.059481	0
0.063102	0
0.057103	0
0.05854	0
0.43863	1
0.087865	0
0.05948	0
0.059338	0
0.068238	0
0.05963	0
0.065409	0
0.05815	0
0.059998	0
0.056421	0
0.477692	0
0.05805	0
0.057701	0
0.057861	0
0.065178	0
0.258894	1
0.640059	1
0.059422	0
0.060365	0
0.612511	0
0.05739	0
0.059664	0
0.400525	0
0.061558	0
0.633031	1
0.622241	0
0.060661	0
0.059138	0
0.121878	0
0.057708	0
0.056534	0
0.063614	0
0.057881	0
0.059624	0
0.060206	0
0.057354	0
0.062429	0
0.619202	0
0.058528	0
0.06692	0
0.638103	1
0.056698	0
0.059147	0
0.056506	0
0.073688	0
0.056117	0
0.496117	0
0.059066	0
0.083776	1
0.061058	0
0.074768	0
0.05887	0
0.058692	0
0.058694	0
0.058348	0
0.092752	1
0.058114	0
0.057886	0
0.062126	0
0.057282	0
0.061681	0
0.064808	0
0.058143	0
0.06372	1
0.064783	0
0.058509	0
0.0596	0
0.063716	0
0.309063	0
0.062699	0
0.062388	0
0.058065	0
0.057386	0
0.057374	0
0.558577	1
0.071202	0
0.059397	0
0.058016	0
0.058915	0
0.057474	0
0.627479	0
0.057695	0
0.060264	0
0.183547	1
0.118292	0
0.05884	0
0.063061	0
0.059282	0
0.058758	0
0.061791	0
0.203657	1
0.455825	1
0.05845	0
0.060109	0
0.364829	1
0.127592	1
0.059348	0
0.591834	1
0.059157	0
0.056268	0
0.059533	0
0.057147	0
0.0594	0
0.057773	0
0.592762	0
0.05886	0
0.135447	0
0.074594	1
0.382206	1
0.061379	0
0.058378	1
0.057549	0
0.058528	0
0.058879	0
0.636709	1
0.388654	0
0.061832	0
0.059708	0
0.058508	0
0.388955	0
0.060973	0
0.459893	1
0.058583	0
0.065746	0
0.057608	0
0.059384	0
0.056024	0
0.058185	0
0.05735	0
0.440041	0
0.059275	0
0.057699	0
0.057939	0
0.094632	0
0.532443	0
0.070538	0
0.058965	0
0.058343	0
0.581088	0
0.268696	0
0.058744	0
0.058	0
0.056861	0
0.061334	0
0.070046	0
0.062721	0
0.483473	1
0.063399	0
0.578034	1
0.491101	0
0.057618	0
0.057025	0
0.076358	0
0.613369	0
0.062992	0
0.3217	0
0.066156	0
0.105488	0
0.058544	0
0.071118	0
0.061126	0
0.057836	0
0.056731	0
0.057812	0
0.060248	0
0.638026	0
0.060664	0
0.066961	0
0.065073	0
0.058948	0
0.056733	0
0.060349	0
0.059504	0
0.056425	0
0.63807	0
0.057934	0
0.057675	0
0.059301	0
0.0573	0
0.057157	0
0.411462	1
0.47848	1
0.057718	0
0.104706	0
0.056449	0
0.058935	0
0.616897	1
0.05631	0
0.059501	0
0.081479	0
0.059581	0
0.626891	1
0.058112	0
0.06543	0
0.059573	0
0.612352	1
0.056826	0
0.064012	0
0.060311	0
0.059378	0
0.620739	1
0.061644	0
0.139102	0
0.057399	0
0.061177	0
0.057681	0
0.4812	0
0.05603	0
0.574238	0
0.075215	0
0.056373	0
0.057875	0
0.057676	0
0.372109	1
0.062993	0
0.45841	1
0.061481	0
0.056855	0
0.057876	0
0.056935	0
0.058497	0
0.062355	0
0.058057	0
0.071231	0
0.059829	0
0.057495	0
0.05805	0
0.058514	0
0.058375	0
0.61315	1
0.058721	0
0.063448	0
0.058036	0
0.062699	0
0.05877	0
0.061552	0
0.071007	1
0.600192	1
0.423886	1
0.339483	0
0.056448	0
0.057738	0
0.059515	0
0.057014	0
0.056879	0
0.057097	0
0.058439	0
0.058798	0
0.633701	0
0.060406	0
0.618736	1
0.057748	0
0.613871	1
0.579201	0
0.06249	0
0.06554	0
0.060868	0
0.068279	0
0.063826	0
0.060916	0
0.056992	0
0.639169	0
0.058007	0
0.058267	0
0.057567	0
0.058571	0
0.619445	1
0.057453	0
0.064229	0
0.495086	1
0.429389	0
0.406751	0
0.062572	0
0.061373	0
0.058556	0
0.056942	0
0.0576	0
0.065224	0
0.057858	0
0.058016	0
0.634035	0
0.078706	0
0.642777	1
0.058075	0
0.077247	1
0.059351	0
0.062223	0
0.057923	0
0.300243	0
0.058823	0
0.607911	0
0.059084	0
0.635603	1
0.083645	0
0.060104	0
0.230539	1
0.060018	0
0.057652	0
0.066956	0
0.399797	1
0.072544	0
0.318517	1
0.057315	0
0.091334	0
0.059576	0
0.058161	0
0.056895	0
0.069621	0
0.059316	0
0.062677	0
0.059961	0
0.073194	0
0.057053	0
0.060486	0
0.631561	1
0.208972	1
0.064781	0
0.059265	0
0.625295	1
0.058181	0
0.057317	0
0.627884	1
0.060362	0
0.062577	0
0.124673	0
0.058078	0
0.057756	0
0.091766	0
0.059338	0
0.628029	1
0.057168	0
0.062753	0
0.588513	0
0.05841	0
0.066953	0
0.60521	1
0.057058	0
0.0591	0
0.056085	0
0.344116	1
0.637033	1
0.581765	0
0.385346	1
0.057342	0
0.061162	0
0.6059	0
0.059415	0
0.059397	0
0.058696	0
0.07699	0
0.523256	0
0.057371	0
0.05971	0
0.629148	1
0.444804	0
0.444842	1
0.254316	0
0.060162	0
0.060674	0
0.067491	0
0.059512	0
0.192961	0
0.065407	0
0.059436	0
0.06128	0
0.058946	0
0.620628	0
0.592211	1
0.057361	0
0.058641	0
0.056513	0
0.059916	0
0.063068	0
0.633738	1
0.056943	0
0.062451	0
0.056897	0
0.065774	0
0.059915	0
0.571242	0
0.058321	0
0.062322	0
0.058243	0
0.074184	0
0.057723	0
0.059115	0
0.057025	0
0.057188	0
0.057894	0
0.063913	0
0.057565	0
0.060919	0
0.061595	0
0.470292	0
0.061687	0
0.056956	0
0.056578	0
0.056895	0
0.619609	0
0.062969	0
0.057636	0
0.060472	0
0.061838	0
0.061127	0
0.056696	0
0.064395	0
0.4285	0
0.563622	1
0.056316	0
0.059497	0
0.05821	0
0.059768	0
0.057653	0
0.06554	1
0.056768	0
0.060222	0
0.057234	0
0.063667	0
0.056336	0
0.130531	0
0.057936	0
0.056899	0
0.057722	0
0.05652	0
0.059507	0
0.059839	0
0.058077	0
0.060013	0
0.623923	1
0.058913	0
0.478723	0
0.065597	0
0.059693	0
0.581824	1
0.058646	0
0.609444	1
0.060256	0
0.056309	0
0.059643	0
0.436004	1
0.061356	0
0.057814	0
0.059249	0
0.059099	0
0.057746	0
0.060492	0
0.061156	0
0.074875	0
0.621198	1
0.062248	0
0.057534	0
0.061657	0
0.057171	0
0.314112	1
0.055861	0
0.12552	0
0.058337	0
0.057199	0
0.070955	0
0.063262	0
0.057291	0
0.062624	0
0.058831	0
0.062345	0
0.501568	0
0.064137	0
0.407917	1
0.058453	0
0.080053	0
0.065867	0
0.09258	0
0.060264	0
0.071086	0
0.067849	0
0.251321	1
0.538814	1
0.059239	0
0.367592	1
0.089236	0
0.059092	0
0.058798	0
0.063226	0
0.063081	0
0.057485	0
0.588186	0
0.093022	1
0.06386	0
0.062258	0
0.065175	0
0.056761	0
0.057688	0
0.493022	0
0.057482	0
0.636377	1
0.060158	0
0.057383	0
0.060589	0
0.445704	1
0.059986	0
0.070301	0
0.062002	0
0.063344	0
0.067756	0
0.637094	1
0.058723	0
0.058096	0
0.060974	0
0.060543	0
0.058755	0
0.125628	1
0.05671	0
0.378952	1
0.063287	0
0.05796	0
0.066488	0
0.059026	0
0.639088	1
0.063947	0
0.060111	0
0.095752	1
0.058802	0
0.059722	0
0.056935	0
0.071928	0
0.058294	0
0.058284	0
0.060205	0
0.625312	1
0.071074	0
0.058587	0
0.086092	0
0.059012	0
0.05613	0
0.064607	0
0.058069	0
0.061029	0
0.060285	0
0.057008	0
0.106484	0
0.061933	0
0.42065	1
0.613557	1
0.09617	0
0.065542	0
0.058994	0
0.058768	0
0.056868	0
0.064784	0
0.059489	0
0.057463	0
0.071101	0
0.632236	1
0.493345	1
0.076811	1
0.060748	0
0.058012	0
0.095547	0
0.060891	0
0.633989	1
0.058991	0
0.058749	0
0.061251	0
0.058194	0
0.308671	1
0.069379	0
0.061101	0
0.528731	0
0.055888	0
0.06412	1
0.634544	1
0.056816	0
0.138395	0
0.591168	1
0.058288	0
0.063275	0
0.067287	0
0.629519	1
0.594064	1
0.383496	0
0.327218	1
0.503528	1
0.079803	0
0.057579	0
0.061832	1
0.059504	0
0.059706	0
0.062123	0
0.062077	0
0.06082	0
0.063963	0
0.082042	1
0.060467	0
0.619301	1
0.49207	0
0.057806	0
0.056321	0
0.454721	0
0.062411	0
0.05818	0
0.631913	1
0.061065	0
0.056766	0
0.063712	0
0.056648	0
0.058892	0
0.081125	0
0.059744	0
0.057196	0
0.057269	0
0.401684	1
0.059207	0
0.057997	0
0.057482	0
0.06825	0
0.056427	0
0.578245	1
0.057809	0
0.057054	0
0.058094	0
0.05608	0
0.056102	0
0.06071	0
0.058093	0
0.388201	1
0.057751	0
0.088901	0
0.059629	0
0.06347	0
0.058344	0
0.060764	0
0.058054	0
0.624303	1
0.060059	0
0.058169	0
0.058708	0
0.426381	0
0.06139	0
0.280707	0
0.080799	0
0.626694	1
0.066307	0
0.058003	0
0.059503	0
0.061256	0
0.106008	0
0.058447	0
0.062978	0
0.062203	0
0.056734	0
0.05993	0
0.063509	0
0.067875	0
0.07087	0
0.058472	0
0.066729	0
0.057652	0
0.060053	0
0.424972	1
0.057433	0
0.068876	0
0.05805	0
0.060737	0
0.12927	0
0.056497	0
0.076476	0
0.05742	0
0.061202	0
0.0604	0
0.062767	0
0.060278	0
0.059162	0
0.223726	1
0.224004	0
0.058986	0
0.059852	0
0.06016	0
0.0683	0
0.058104	0
0.060882	0
0.059463	0
0.065101	0
0.05806	0
0.076436	0
0.060603	0
0.060031	0
0.061028	0
0.06658	0
0.057863	0
0.057625	0
0.058869	0
0.068933	0
0.065013	0
0.056781	0
0.059	0
0.066975	0
0.057535	0
0.060054	0
0.05807	0
0.061135	0
0.059225	0
0.063273	0
0.592409	1
0.289817	1
0.060467	0
0.060277	0
0.055943	0
0.056549	0
0.618087	0
0.060913	0
0.0589	0
0.487219	0
0.058222	0
0.059934	0
0.096185	0
0.057425	0
0.267243	1
0.057668	0
0.06464	0
0.207902	0
0.059093	0
0.061456	0
0.059129	0
0.059111	0
0.060745	0
0.05959	0
0.061765	0
0.464385	1
0.056891	0
0.057734	0
0.612733	1
0.057806	0
0.057001	0
0.057748	0
0.523079	0
0.059693	0
0.081826	0
0.05842	0
0.061896	0
0.058867	0
0.060445	0
0.550088	1
0.060811	0
0.060614	0
0.059402	0
0.124592	0
0.062892	0
0.057862	0
0.063282	0
0.45769	0
0.611521	1
0.056459	0
0.448883	0
0.059819	0
0.071447	0
0.083319	0
0.059415	0
0.062039	0
0.061077	0
0.074892	0
0.056355	0
0.059237	0
0.062201	0
0.059986	0
0.608851	1
0.058383	0
0.058171	0
0.097926	0
0.057479	0
0.064074	0
0.357126	1
0.060823	0
0.632818	1
0.056638	0
0.059223	0
0.063237	0
0.060699	0
0.064748	0
0.059991	0
0.057404	0
0.05767	0
0.057943	0
0.096669	0
0.059052	0
0.057025	0
0.061791	0
0.056316	0
0.059053	0
0.060757	0
0.074916	0
0.058133	0
0.061673	0
0.059732	0
0.058178	0
0.058268	0
0.062291	0
0.63062	1
0.063637	0
0.064299	0
0.06515	0
0.063012	0
0.061316	0
0.63157	1
0.058432	0
0.058396	0
0.062187	0
0.057644	0
0.061996	0
0.056697	0
0.058562	0
0.639267	1
0.058495	0
0.056602	0
0.064377	0
0.105246	0
0.060225	0
0.571798	0
0.618955	0
0.058726	0
0.056259	0
0.059102	0
0.057171	0
0.634441	1
0.058497	0
0.151124	1
0.063046	0
0.092927	0
0.504028	0
0.071172	0
0.444677	0
0.058297	0
0.063886	0
0.060659	0
0.05977	0
0.435004	0
0.635091	1
0.087734	0
0.06827	0
0.313611	1
0.057134	0
0.0577	0
0.217592	0
0.568271	1
0.059616	0
0.056698	0
0.062961	0
0.064295	0
0.060663	0
0.066584	0
0.061462	0
0.059305	0
0.069397	0
0.060485	0
0.160819	0
0.360401	0
0.063028	0
0.431371	0
0.058611	0
0.062641	0
0.063002	0
0.057712	0
0.061098	0
0.396106	1
0.625318	1
0.62937	1
0.059447	0
0.060083	0
0.076269	0
0.056416	0
0.05741	0
0.635699	1
0.064495	0
0.617841	0
0.058073	0
0.061415	0
0.610867	0
0.060831	0
0.06661	0
0.059752	0
0.057216	0
0.076622	1
0.076968	1
0.056504	0
0.059394	0
0.058532	0
0.059098	0
0.06134	0
0.060557	0
0.056264	0
0.235624	0
0.058325	0
0.057444	0
0.108015	0
0.611989	1
0.088252	1
0.090101	0
