3.07623e-08	0
1.37289e-05	0
0.000128613	0
2.01127e-09	0
8.64485e-06	0
9.13193e-06	0
2.64237e-09	0
1.93911e-08	0
3.02766e-06	0
0.00012372	0
1.2355e-06	0
1.47578e-05	0
0.000851597	0
0.000359443	0
1.66536e-06	0
2.058e-08	0
2.09638e-05	1
3.30795e-06	0
0.00505427	1
0.000180077	0
2.18271e-06	0
0.0798023	0
0.0039113	0
6.69329e-08	0
1.79398e-06	0
8.688e-06	0
5.48417e-07	0
9.42049e-09	0
0.00069291	0
0.00111001	1
0.200404	0
1.1863e-08	0
1.25346e-05	0
1.694e-05	0
1.79879e-08	0
5.53671e-07	0
0.000534912	1
4.11021e-07	0
6.04703e-07	0
5.28983e-07	0
7.82471e-08	0
3.64283e-06	0
0.00212261	0
2.17047e-06	0
1.69221e-06	0
4.63782e-07	0
2.50025e-08	0
2.426e-06	0
1.67101e-09	0
6.03065e-07	0
7.60858e-09	0
4.05319e-06	0
8.14638e-07	0
0.00184316	1
0.024099	1
1.06007e-06	0
3.03391e-07	0
0.0027629	0
4.46154e-06	0
7.74409e-07	0
5.87846e-07	0
7.26649e-07	0
0.00015585	1
1.64285e-07	0
0.0109091	0
2.50664e-08	0
3.45056e-07	0
5.96654e-08	0
1.07107e-05	0
0.507782	1
0.00216739	0
2.36742e-05	0
1.22163e-06	0
8.39748e-07	0
1.19663e-05	0
1.75979e-07	0
0.000661743	0
4.59053e-05	0
4.55716e-07	0
0.000194136	0
4.8718e-07	0
4.91881e-08	0
1.99826e-08	0
2.89353e-07	0
3.69575e-07	0
9.37655e-06	0
0.478557	1
1.07255e-06	0
5.75954e-08	0
0.224643	0
1.03498e-08	0
0.000401528	1
1.04739e-09	0
0.0152159	0
3.0235e-05	0
7.36172e-07	0
2.3218e-06	0
0.000103261	0
1.63328e-07	0
7.94183e-05	0
4.22121e-06	0
4.82176e-07	0
6.57484e-08	0
1.39067e-07	0
0.000123582	1
0.000155592	0
1.92831e-07	0
1.70275e-10	0
0.00106216	0
2.36708e-06	0
8.35998e-05	0
6.25261e-07	0
0.000512609	0
2.04333e-07	0
2.5602e-05	0
9.40928e-07	0
3.44943e-06	0
0.583779	1
0.0164419	0
0.000169762	0
1.81014e-07	0
0.000368893	1
0.00477784	1
1.25006e-07	0
2.99111e-07	0
3.29891e-06	0
1.62371e-07	0
5.98266e-09	0
1.59491e-06	0
1.21937e-07	0
1.22645e-07	0
9.88985e-05	1
2.16544e-06	0
0.0131026	1
0.314593	0
9.48608e-06	1
1.10054e-08	0
1.37473e-07	0
1.44348e-05	0
7.19881e-09	0
1.2912e-07	0
2.19072e-07	0
1.62234e-06	0
9.21815e-05	1
0.00013446	0
1.65058e-07	0
4.22742e-07	0
2.35854e-06	0
4.69446e-06	0
3.46277e-05	1
1.95366e-08	0
9.42057e-05	0
2.03681e-06	0
1.74484e-05	0
3.76546e-06	0
1.8655e-05	0
2.00022e-08	0
5.97508e-08	0
2.29881e-05	0
5.1716e-08	0
1.07012e-06	0
0.000197139	1
0.247327	0
0.0168339	0
0.0305947	1
0.354844	0
1.38809e-07	1
6.38499e-09	0
4.25044e-07	0
5.93089e-09	0
4.5132e-07	0
9.10441e-09	0
4.39487e-07	0
1.03025e-07	0
2.14502e-08	0
8.17292e-05	0
0.00029772	0
2.53261e-07	0
9.10251e-07	0
5.11524e-08	0
5.63524e-07	0
0.000253453	0
3.884e-08	0
1.54206e-07	0
1.01072e-07	0
1.33074e-06	0
3.05371e-07	0
1.36434e-06	0
9.53237e-08	0
2.64184e-06	0
5.92898e-07	0
5.74476e-07	0
3.05021e-08	0
8.16014e-08	0
5.02267e-05	1
1.60267e-08	0
1.14796e-06	0
3.48229e-08	0
4.24788e-06	0
3.6176e-06	0
4.25693e-05	0
3.38249e-06	0
2.07329e-08	0
4.39952e-06	0
0.533933	0
5.32251e-07	1
0.00175557	0
2.56753e-08	0
7.22417e-08	0
0.0367687	0
2.11263e-08	0
1.11932e-06	0
2.58172e-06	0
4.03571e-07	0
6.81241e-06	0
1.44604e-08	0
4.51071e-09	0
8.40515e-08	0
2.15102e-07	0
1.37095e-05	0
1.55056e-07	0
3.73451e-05	0
4.9667e-08	0
2.92386e-06	0
4.63774e-09	0
0.00250588	1
0.401306	1
4.15093e-06	0
2.52373e-08	0
2.93303e-09	0
0.00270986	1
2.92838e-07	0
1.06279e-06	0
0.560337	0
3.99481e-06	0
1.12089e-06	0
1.03319e-08	0
2.50641e-08	0
8.21375e-06	0
7.61335e-07	0
2.31872e-07	0
1.50931e-07	0
3.91872e-08	0
5.36533e-10	0
0.256774	0
2.81911e-05	0
0.000111892	0
2.43998e-05	0
0.000345826	1
0.00216901	0
4.80336e-06	0
2.24316e-07	0
0.120341	1
3.71289e-07	0
2.03283e-05	0
1.84006e-06	0
2.55834e-06	0
5.4336e-08	0
1.60081e-06	0
1.16425e-05	0
1.18522e-07	0
0.026752	1
4.84725e-07	0
1.52142e-06	0
4.10479e-07	0
1.18528e-05	0
1.23851e-06	0
1.78077e-06	0
3.00976e-06	1
9.64906e-07	0
8.32118e-06	0
2.833e-05	0
0.572796	1
1.42679e-08	0
1.28937e-06	0
0.0144496	0
8.04896e-06	0
4.73616e-07	0
1.28632e-06	1
0.257502	1
0.0302669	1
3.08607e-07	1
0.000208371	0
2.50576e-08	0
5.48359e-05	1
2.79092e-07	0
3.93076e-07	0
0.00058581	0
1.02577e-06	0
5.98834e-08	0
3.81094e-05	1
1.17224e-07	0
0.65019	1
4.03668e-07	0
5.42153e-08	0
9.10887e-09	0
2.86251e-07	0
5.92509e-08	0
6.18064e-08	0
0.000172102	0
1.17547e-05	0
1.18434e-09	0
0.402747	0
0.000150201	0
1.26226e-08	0
0.00977635	1
0.139142	1
5.43832e-05	0
1.07145e-05	0
1.80262e-06	0
6.02439e-05	0
3.02599e-07	0
5.55096e-07	0
1.23361e-06	0
0.00331202	0
1.2589e-06	0
3.18985e-07	0
2.32244e-09	0
0.494583	0
8.57716e-06	0
0.000849344	0
1.34972e-06	0
0.0145143	0
8.05807e-06	0
0.000188898	0
7.42716e-09	0
0.742861	1
0.000111313	0
3.76756e-06	0
8.93101e-08	0
0.329323	0
6.90702e-07	0
0.000379548	0
5.63258e-08	0
0.000106436	0
7.09515e-08	0
3.03988e-06	0
1.45109e-08	0
2.22588e-09	0
2.64478e-07	0
8.82628e-10	0
1.13212e-06	0
0.000266338	0
1.38538e-06	0
2.69503e-08	0
0.00447952	0
0.00134888	0
1.73266e-08	0
1.57454e-06	0
4.48606e-07	0
4.02884e-06	0
7.6765e-08	0
0.020128	1
4.38021e-07	0
0.0634735	1
2.63113e-06	0
0.000569833	0
1.23672e-07	0
0.370458	0
2.01909e-09	0
9.116e-07	0
8.11643e-05	0
9.92668e-07	0
8.87901e-06	0
8.65241e-05	0
5.06854e-07	0
0.00011844	0
0.000224399	0
8.2549e-08	0
4.07135e-05	0
7.15913e-07	0
2.68243e-08	0
5.75862e-08	0
6.62161e-08	0
1.59466e-06	0
0.175434	0
1.11206e-07	0
0.0311353	1
6.17065e-08	0
2.25049e-06	0
3.69221e-07	0
5.23631e-08	0
2.40741e-08	0
0.34545	1
1.0209e-06	0
7.90458e-11	0
3.33816e-05	0
4.07377e-08	0
9.93347e-08	0
0.000821921	1
3.24394e-05	0
0.000135733	0
1.44936e-07	0
2.21767e-07	0
1.07911e-06	0
4.19419e-09	0
8.94854e-10	0
2.1566e-05	0
4.17505e-07	0
7.17825e-07	0
0.0334169	1
5.37163e-07	0
4.11975e-06	0
1.58097e-06	0
1.12608e-07	0
1.37264e-06	0
0.000177274	0
4.53626e-07	0
4.89356e-05	0
7.39724e-06	0
5.96822e-06	0
0.197548	1
1.00853e-07	0
2.19271e-08	0
2.7564e-06	0
1.50268e-06	0
1.00744e-06	0
2.11902e-06	0
8.77711e-06	0
5.64922e-08	0
4.05879e-05	0
6.34904e-07	0
0.000218375	1
8.94795e-05	0
0.00014439	0
2.6776e-08	0
2.63183e-06	0
1.09449e-06	0
1.09467e-05	0
1.16801e-07	0
9.96894e-06	0
1.24929e-06	0
2.39006e-07	0
0.000848333	1
2.88116e-07	0
2.35237e-08	0
1.14486e-05	0
0.0356089	1
5.08198e-08	0
0.000371809	0
3.79065e-07	0
2.61992e-07	0
3.22344e-08	0
5.03586e-07	0
5.96093e-07	0
0.0116347	1
5.89396e-07	0
5.89228e-06	0
1.14449e-07	0
0.198316	0
4.54583e-08	0
3.14598e-07	0
5.17199e-09	0
2.56337e-08	0
0.000380538	1
3.27758e-06	0
5.77928e-08	0
3.94799e-06	0
1.52593e-06	1
8.44146e-08	0
2.42345e-06	0
4.28816e-06	0
5.07325e-05	0
1.77769e-08	0
5.68749e-10	0
6.6692e-07	0
3.13097e-08	0
1.59092e-06	0
4.60684e-05	0
9.27258e-08	0
1.42262e-06	0
1.22486e-06	1
7.42554e-06	0
1.28211e-06	0
4.66081e-07	0
1.09859e-07	0
0.699977	0
1.00749e-06	0
3.58368e-05	0
0.00209866	1
0.0435878	1
2.80627e-07	0
3.94191e-07	0
3.26812e-08	0
0.588676	1
0.92106	0
0.00259007	1
3.48335e-08	0
4.04787e-07	0
5.76463e-07	0
9.18878e-08	0
1.79409e-06	0
0.0528513	1
3.22694e-05	1
0.00016094	0
0.000108033	0
1.16687e-05	0
0.000449581	1
0.000624719	0
6.62857e-07	0
3.38447e-05	1
7.78678e-06	0
9.08283e-09	0
1.15727e-07	0
1.44081e-07	0
2.09449e-08	0
0.000107491	1
3.80109e-07	0
0.566572	1
6.77944e-05	0
4.02032e-08	0
6.27965e-07	0
6.84654e-08	0
0.00040957	1
0.000395106	1
6.05971e-09	0
2.64699e-05	0
7.87144e-06	0
1.29469e-07	0
1.00912e-08	0
0.000599757	0
2.01703e-05	0
3.63753e-06	0
0.0214098	1
1.67281e-06	0
4.9175e-07	0
0.00174127	1
1.20358e-05	0
0.00172541	0
1.8816e-08	0
7.25983e-05	0
2.79655e-06	0
0.310808	1
1.12503e-08	0
0.462827	1
1.75334e-08	0
0.299479	0
1.06732e-07	0
2.39735e-05	0
0.000288574	0
6.34067e-07	0
7.41817e-08	0
1.55144e-05	0
7.72401e-09	0
3.44532e-06	0
1.95961e-07	0
0.533425	1
1.34727e-06	0
5.34919e-07	0
0.00104482	1
5.11548e-08	0
0.0762249	0
1.11384e-07	0
6.85845e-07	0
5.94539e-05	0
1.01136e-07	0
0.00550817	1
1.51404e-05	0
1.41545e-06	0
2.27453e-05	0
1.04297e-05	0
0.55138	1
5.94184e-06	0
1.76538e-05	0
0.21356	0
0.000388116	1
5.07201e-07	0
2.77978e-07	0
1.93823e-06	0
8.09374e-08	0
7.0174e-07	0
1.44338e-07	0
4.21514e-07	0
2.01058e-06	0
1.29734e-05	0
3.63767e-08	0
3.24975e-07	0
4.45131e-05	0
0.443719	0
9.58593e-06	0
1.7783e-05	0
1.05214e-05	0
0.158804	1
0.000641625	1
0.00175693	1
3.53337e-05	1
0.0504245	0
0.0975561	1
0.000203411	0
4.56514e-07	0
0.000109318	0
1.98848e-07	1
1.48631e-08	0
4.50552e-07	0
1.5108e-06	0
5.81876e-08	0
0.00506959	0
4.35049e-06	0
1.69379e-06	0
7.90273e-07	0
0.000725703	1
0.00771262	1
1.22248e-07	0
4.775e-05	0
1.9356e-06	0
3.5955e-06	0
6.40398e-09	0
1.10995e-05	0
0.441722	0
0.00552624	1
0.000551323	1
0.00114977	1
7.01914e-07	0
0.212418	1
0.00100161	1
5.79002e-06	0
9.10362e-07	0
4.79866e-08	0
3.15895e-09	0
1.34132e-06	0
3.36333e-08	0
2.35659e-07	0
8.62037e-07	0
3.72984e-07	0
2.85863e-05	0
2.71466e-07	0
4.68536e-07	0
7.14649e-08	0
3.19571e-08	0
6.1233e-08	0
9.94837e-07	0
3.03346e-07	0
4.67043e-07	0
2.44663e-08	0
5.36e-06	0
2.14551e-08	0
5.61031e-05	0
6.78264e-06	0
0.297163	1
1.57331e-07	0
1.29369e-08	0
3.94954e-07	0
0.0159536	0
0.0442246	1
2.89487e-09	0
4.87289e-08	0
2.30378e-06	0
3.44688e-07	0
0.000863536	0
6.45803e-06	0
0.013649	1
0.00135542	0
6.30597e-05	1
1.92766e-05	1
4.87734e-07	0
0.272156	1
5.6046e-07	0
9.80293e-07	0
6.69162e-08	0
3.45632e-08	0
5.72658e-08	0
3.2075e-05	1
1.09039e-05	0
8.33554e-07	0
1.5656e-05	0
3.63732e-07	0
6.16809e-07	0
0.000462099	0
8.05516e-07	0
0.0127053	1
2.64296e-05	0
2.61828e-06	0
2.05923e-07	0
3.05688e-07	0
1.55109e-06	1
1.16785e-05	0
4.37956e-08	0
1.5031e-07	0
1.34138e-05	0
6.30762e-08	0
1.67282e-06	0
3.42282e-07	0
8.82291e-07	0
0.000278117	1
9.18462e-06	0
1.50463e-05	0
6.07759e-07	0
1.42602e-07	0
0.000839894	0
1.31195e-05	0
9.93141e-06	0
0.00013424	0
0.000216564	0
0.0315008	1
5.01421e-09	0
2.9866e-08	0
0.0105533	0
0.000121684	1
1.01633e-05	0
6.58166e-07	0
1.07805e-06	0
0.000111785	1
1.85852e-06	0
1.48242e-05	0
0.283357	0
3.43549e-05	1
7.52073e-06	0
8.764e-07	0
8.09604e-08	0
0.0262764	1
2.32004e-09	0
3.81655e-07	0
0.275704	1
2.61366e-06	0
4.79128e-07	0
3.60272e-07	0
1.29105e-07	0
5.51845e-07	0
3.5063e-05	0
0.931569	1
0.000748692	0
2.48324e-06	0
2.32405e-09	0
4.39921e-08	0
1.26541e-05	1
0.0164286	1
3.38799e-07	0
9.01745e-08	1
7.13383e-09	0
1.39914e-09	0
0.000178559	1
4.56253e-07	0
6.64653e-07	0
0.00104026	1
0.0389769	1
2.54857e-07	0
6.12286e-07	0
3.03669e-07	0
7.01187e-07	0
2.68296e-06	1
4.11364e-09	0
1.30591e-06	0
0.0768143	1
1.08935e-07	1
4.09598e-09	0
1.26197e-08	0
0.00143994	0
0.000692348	0
0.0634635	0
9.74949e-06	0
3.7059e-05	0
8.22701e-07	0
2.96788e-09	0
2.91068e-05	0
1.46031e-07	0
1.47561e-07	1
3.41777e-08	0
8.33752e-06	0
3.04682e-05	0
3.69622e-05	0
0.00893281	1
4.66811e-09	0
1.3808e-05	0
0.450346	0
7.83647e-05	0
2.2962e-06	0
1.63922e-08	0
1.82062e-06	0
3.20433e-07	0
0.174686	0
1.67162e-07	0
1.09369e-06	0
1.50176e-08	0
1.0102e-06	0
2.00534e-09	0
4.691e-05	0
0.722962	1
9.56003e-08	0
1.98145e-06	0
3.25261e-06	0
4.59498e-07	0
1.82381e-05	0
0.0420421	1
1.04047e-06	0
0.0808628	1
0.00157954	0
8.74721e-10	0
1.70999e-05	0
3.97069e-05	0
5.67546e-09	0
1.17707e-06	0
2.5555e-07	0
4.36439e-08	0
2.349e-07	0
1.10621e-08	0
4.259e-08	0
2.03773e-06	0
1.8054e-08	0
1.95215e-05	1
3.41037e-07	0
3.69517e-07	0
1.35579e-06	0
3.80768e-05	0
1.54363e-09	0
1.87855e-05	0
5.43052e-09	0
1.73084e-07	0
2.37219e-05	0
1.87093e-06	0
1.80537e-06	0
3.46125e-07	0
9.10512e-07	0
1.94117e-05	0
0.170044	1
3.17063e-06	0
3.25433e-07	0
0.00132954	0
0.0120491	0
6.99714e-06	0
1.67259e-06	0
0.00287097	1
3.24295e-07	0
9.25975e-08	0
9.80871e-10	0
9.56664e-05	0
1.52336e-05	0
2.05872e-07	0
7.62815e-06	0
1.19805e-05	0
4.88016e-08	0
6.20673e-07	0
8.26126e-07	0
4.01361e-06	0
8.29025e-05	0
7.00974e-06	1
1.35593e-07	0
3.8731e-05	0
7.25337e-08	0
0.00187079	1
3.58552e-07	0
7.13411e-06	0
2.96191e-07	0
1.91386e-06	0
1.57472e-07	1
7.6126e-06	0
7.15779e-07	0
0.649088	0
7.03612e-07	0
6.49402e-08	0
2.72843e-06	0
4.99363e-06	0
1.19855e-07	0
1.24443e-06	0
5.73323e-07	0
0.000976208	0
3.1976e-07	0
5.20948e-07	0
2.94345e-09	0
7.44563e-08	0
2.14554e-08	0
1.46945e-05	0
6.84569e-08	0
2.06441e-07	0
9.92629e-07	0
5.22098e-10	0
8.99284e-06	0
0.000129736	0
1.59316e-06	0
1.15662e-05	0
2.70949e-07	0
1.86565e-08	0
3.94973e-06	0
1.76474e-05	1
0.000280263	0
4.89409e-07	0
3.15564e-07	0
2.29142e-05	0
9.79723e-10	0
3.13554e-08	0
2.03416e-07	0
4.58518e-08	0
0.769085	1
2.87641e-07	0
8.12793e-08	0
1.43727e-08	0
5.38793e-05	0
7.77698e-06	1
1.43386e-06	0
9.75869e-06	0
4.2418e-07	0
2.91803e-07	0
9.51357e-09	0
5.17505e-06	1
1.30219e-07	0
3.0286e-07	0
2.3697e-05	0
2.14353e-08	0
4.488e-05	0
2.18509e-07	0
1.14218e-08	0
1.08243e-06	0
2.15388e-05	0
2.41317e-06	0
1.66785e-07	0
1.78691e-05	1
1.39659e-05	0
6.78086e-09	0
3.05172e-06	0
8.37694e-10	0
5.30851e-07	0
3.96436e-07	0
9.08036e-07	0
1.28016e-06	0
3.67801e-07	0
0.000552228	1
7.3126e-07	0
0.00344708	1
4.72285e-05	0
0.00382868	1
6.94471e-08	0
0.824588	1
8.03455e-07	0
3.63455e-07	0
5.35453e-11	0
1.70845e-06	0
4.476e-08	0
0.0256025	1
0.00510907	0
1.48613e-08	1
0.00148091	1
2.71257e-07	0
2.10599e-05	0
4.68817e-07	0
5.98578e-06	0
9.66652e-07	0
7.14928e-07	0
1.47497e-08	0
7.42087e-08	0
1.71597e-06	0
7.08687e-05	0
2.41034e-05	0
6.12065e-08	0
2.16352e-09	0
0.000200574	0
9.4096e-06	0
3.64231e-06	0
3.95166e-06	0
1.60148e-08	0
4.82064e-08	0
1.93335e-08	0
7.19252e-07	0
2.55234e-07	0
9.83657e-07	0
5.86435e-06	0
8.18287e-06	1
7.32748e-06	0
1.92294e-06	0
0.00131781	1
3.55658e-08	0
2.97746e-06	0
4.29476e-08	0
7.14357e-07	0
1.98572e-06	0
6.48299e-09	0
1.55955e-07	0
1.19482e-06	0
1.63515e-07	0
1.70541e-05	0
0.0012826	1
1.7294e-06	0
7.5165e-08	0
3.51161e-06	0
0.0159701	0
5.11705e-07	0
2.39878e-06	0
0.0185172	1
0.0122387	0
9.50011e-09	0
0.00194489	0
3.0119e-06	0
7.43168e-07	0
2.5418e-06	0
7.63166e-07	0
1.34635e-05	0
4.40353e-08	0
2.59665e-07	0
6.26605e-05	0
4.65177e-05	1
1.52161e-06	0
4.04777e-07	0
8.73261e-07	0
8.07963e-08	0
2.0282e-07	0
0.625388	1
0.0818785	0
4.47636e-08	0
0.0649077	1
2.52159e-08	0
7.04759e-09	0
6.06471e-07	0
2.51678e-06	0
7.28977e-06	0
3.52611e-05	0
1.63547e-09	0
3.26589e-06	0
2.09829e-08	0
4.80294e-06	0
4.1771e-08	0
0.798026	1
0.20227	1
2.45448e-05	0
0.436051	1
7.69136e-07	0
2.95347e-07	0
2.04149e-06	0
8.47369e-08	0
6.22858e-06	0
0.00576342	0
0.166867	1
0.00731217	1
9.46418e-07	0
5.7123e-08	0
0.000165439	0
8.11432e-10	0
0.00517909	1
6.14728e-07	0
0.000331456	0
3.32594e-06	0
8.58055e-08	0
0.0135392	1
1.0929e-10	0
6.21907e-08	0
6.03261e-08	0
2.99194e-08	0
0.0739864	0
6.37725e-09	0
0.000156869	0
1.14476e-07	0
1.27124e-06	0
0.447604	0
2.40107e-07	0
8.57564e-08	0
1.6251e-09	0
4.81486e-06	0
6.2479e-08	0
0.0401839	0
4.55404e-05	0
4.754e-07	0
3.72609e-06	0
2.20368e-06	0
1.23029e-07	0
9.71372e-06	0
6.28324e-06	0
1.72354e-07	0
5.84353e-08	0
1.01264e-05	0
2.31459e-09	0
1.2275e-05	0
2.37086e-06	0
0.000110797	0
0.000617357	1
2.18357e-08	0
0.211621	0
0.000110251	1
2.09071e-06	1
6.32803e-08	0
0.00370118	1
1.55702e-08	0
2.67492e-07	0
7.03674e-08	0
2.27029e-07	0
1.65134e-06	0
5.45423e-08	0
2.2045e-06	0
1.74703e-08	0
7.49933e-06	0
1.1655e-07	0
3.23771e-05	0
1.83412e-05	0
2.02566e-05	0
2.19843e-06	0
7.60706e-08	0
0.322933	0
0.00894606	0
2.31182e-05	0
0.132788	1
0.000687634	0
4.05676e-07	0
3.81553e-07	0
0.000150981	1
0.79958	1
6.62214e-06	0
0.0213303	0
1.06072e-08	0
0.458663	0
3.88772e-08	0
1.02988e-06	0
1.81188e-06	0
1.02917e-08	0
9.30962e-07	1
3.85751e-07	0
0.000134654	0
2.6888e-08	0
0.0648242	0
6.68063e-09	0
1.78699e-05	0
1.37406e-06	0
2.30651e-08	0
1.11097e-06	0
8.20353e-06	0
2.89456e-06	0
1.11649e-08	0
1.057e-08	0
6.81845e-07	0
0.0916049	1
4.80848e-07	0
6.63303e-07	0
0.297355	1
2.83353e-08	0
7.35945e-11	0
0.000164812	0
2.01065e-05	0
8.75811e-06	0
0.000144609	0
0.00203083	1
0.00218244	1
0.000621731	0
6.86181e-05	0
2.88244e-07	0
8.80129e-06	0
1.73051e-06	0
2.36844e-07	0
0.00232049	0
1.03298e-07	0
1.35572e-05	0
8.95014e-07	0
2.96194e-07	0
3.34421e-05	0
1.8936e-07	0
6.78941e-06	0
7.27e-06	0
1.08767e-06	0
1.3094e-05	0
0.0421143	1
4.20913e-05	0
3.85324e-06	0
9.68698e-06	0
1.07943e-07	1
6.90817e-05	0
1.13296e-07	0
4.29794e-06	0
5.41945e-07	0
5.30132e-09	0
6.15439e-05	1
1.092e-06	0
0.000656986	1
3.2695e-05	0
1.10354e-06	0
2.04367e-06	0
8.31186e-07	0
0.000880224	1
0.016688	1
1.10488e-06	0
1.76855e-07	0
2.42504e-07	1
0.00739445	1
2.07752e-08	0
1.42158e-06	1
1.9908e-08	0
4.41195e-06	1
0.0561663	1
9.86863e-09	0
0.00257459	1
1.19535e-07	1
6.70877e-08	0
6.2204e-09	0
1.66424e-07	0
4.39218e-05	0
2.13739e-06	0
4.90058e-08	0
1.81149e-05	0
2.24868e-06	0
7.58802e-05	1
5.69258e-06	0
0.000503721	0
0.0778075	1
4.71304e-07	0
2.54292e-09	0
6.19914e-06	0
4.71116e-08	0
3.14155e-10	0
8.23185e-07	0
0.2272	1
2.81087e-07	0
0.00568399	1
0.0218497	1
0.000107675	0
0.0459793	0
1.29608e-06	0
3.62866e-05	0
2.11871e-06	0
8.13858e-07	0
2.17081e-06	0
1.74074e-06	0
1.64481e-09	0
1.40752e-05	0
1.22321e-08	0
4.03478e-07	0
4.38772e-06	0
0.018613	0
0.215299	1
0.011466	1
2.80842e-09	0
0.00258803	1
5.37553e-07	0
0.000354512	0
5.84827e-08	0
0.000686872	0
7.38116e-09	0
2.01448e-05	0
4.95999e-07	0
0.0751854	1
1.00248e-07	0
0.0776354	1
9.55525e-07	0
3.84994e-07	0
4.81642e-09	0
5.36159e-06	0
8.44702e-07	0
0.264353	1
3.05883e-07	0
0.785681	1
2.53122e-06	0
1.33354e-07	0
1.95986e-07	0
0.00234588	0
4.87208e-06	0
4.93986e-05	0
6.16982e-05	0
4.67288e-07	0
1.1144e-07	0
5.34841e-08	0
6.99265e-07	0
5.8901e-07	0
3.3741e-05	0
3.02309e-06	0
7.72765e-09	0
2.66272e-06	0
0.00942011	1
0.0741	1
0.383253	0
0.000174079	1
1.93946e-06	0
1.97011e-08	0
0.000171174	0
6.0919e-06	0
6.56286e-05	0
0.00213049	0
9.3705e-06	0
0.0112631	1
2.07862e-06	0
1.61748e-06	0
8.23744e-08	0
2.74302e-06	0
2.76708e-06	0
2.80587e-07	0
5.03882e-08	0
9.92753e-07	0
5.42892e-05	1
5.72979e-06	0
0.0493028	1
5.19686e-10	0
1.21834e-06	0
8.41189e-06	0
1.482e-07	0
2.96519e-06	0
3.21588e-06	0
2.92916e-07	0
0.000173718	0
0.000250853	1
2.50162e-07	0
2.13866e-10	0
7.89732e-09	1
1.60731e-08	0
6.03362e-09	0
1.13395e-06	0
3.50046e-07	0
2.49931e-08	0
0.942253	1
0.014862	0
1.15447e-06	0
2.02538e-07	0
0.000106386	1
2.14034e-06	0
0.216944	0
2.59889e-06	0
6.63816e-05	0
8.83287e-06	0
4.5066e-07	1
2.41153e-07	0
1.69407e-07	0
6.51943e-07	0
3.99646e-06	0
0.0001071	1
5.72607e-07	0
1.95377e-07	0
1.22317e-09	0
0.000124307	1
0.0586197	0
3.39143e-07	0
0.00344801	1
0.000979614	0
0.0136433	0
4.33831e-07	0
2.14121e-09	0
3.13137e-09	0
0.000407631	0
4.62438e-07	0
3.71514e-06	0
0.00352388	0
0.711082	0
4.4391e-07	0
3.00687e-07	0
0.0015422	0
0.000216832	1
2.19902e-06	0
1.7675e-09	0
1.00476e-07	0
1.8747e-07	0
8.57263e-07	0
2.22232e-07	0
4.31376e-08	0
0.00277105	1
0.262911	1
4.05804e-05	0
2.44276e-06	0
3.24812e-05	0
0.0235489	1
0.000689793	1
2.76001e-06	0
0.000258994	1
0.0131622	0
0.000530372	0
1.16848e-07	0
5.20273e-06	0
7.42312e-06	0
6.12739e-09	0
0.806132	0
0.0520523	1
7.02231e-10	0
1.38871e-07	0
1.54889e-07	0
7.42503e-06	0
0.00157856	1
1.38944e-07	0
0.00014094	0
1.79875e-05	0
7.42941e-07	0
1.55382e-05	0
0.0454515	1
2.86287e-08	0
0.126263	1
0.0305172	1
1.21935e-06	0
1.18303e-06	1
6.54785e-07	0
5.37769e-08	0
8.59286e-08	0
2.44666e-05	0
2.08314e-09	0
0.000404609	1
1.29842e-08	0
9.16875e-05	0
0.274149	0
2.21096e-07	0
8.70163e-07	0
1.39075e-06	0
3.7103e-05	0
1.17343e-07	0
1.59481e-06	0
1.46471e-07	0
8.60438e-08	0
0.171307	0
1.3669e-06	0
9.11308e-06	0
4.9071e-05	1
6.46953e-08	0
0.000307717	1
2.51513e-06	0
0.000259133	0
0.0028788	1
0.0871127	0
0.00121892	0
0.00344449	1
6.1408e-05	1
3.37205e-10	0
5.29353e-06	0
1.27005e-07	0
6.58751e-07	0
2.77144e-07	1
6.99987e-08	0
1.85141e-05	0
1.55426e-06	0
2.80021e-06	0
5.58353e-06	0
7.42565e-08	0
2.29126e-08	0
2.67591e-07	0
6.43723e-07	0
0.0489506	0
3.00842e-06	0
3.74331e-07	0
9.70576e-09	0
1.74899e-07	0
1.14458e-06	0
3.50899e-06	0
2.24729e-06	0
2.92853e-06	0
0.00227667	1
1.27664e-09	0
8.27511e-07	0
1.97663e-09	0
3.88321e-06	0
6.95055e-05	1
4.70178e-08	0
6.39562e-07	0
1.57209e-06	0
0.684194	0
0.000688815	1
1.85603e-06	0
0.000347005	0
2.12513e-06	0
1.76047e-07	0
3.39923e-05	0
0.620212	0
1.82106e-10	0
0.00274539	0
0.000140561	0
9.87988e-05	1
2.11187e-07	0
0.700181	1
1.02042e-05	0
6.54228e-06	0
1.76982e-08	0
7.20962e-05	0
9.33242e-07	0
2.55827e-06	0
8.45569e-08	1
0.000639485	1
3.35162e-09	0
4.6814e-07	0
0.712974	1
6.79706e-06	0
4.44139e-05	0
4.14761e-06	1
0.0401561	1
6.12624e-07	0
1.80652e-10	0
3.175e-06	0
1.27536e-06	0
1.84483e-06	0
6.45775e-06	0
7.85928e-07	0
2.9021e-05	0
0.000617356	0
6.03622e-06	0
0.000660058	0
1.66032e-07	0
7.14984e-08	0
1.07384e-08	0
0.571562	1
0.00212095	0
0.00389384	1
2.65376e-10	0
4.295e-08	0
2.04402e-06	0
0.0403507	1
7.60661e-10	0
1.80192e-08	0
5.9881e-10	0
1.76893e-07	0
0.109229	1
0.319476	0
9.6858e-06	0
2.39957e-05	1
5.76143e-08	0
5.204e-07	0
2.34589e-06	0
2.81481e-05	0
3.48901e-07	0
2.28435e-06	0
0.0197256	1
0.00663863	1
1.29522e-06	0
1.43983e-05	0
0.000178546	1
1.83418e-09	0
3.59921e-07	0
0.309373	1
1.53705e-07	0
1.62117e-08	0
7.84232e-07	0
4.08044e-08	0
6.36832e-08	0
6.27394e-07	0
3.80312e-08	0
0.278853	1
0.000262884	1
0.698676	1
2.54138e-07	0
2.20669e-06	0
2.10004e-05	1
9.05466e-05	0
8.95658e-06	0
0.0109813	1
0.0496378	0
0.0103919	0
6.98804e-07	0
0.000115713	0
8.26545e-07	0
1.4876e-08	0
1.19531e-05	0
1.26941e-07	0
1.53756e-05	0
4.15973e-07	0
0.704418	0
6.62107e-07	0
1.08692e-06	0
1.24905e-07	0
6.34822e-10	0
0.316787	1
4.71192e-07	0
1.37132e-07	0
1.51334e-07	0
3.67354e-08	0
8.03777e-08	0
0.0206032	1
7.51625e-05	0
0.00124303	0
0.000100498	0
2.28049e-08	0
0.00023135	0
1.87715e-07	0
0.00187313	1
4.08545e-05	0
0.0015791	0
3.35168e-08	0
0.000114684	0
3.08914e-07	0
1.18671e-07	0
1.91934e-05	0
0.166131	1
0.000267068	0
5.49824e-08	0
0.210677	0
5.94621e-06	0
0.000473303	0
5.64501e-05	1
3.22438e-06	0
0.000775693	0
2.46381e-07	0
1.88839e-06	0
7.53091e-06	0
5.15867e-08	0
2.32957e-08	0
1.68427e-08	0
0.00888683	1
0.000106552	0
5.56055e-06	0
7.47496e-06	0
0.000213403	0
0.00066692	1
1.1181e-06	0
3.86817e-09	0
8.26714e-08	0
3.27805e-09	0
5.11475e-06	0
2.01818e-05	0
0.000256271	0
3.11287e-07	0
1.61588e-07	0
4.25444e-08	0
1.32513e-07	0
1.86847e-07	0
9.45974e-07	0
2.59268e-06	0
2.43978e-06	0
2.63627e-08	1
4.21753e-07	0
7.86949e-08	0
8.38478e-07	0
2.99778e-06	0
7.14976e-09	0
3.18995e-07	0
3.90137e-06	0
1.07491e-05	0
0.00027313	0
5.61795e-06	0
0.000259223	0
1.07921e-05	1
3.62822e-06	0
7.64743e-09	0
0.00105384	1
0.979573	0
3.76943e-08	0
3.86064e-09	0
1.63811e-07	0
1.81447e-06	0
0.000396296	0
2.28875e-05	1
4.26726e-06	0
5.78431e-07	0
2.79615e-06	0
2.69102e-08	0
0.0159089	1
0.00530798	1
9.95384e-08	0
1.43785e-05	0
4.54868e-06	0
6.96865e-08	0
6.3207e-05	0
1.00743e-06	0
1.2049e-05	0
3.21791e-06	0
1.97283e-07	0
1.25799e-06	0
0.754549	0
1.04946e-06	0
0.686172	1
2.80606e-06	0
3.367e-06	0
0.0123802	0
1.99652e-07	0
0.799997	1
1.3477e-06	0
0.0212662	1
8.56037e-07	0
1.5542e-06	0
4.28529e-07	0
0.310017	1
1.05279e-06	0
8.36514e-05	0
2.32714e-05	0
0.00715559	1
4.97083e-05	0
6.62311e-06	0
3.25539e-06	0
0.000236992	0
1.21558e-06	0
2.03159e-14	0
6.04665e-07	0
2.38519e-06	0
0.000714256	0
5.14365e-06	0
6.19817e-07	0
0.0016894	1
3.32225e-06	0
2.57804e-09	0
1.4584e-06	0
0.000532146	0
0.0027489	0
0.0974258	1
1.77859e-06	0
0.00156245	0
4.51378e-07	0
8.6445e-12	0
6.85199e-05	0
2.4338e-07	0
1.43819e-05	0
1.13654e-05	0
3.45215e-05	0
7.8074e-05	0
0.0755729	0
1.62247e-07	0
0.00064064	1
4.44073e-10	0
1.33722e-08	0
0.00305236	1
5.93078e-07	0
1.27029e-05	0
7.30344e-06	0
0.004429	1
6.91163e-07	0
9.26452e-09	0
1.05216e-06	0
4.32022e-05	0
0.00201002	1
7.20842e-08	0
9.5377e-08	0
7.05293e-09	0
1.29132e-09	0
5.71214e-06	0
4.83032e-06	0
4.00716e-06	0
1.81594e-08	0
4.55207e-05	1
1.1525e-06	0
1.75319e-09	0
2.78126e-07	0
5.30458e-08	0
9.86034e-06	0
0.000356658	0
1.03218e-07	0
2.07401e-05	1
8.10514e-08	0
3.42264e-08	0
3.33962e-06	0
9.52148e-09	0
5.66175e-07	0
1.17838e-08	0
2.95535e-08	0
0.00182946	1
7.17273e-08	0
1.78645e-07	0
2.89488e-06	0
2.02224e-07	0
7.06288e-07	0
4.95365e-07	0
4.98418e-05	0
1.27211e-06	0
0.000709115	0
0.0350014	0
0.527841	1
5.62324e-08	0
4.66126e-08	0
0.000208905	0
7.56205e-07	0
1.69014e-05	0
4.43013e-06	0
7.13167e-07	0
0.000127598	0
0.000615136	0
4.09637e-08	0
9.27431e-09	0
2.06428e-08	0
0.000154272	0
1.65228e-07	0
1.35254e-05	0
9.69093e-07	0
8.06783e-07	0
5.76239e-06	1
0.000508514	0
0.00606302	1
4.20496e-08	0
6.4653e-07	0
0.143744	1
1.40207e-06	0
1.37629e-06	0
9.84598e-08	0
2.93051e-06	0
0.0680023	0
1.79046e-06	0
2.73594e-06	1
4.95393e-08	0
1.52228e-08	0
4.53411e-07	0
2.12632e-05	0
0.108584	1
2.43646e-07	0
2.97512e-06	0
1.78065e-07	0
2.16536e-06	0
3.34616e-08	0
2.74402e-07	0
5.1121e-08	0
4.84371e-07	0
7.03301e-06	0
1.20973e-06	0
3.65727e-07	0
0.340911	1
1.96283e-06	0
7.97847e-09	0
0.325556	0
6.31383e-06	0
1.48787e-05	0
2.63503e-07	0
2.11403e-05	1
8.55892e-07	0
0.000539185	0
7.06064e-06	1
1.10013e-07	0
0.00219684	1
8.05078e-05	0
3.50203e-11	0
7.85554e-07	0
2.83371e-05	0
0.0246529	1
4.08882e-07	0
7.74892e-07	0
8.26197e-06	0
2.77824e-07	0
0.0861945	0
0.0148539	1
2.56173e-09	0
8.31231e-07	0
3.86311e-06	0
1.6178e-05	0
6.10555e-06	1
1.0297e-07	0
1.56078e-07	0
8.13649e-06	0
1.91345e-06	0
1.66962e-05	0
6.11509e-05	1
5.95135e-06	0
9.33326e-05	0
0.942687	1
6.89302e-06	0
6.99293e-09	0
2.09525e-06	0
5.07357e-08	0
2.58755e-05	0
4.55529e-06	0
0.00150978	1
5.86983e-07	0
3.62921e-06	0
1.02892e-05	0
0.000486082	1
1.81746e-06	0
9.50908e-10	0
1.60103e-07	0
0.000126158	1
3.69215e-06	0
2.00859e-06	0
2.83369e-06	0
9.6766e-05	1
6.20382e-06	0
0.898537	1
1.16439e-06	0
8.12098e-09	0
0.00102473	1
1.98044e-08	0
2.96984e-06	0
4.44874e-09	0
1.23636e-08	0
2.28837e-05	1
2.35318e-07	0
3.0425e-08	0
4.26239e-06	0
1.7704e-05	0
2.77052e-05	0
0.0779795	0
8.05751e-08	0
2.25183e-05	0
7.42984e-05	0
8.7705e-06	0
2.36837e-05	0
9.05353e-10	0
3.64688e-05	0
2.28143e-07	0
9.74281e-10	0
0.0522205	0
1.20803e-09	0
1.70328e-05	0
3.16744e-07	0
8.14018e-08	0
1.25325e-06	0
0.00116485	1
4.92846e-06	0
5.93924e-09	0
7.16693e-07	0
0.00029414	0
1.99184e-06	0
2.3724e-06	0
0.000417798	1
6.13444e-08	0
4.69479e-06	0
6.36157e-06	0
2.90152e-07	0
1.08235e-07	0
2.28933e-05	0
0.0596935	0
1.43156e-08	0
1.77666e-08	0
7.96195e-08	1
0.000209647	1
5.23328e-08	0
0.000190829	0
8.57634e-08	0
2.66904e-07	0
7.74026e-06	0
0.000197688	0
7.83937e-06	0
0.573058	0
3.91813e-08	0
5.58287e-07	0
1.30688e-08	0
3.38284e-05	0
3.01158e-08	0
3.74856e-07	0
0.850511	1
1.68699e-06	1
9.23287e-06	0
1.12682e-06	0
0.146864	0
5.75802e-06	0
6.56487e-06	0
9.14091e-09	0
0.023406	1
5.45671e-05	0
6.03835e-06	0
2.60258e-06	0
2.19883e-06	0
0.0279439	1
0.0584193	1
8.0371e-08	0
2.24707e-05	0
9.24209e-07	0
8.05788e-07	0
3.89974e-06	0
2.42621e-06	0
1.97887e-07	0
1.72195e-06	0
3.54949e-08	0
4.16588e-08	0
2.83197e-06	0
8.88176e-06	0
9.55754e-06	0
3.85178e-06	0
0.1003	0
1.94801e-07	0
1.30499e-05	1
5.95331e-07	0
5.91286e-07	0
3.48912e-05	0
4.67704e-05	0
2.05511e-06	0
9.36428e-10	0
9.60241e-08	0
3.0451e-06	0
4.86087e-06	0
0.0130649	1
5.04055e-09	0
9.42428e-08	0
3.28185e-07	0
2.70698e-06	0
5.31262e-08	0
0.032423	1
3.41344e-08	0
7.44274e-06	0
3.49667e-06	0
1.55582e-07	0
3.11437e-08	0
7.57914e-07	0
5.04805e-06	0
1.73453e-06	0
2.64026e-06	0
6.99665e-07	0
1.01949e-08	0
1.55589e-05	0
3.97187e-07	0
2.53479e-06	0
1.77272e-05	0
3.16061e-06	0
2.14007e-05	0
1.99456e-06	0
3.5312e-07	0
0.000172619	0
3.275e-07	0
1.3257e-07	0
3.0028e-05	0
4.77709e-06	0
8.54987e-07	0
2.56612e-08	0
6.40395e-06	1
0.0400791	0
0.000545711	1
1.7131e-08	0
2.94009e-07	0
2.42405e-07	0
2.55883e-08	0
8.28626e-07	1
2.0162e-09	0
4.20409e-06	0
2.75676e-08	0
9.37527e-08	0
1.44833e-07	0
3.31233e-06	0
1.03573e-05	0
1.27288e-09	0
2.99637e-07	1
1.2035e-06	0
1.03724e-06	0
2.56719e-07	0
2.00468e-06	0
1.33945e-07	0
1.22998e-05	0
0.00509787	0
2.05817e-07	0
1.90109e-07	1
5.1284e-06	0
4.81041e-06	0
6.58329e-08	0
2.33617e-06	0
1.04697e-07	0
1.79751e-06	0
2.14838e-07	0
4.95384e-07	0
4.66469e-05	0
1.69202e-06	0
5.84377e-07	0
1.1639e-09	0
0.000225888	0
1.20947e-05	0
6.21912e-05	0
0.000171599	0
0.00017495	1
1.18501e-08	0
5.51028e-06	0
2.50789e-06	0
4.43511e-07	0
3.74207e-07	0
0.271904	0
0.061108	0
6.46524e-06	0
1.15834e-05	0
3.79451e-09	0
1.59608e-08	0
6.22947e-07	0
0.00191502	1
7.84095e-07	0
5.49068e-06	0
3.83014e-05	0
0.00297672	1
2.62203e-07	0
0.0760272	1
3.99989e-08	0
9.08027e-06	0
1.93205e-06	0
1.18501e-06	0
1.23516e-07	0
1.96676e-07	0
1.80585e-06	0
4.9746e-08	0
0.00481881	1
0.000494847	1
0.00115701	0
3.1059e-07	0
0.00326115	0
3.91718e-05	0
6.94146e-06	0
6.91792e-07	0
4.54394e-07	0
1.38178e-07	0
2.91461e-07	0
5.86437e-07	0
0.0173112	0
0.00298891	1
1.16858e-06	0
0.00250812	1
2.83017e-07	0
4.28536e-08	0
0.000389058	0
0.819829	1
3.62061e-05	0
9.61006e-06	0
3.63636e-05	1
9.17163e-09	0
2.16877e-10	0
1.22366e-06	0
2.89855e-07	0
1.3647e-06	0
0.000177802	0
2.21215e-06	0
1.77827e-06	0
0.000247123	0
5.2463e-09	0
7.91518e-05	0
1.05259e-06	0
0.0134987	1
1.07171e-05	1
3.41863e-06	0
0.0464064	1
1.44315e-06	0
0.00581572	0
5.6141e-08	0
8.07523e-07	0
8.80134e-08	0
4.46191e-06	0
4.53019e-08	0
4.41675e-06	0
3.56121e-07	0
1.18065e-05	1
1.949e-07	0
4.44181e-06	0
1.55418e-06	0
0.000139716	0
0.0190224	0
1.71259e-06	0
6.3811e-08	0
1.52287e-06	0
1.04666e-07	0
1.94672e-06	0
0.394869	1
5.54557e-08	0
7.86051e-06	0
6.03219e-06	0
1.12508e-07	0
2.63439e-08	0
6.7599e-06	0
2.55671e-07	0
0.0102384	0
0.00121389	0
0.000116377	0
2.59461e-06	0
1.68924e-09	0
4.48395e-08	0
6.49797e-07	0
5.0172e-08	0
3.1799e-06	0
8.62529e-05	1
0.388597	1
3.65905e-08	0
1.17631e-06	0
2.43315e-05	1
6.76689e-08	0
1.76864e-07	0
3.84961e-07	0
1.22825e-05	0
5.22041e-07	0
0.424103	0
1.54554e-07	0
0.451611	1
5.4358e-06	0
0.000942254	1
3.57034e-07	0
1.09937e-05	0
0.0205461	1
1.68629e-07	0
2.89237e-09	0
0.000512291	0
6.04584e-06	0
2.83282e-06	0
2.94154e-06	0
1.33716e-07	0
2.52579e-05	0
4.48081e-08	0
6.64376e-06	0
0.33266	0
1.14743e-05	1
1.74248e-06	0
3.62292e-07	0
3.9035e-08	0
3.25152e-06	0
2.38595e-05	0
0.00160952	0
0.00264964	1
0.451756	0
7.01989e-07	0
3.49235e-08	0
6.28849e-06	0
0.000505656	0
0.007603	1
0.444406	1
2.65358e-06	0
1.45359e-05	1
6.71035e-05	0
0.00723179	1
1.46211e-05	1
1.55982e-06	0
9.57287e-09	0
3.16122e-07	0
3.66809e-07	1
0.0319455	1
6.99792e-06	0
0.000389354	0
1.43404e-06	0
1.90527e-07	0
1.59033e-08	0
0.00280923	0
5.83195e-08	0
6.73133e-06	0
4.116e-07	0
1.54027e-06	0
8.11553e-06	1
0.0122826	1
0.040239	1
1.25538e-06	0
1.68e-05	0
9.94517e-06	0
0.740854	1
1.91429e-05	0
5.60113e-06	0
1.05763e-07	0
1.93325e-06	0
1.93906e-05	0
1.54798e-09	0
2.64861e-08	0
2.22121e-05	0
1.85345e-05	0
1.5266e-06	0
1.45239e-07	0
0.000340403	1
1.38758e-06	0
3.68081e-06	1
2.78181e-06	1
6.03138e-07	0
1.01637e-06	0
6.78457e-07	0
6.40068e-08	0
6.25662e-05	0
2.46269e-06	0
4.5965e-06	0
6.02626e-07	0
1.40489e-05	0
1.14071e-07	0
1.57413e-05	0
0.000110359	0
3.4987e-07	0
1.03818e-06	0
1.10356e-07	0
2.08824e-05	0
9.71948e-07	0
8.52205e-05	0
6.46772e-09	0
6.29048e-06	0
1.348e-07	0
1.56651e-07	0
4.25878e-06	0
9.16354e-08	0
1.30614e-05	0
0.00824909	1
4.48786e-07	0
2.76658e-08	0
4.14092e-08	0
7.87353e-07	1
2.0008e-05	0
0.0163183	0
1.67543e-06	0
5.48678e-07	0
0.0168409	0
8.16964e-09	0
6.98109e-05	0
3.79478e-05	0
0.00724907	0
6.23618e-07	0
6.91236e-09	0
5.26824e-06	1
3.45022e-06	0
0.00101589	0
8.98166e-12	0
1.44643e-07	0
2.13863e-05	0
4.95166e-09	0
4.1048e-07	0
0.549327	0
0.0014617	0
1.67953e-05	0
4.13444e-06	0
0.00810109	0
5.61582e-07	0
0.00270742	1
6.87289e-08	0
0.548615	0
0.000114141	0
1.19877e-07	0
0.00027028	0
1.41173e-06	0
7.32587e-07	0
8.45435e-07	0
0.00265867	1
5.4456e-06	0
7.14836e-06	1
7.56754e-05	0
9.00185e-07	0
1.83617e-07	0
0.0192144	0
2.14004e-06	0
4.97037e-05	1
2.52382e-07	1
1.68022e-07	0
2.65123e-07	0
5.77159e-06	0
0.0129493	1
7.44097e-06	0
9.51758e-05	0
5.51591e-08	0
4.60522e-07	1
0.402147	1
2.32556e-05	1
1.69082e-07	0
6.32473e-07	0
2.05914e-08	0
0.0658818	1
0.000166719	1
1.70951e-09	0
4.68155e-07	0
1.92909e-07	0
3.65081e-07	0
4.13411e-07	0
2.74182e-07	0
0.407392	1
5.06552e-08	0
8.9813e-08	0
2.62863e-06	0
7.43423e-07	0
2.2694e-07	0
0.229382	1
6.23464e-09	0
7.58158e-10	0
9.49029e-06	0
1.20628e-05	0
0.623149	1
4.89157e-06	0
3.44855e-07	0
0.00137345	1
5.65941e-07	0
0.000226621	0
2.16473e-06	0
2.2669e-07	0
4.50777e-06	0
7.1593e-06	0
6.92436e-06	0
0.00272416	0
4.53766e-06	0
1.9163e-08	0
1.96605e-06	0
4.381e-07	0
0.0173191	1
2.49784e-07	0
2.04428e-06	0
1.62475e-08	0
1.32492e-06	0
8.55784e-07	0
4.16783e-08	0
5.94858e-06	0
8.76928e-08	1
2.04365e-06	0
5.40283e-07	0
5.38661e-08	0
6.82358e-07	0
0.000359462	0
1.1495e-06	0
1.39413e-06	0
3.88313e-08	0
7.37414e-07	0
1.87473e-07	0
1.50158e-07	0
7.67838e-05	1
2.62918e-07	0
1.38956e-09	0
4.09816e-08	0
2.174e-09	0
6.14742e-08	0
2.0778e-05	0
1.08112e-06	0
0.288559	1
0.22522	0
2.86861e-08	0
0.635969	1
1.11003e-05	0
1.25838e-06	0
0.00267184	1
8.22307e-05	0
2.86472e-06	0
1.01138e-05	0
1.35415e-07	0
1.0849e-06	0
0.0112421	1
3.34379e-07	0
3.39714e-09	0
2.08296e-06	0
3.70553e-07	0
1.02675e-06	0
9.86435e-06	0
1.88981e-07	0
1.61527e-09	0
7.28959e-05	0
2.15437e-07	0
0.892381	1
1.19679e-05	1
5.80305e-08	0
5.91543e-06	0
6.27847e-06	0
9.84017e-06	0
4.55719e-07	0
3.90291e-10	0
3.8517e-05	0
9.52424e-06	0
0.000105824	0
8.58702e-11	0
5.70566e-07	0
2.88477e-09	0
8.07424e-10	0
3.82386e-05	1
0.00285655	0
6.2935e-05	0
0.0010721	0
2.38834e-06	0
0.000456838	0
1.516e-07	0
2.28389e-06	0
5.24322e-10	0
1.75943e-08	0
8.45303e-06	0
2.20026e-07	0
1.6272e-06	0
6.93959e-07	1
8.50521e-05	1
1.50458e-06	1
1.28075e-09	0
3.30248e-08	0
8.00832e-10	0
2.31152e-08	0
2.44314e-08	0
8.92903e-08	0
5.54433e-09	0
2.39877e-06	0
1.04621e-05	0
1.53145e-06	0
4.36366e-05	1
9.0428e-07	0
8.78042e-05	0
1.95983e-05	0
8.07123e-08	0
9.20207e-08	0
1.11348e-07	0
0.012759	0
3.00143e-07	0
7.53554e-08	0
7.82673e-07	0
8.65106e-06	1
0.00760909	0
3.2498e-08	0
6.79622e-08	0
5.34164e-06	1
0.041792	1
3.58734e-08	0
2.18608e-05	0
8.79101e-05	1
0.000472151	0
0.13232	0
0.831019	0
0.321511	1
0.0804872	0
3.62017e-08	0
1.03646e-05	0
3.34717e-07	0
3.93919e-06	0
1.26216e-06	0
2.9996e-08	0
7.08532e-08	0
2.96722e-06	0
1.59654e-08	0
1.73735e-06	0
4.99261e-08	0
4.36241e-07	0
6.1522e-09	0
2.26903e-07	0
2.92799e-07	0
3.05418e-09	0
0.413358	0
3.78878e-07	0
3.90062e-09	0
2.98976e-05	0
1.66792e-05	0
1.03186e-05	1
0.00861684	1
2.6958e-08	1
5.9459e-06	1
0.00141181	0
1.247e-06	0
0.00821136	0
0.0204683	0
1.15305e-07	0
2.21239e-05	0
7.21743e-07	0
1.94084e-07	0
0.000283093	1
1.37338e-05	0
3.61334e-07	0
3.39846e-09	0
9.97356e-08	0
1.86108e-07	0
0.164322	1
1.7681e-07	0
0.0798405	1
1.13424e-05	0
2.85866e-08	0
5.21666e-06	0
5.55645e-07	0
3.01793e-08	0
0.0601133	0
5.15251e-05	1
1.03981e-06	0
4.90943e-06	1
7.03004e-06	0
3.64689e-05	0
2.02139e-05	0
2.28204e-06	0
2.11549e-08	0
3.89021e-09	0
0.0029075	1
1.86611e-05	0
1.0977e-05	0
2.18989e-10	0
0.129727	0
2.07534e-06	0
3.64862e-05	0
2.13521e-05	0
7.28518e-11	0
9.82242e-09	0
1.49838e-08	0
7.68938e-08	0
3.08547e-07	0
0.0450718	1
0.396063	1
0.00233725	1
1.00434e-08	0
0.000134086	0
7.32634e-07	1
8.65039e-06	0
3.56913e-05	0
6.74415e-09	0
0.00468059	1
0.0019292	1
3.70999e-06	0
3.68454e-05	0
5.9991e-05	0
0.00122949	0
6.59013e-09	0
0.860991	1
0.000101208	0
2.06007e-08	0
0.000295955	0
3.14516e-07	0
2.22268e-05	1
2.50669e-06	0
8.39162e-07	0
2.08965e-06	0
5.62571e-09	0
2.72017e-06	0
4.68653e-06	1
4.28431e-08	0
1.2088e-06	0
0.274624	1
2.50611e-08	0
3.85853e-08	0
0.000381989	1
1.25526e-08	0
0.0302632	1
1.14163e-06	0
4.00858e-07	0
6.13533e-06	0
2.47662e-07	1
5.81815e-08	0
0.000270578	1
0.013728	1
5.43944e-05	0
2.35225e-07	0
0.00847533	1
1.07216e-07	0
1.74151e-06	0
3.60777e-07	0
0.000103211	1
2.70664e-07	0
2.63313e-07	0
1.33359e-09	0
3.39517e-05	1
8.78808e-06	0
0.0674186	0
0.0776071	0
0.000118957	0
2.25596e-05	0
1.34612e-06	0
1.77022e-10	0
0.00357929	1
0.00511392	1
3.23758e-06	0
1.01488e-08	0
2.36795e-06	0
0.00036981	1
6.75999e-09	0
2.54503e-05	0
0.000127793	1
1.31098e-05	0
9.04811e-08	0
4.4051e-06	0
4.69803e-05	0
0.000736958	1
0.355037	0
0.0478165	1
0.00189996	0
3.36767e-06	0
5.19497e-05	0
1.72446e-09	0
2.06429e-07	1
2.40933e-06	0
1.80977e-08	0
9.63367e-07	0
0.000157076	1
2.63301e-05	1
1.14245e-09	0
6.83527e-07	0
0.000122992	1
1.41108e-07	0
7.81125e-06	0
0.000788247	0
6.75747e-08	0
1.91276e-07	0
6.5371e-09	0
0.640355	1
3.47193e-07	0
4.23637e-08	0
0.406449	1
4.69214e-06	0
2.93781e-06	0
5.20943e-07	0
0.000138309	0
1.03236e-06	0
2.86249e-08	0
1.57141e-05	0
2.40457e-07	0
0.0333294	1
1.40278e-07	0
0.0931605	1
9.85447e-08	0
1.4376e-07	0
2.43117e-08	0
5.17439e-07	0
1.79593e-05	0
2.74463e-06	0
0.00466909	0
8.29571e-09	0
6.14379e-06	0
0.00208205	0
1.01209e-06	0
2.92653e-05	0
0.0359536	1
0.0935982	0
6.35479e-06	0
3.59118e-07	0
5.53545e-05	0
1.75452e-06	0
1.54468e-06	0
7.65776e-05	0
1.68679e-06	0
4.34998e-05	0
0.000455238	0
1.41573e-07	0
2.07045e-06	0
0.379559	0
6.21009e-08	0
3.94009e-06	0
4.49173e-06	0
1.40168e-05	0
2.83069e-06	0
7.81596e-06	0
6.79391e-08	0
7.24029e-05	0
5.78599e-08	0
0.00266268	0
8.78056e-06	0
2.21857e-06	0
6.69754e-05	0
5.57591e-07	0
4.04973e-06	0
2.24192e-07	0
1.14095e-06	0
6.47706e-06	0
0.00104035	0
2.77478e-06	0
2.42176e-06	0
0.0918933	1
2.43305e-06	0
1.26059e-05	0
0.00439255	1
1.98351e-05	0
5.01322e-07	0
6.20685e-06	0
3.69958e-07	0
3.15932e-07	0
4.29786e-07	0
8.8362e-07	0
1.89312e-07	0
0.00411113	1
7.35742e-07	0
7.64813e-05	0
3.22973e-08	0
5.74187e-06	0
0.00951413	0
0.728132	1
0.044876	1
3.91736e-08	0
0.00130481	0
0.000492095	1
2.08349e-08	0
2.34205e-07	0
0.0165729	1
8.14618e-05	1
9.2785e-07	0
9.76487e-07	0
2.00123e-07	0
2.89077e-10	0
7.43423e-08	0
2.12894e-06	0
0.703711	1
7.96769e-07	0
2.10024e-05	0
7.029e-07	0
6.02593e-06	0
2.51178e-05	0
3.3417e-05	1
5.71653e-06	0
8.39051e-07	0
4.58425e-06	0
3.70862e-08	0
7.88802e-07	0
1.77643e-06	0
2.02531e-07	0
2.07948e-05	1
0.0105855	1
1.31002e-05	0
5.694e-06	1
8.20001e-05	1
1.01156e-05	0
0.000150837	1
0.0161032	1
9.50316e-08	1
7.47754e-07	0
1.67148e-07	0
6.11373e-08	0
1.66551e-07	0
1.08061e-07	0
0.0471525	1
3.40852e-06	1
3.12442e-11	0
4.4113e-06	0
4.09192e-08	0
9.64332e-06	0
5.6868e-07	0
5.29117e-06	0
3.50101e-08	0
7.16447e-07	0
6.03211e-06	1
1.49516e-07	0
0.000151306	0
0.250752	1
8.91936e-07	0
0.00123868	0
2.23404e-07	0
5.90287e-07	0
0.963964	1
0.429996	1
4.6944e-07	1
0.0137118	1
1.127e-07	0
1.43027e-07	0
1.15016e-06	0
2.16571e-08	0
3.05361e-08	0
0.0413494	0
6.88584e-07	1
1.26282e-06	0
7.13404e-08	0
2.9076e-07	0
0.0180314	0
6.14564e-08	0
0.00158369	0
7.83279e-09	0
1.90714e-05	0
4.10227e-07	0
1.30131e-06	0
3.66873e-08	0
0.00237446	0
1.27473e-06	0
3.18766e-06	0
5.54577e-07	0
2.14224e-07	0
0.0582448	0
4.61098e-07	0
0.000242556	0
0.000325783	1
1.08096e-06	0
7.95495e-10	0
0.000488822	1
1.1444e-06	0
3.9878e-08	0
2.27525e-06	0
2.60666e-06	0
0.0189601	1
2.16557e-06	0
0.000123951	1
0.000609138	0
7.14192e-07	0
2.42039e-07	0
1.85831e-07	0
2.28138e-06	0
3.10488e-09	0
7.28444e-08	0
0.200689	1
7.96198e-05	0
4.97562e-06	0
1.05313e-07	0
4.2939e-07	0
0.0256675	1
2.15882e-05	1
1.04791e-06	0
1.38233e-07	0
0.00270477	1
4.1535e-06	0
2.42703e-06	0
1.144e-05	0
3.06436e-06	0
0.000146015	0
1.25919e-06	0
1.65665e-07	0
1.20863e-07	0
1.25914e-07	0
0.000924686	1
1.43096e-05	0
0.000113266	0
4.98238e-08	0
3.83231e-05	0
7.66924e-08	0
5.82443e-06	0
0.259962	1
2.34986e-06	0
7.40255e-07	0
0.00196672	0
0.0227678	1
8.53047e-05	1
0.442116	1
6.23596e-08	0
0.000149339	1
7.34078e-05	1
4.74804e-06	0
1.17884e-05	0
0.00087548	1
1.47579e-06	1
1.47429e-08	0
6.46261e-06	0
2.38045e-10	0
9.65684e-10	0
0.000622375	0
4.18485e-05	1
0.00501109	1
1.02662e-06	0
6.46893e-06	0
7.33827e-07	0
3.0474e-08	0
3.40963e-05	1
2.02839e-06	0
2.06552e-07	0
9.67749e-06	0
7.37827e-07	0
3.32597e-06	0
4.06099e-08	0
5.61515e-05	0
1.26736e-05	1
5.85852e-07	1
1.69056e-07	0
1.30739e-08	0
0.0170917	1
1.76589e-07	0
1.77585e-05	1
4.59911e-05	0
4.6169e-08	0
2.15612e-07	0
1.12232e-06	0
2.0554e-06	0
3.50496e-08	0
3.99164e-07	0
1.99356e-05	0
5.75519e-08	0
2.71356e-07	0
9.6489e-07	0
5.61778e-08	0
5.86363e-06	0
0.0286284	0
3.5046e-05	0
1.16199e-05	0
7.01011e-07	0
9.97227e-07	0
0.14067	0
0.000234872	1
0.0748581	0
5.03559e-09	0
1.02104e-06	0
2.6116e-09	0
1.5861e-06	0
7.03468e-06	0
1.29498e-07	0
1.77267e-06	0
1.45642e-07	0
4.5558e-05	0
2.44108e-06	0
6.45189e-09	0
0.125632	0
4.13727e-07	0
1.12761e-07	0
0.00146361	0
0.000246659	1
5.93032e-06	1
1.319e-05	0
0.638342	0
0.0177071	1
1.20498e-06	0
4.99163e-05	0
3.88822e-07	0
0.00106916	1
0.0291983	1
1.99731e-08	0
1.75121e-06	0
4.12109e-07	0
2.26631e-06	0
7.5447e-07	0
3.30472e-05	0
3.36169e-11	0
6.96098e-09	0
1.1645e-08	0
0.0210947	1
7.63666e-07	0
4.49052e-06	0
2.90573e-06	0
4.60622e-06	0
2.48197e-08	0
0.0602817	1
4.18749e-06	0
8.94018e-08	0
1.1519e-08	0
0.000182997	0
9.22544e-06	0
1.21014e-05	0
0.000174834	0
2.24585e-05	0
9.61657e-07	0
0.000154729	0
3.2105e-08	0
1.00322e-07	0
8.29685e-07	0
0.778714	1
2.02521e-06	0
1.11327e-06	0
1.22418e-06	0
2.43682e-05	0
7.38066e-07	0
3.57823e-07	0
3.89867e-08	0
1.15909e-08	0
2.7419e-08	0
3.42998e-08	0
1.95903e-07	0
1.45208e-07	0
4.91885e-05	0
0.000259312	1
8.10916e-08	0
0.000340857	0
1.82281e-07	0
1.16905e-07	0
2.51666e-07	0
6.91893e-08	0
8.75619e-08	1
0.004348	0
4.32528e-07	0
5.56578e-06	0
8.49223e-09	0
5.7557e-07	0
5.47401e-09	0
3.62351e-06	0
1.47712e-06	0
7.0402e-09	0
1.00911e-06	0
1.76872e-05	0
0.577504	1
1.17505e-06	0
2.07116e-07	0
0.0278375	1
0.00115269	0
2.67937e-08	0
0.182599	0
9.14679e-06	0
9.08955e-09	0
2.75363e-08	0
6.25798e-07	0
3.22674e-05	0
0.654499	0
1.28568e-05	0
6.68705e-09	0
0.311774	1
1.07012e-05	0
0.532991	1
2.12743e-07	0
1.09346e-06	0
6.36477e-08	0
1.74246e-05	1
3.94917e-05	0
1.15663e-05	0
0.663633	1
0.0148431	1
1.21065e-05	0
0.831329	1
1.22448e-06	0
1.17045e-06	0
0.000170338	0
6.83352e-08	0
1.96442e-07	0
1.95929e-08	0
1.4851e-06	0
1.68884e-08	0
2.61667e-05	0
2.98244e-06	0
5.73375e-07	0
2.96456e-06	0
3.28442e-07	0
0.000540246	0
0.0317417	1
3.07901e-06	0
3.02612e-05	0
3.47768e-06	0
0.00144476	1
7.38966e-05	0
2.12606e-05	0
3.42673e-06	0
8.80916e-06	0
9.76632e-08	0
5.38122e-06	0
1.08168e-06	0
0.546065	1
0.001285	0
0.0453681	1
0.000200943	0
3.47264e-06	0
0.000246065	0
1.27203e-06	0
9.4688e-07	1
1.10936e-05	0
2.92575e-06	0
4.27942e-09	0
2.62904e-06	0
3.59379e-07	0
2.40174e-09	0
2.35382e-08	0
2.37215e-05	0
0.228146	0
2.52806e-06	0
1.91361e-05	0
7.40495e-06	1
9.25906e-05	0
6.16029e-07	0
3.00404e-07	0
1.9289e-08	0
1.3329e-05	0
1.14792e-06	0
2.99345e-07	0
3.8237e-08	0
1.37141e-05	0
9.31653e-07	0
3.1394e-06	0
1.87811e-08	0
4.02939e-08	0
2.39447e-05	0
1.60324e-06	0
4.00909e-06	0
2.27535e-06	0
2.76014e-07	0
3.28519e-06	0
4.5847e-09	0
0.00132239	1
1.27081e-05	0
7.40265e-06	0
4.7048e-07	0
1.51807e-08	0
7.40858e-09	0
4.49367e-05	0
3.77395e-08	0
3.82971e-07	0
0.316304	1
2.60081e-07	0
1.07196e-06	0
9.60528e-08	0
5.2989e-09	0
0.000113958	0
2.45301e-08	0
2.2414e-06	0
2.643e-07	0
1.39795e-05	0
2.918e-05	0
2.77461e-05	0
2.59902e-07	0
3.37383e-08	0
4.91408e-06	0
0.174377	1
0.162954	0
0.0148882	1
2.45167e-07	1
3.01726e-07	0
7.22044e-09	0
1.47012e-05	0
3.12055e-07	1
2.12934e-07	0
8.02671e-08	0
0.423716	1
3.61107e-05	0
3.42055e-08	0
1.3378e-05	0
8.23136e-09	0
5.18209e-08	0
0.00651833	1
1.75113e-06	0
8.49577e-06	0
0.00632254	1
2.16959e-06	0
5.36038e-05	0
0.84512	1
1.74541e-05	0
0.000214378	0
2.02338e-09	0
5.0207e-05	1
6.46573e-07	0
3.86212e-06	0
7.25113e-10	0
2.70882e-07	0
1.89359e-06	0
0.000317953	0
5.39576e-07	0
1.11899e-07	0
0.0990818	0
0.000849711	0
0.686823	0
2.97933e-09	0
1.90993e-06	0
0.371756	1
4.9682e-06	0
5.4817e-09	0
1.109e-07	0
8.85577e-09	0
1.15721e-05	0
9.48527e-08	0
3.26694e-08	0
3.24012e-06	1
5.02822e-08	0
0.00346488	1
2.2509e-09	0
1.15667e-08	0
0.000819103	1
4.28525e-05	1
3.28101e-06	0
3.23393e-09	0
0.000339648	0
4.96402e-05	0
0.0235863	1
0.00183311	0
1.44261e-06	0
0.0349912	1
6.10766e-08	0
0.4939	1
4.53593e-07	0
0.615124	1
0.130837	0
3.89226e-08	0
0.697499	0
5.87641e-08	0
6.7836e-09	0
3.85677e-05	0
1.07754e-07	1
9.8752e-06	0
2.62094e-06	0
0.320854	1
4.27821e-07	0
0.000166442	0
3.40388e-07	0
2.3295e-06	0
5.75943e-09	0
0.0483733	0
8.72948e-09	0
7.59244e-07	0
5.05759e-09	0
2.14027e-05	0
0.166791	1
1.50048e-07	0
0.00140595	1
7.18978e-06	0
5.06213e-10	0
4.58241e-07	0
2.52854e-08	0
9.91994e-09	0
3.87297e-06	0
1.68911e-05	0
1.29926e-05	0
0.186043	1
5.27713e-07	0
4.28619e-06	0
0.143362	0
0.197866	0
7.09362e-06	0
8.66919e-06	0
1.63464e-06	0
0.219204	0
7.3457e-09	0
0.0316172	0
1.1412e-05	0
2.23221e-07	0
3.58109e-06	0
2.42421e-08	0
1.21294e-09	0
3.33715e-05	0
0.00078944	0
1.45769e-05	0
0.0530194	1
0.00109874	0
5.28834e-08	0
0.000641986	0
3.77404e-08	0
7.04782e-05	0
3.83521e-06	0
5.03911e-05	1
1.18297e-05	0
5.75326e-05	0
1.30356e-06	0
6.62747e-09	0
2.46049e-05	0
0.0032662	1
1.06046e-08	0
0.175915	0
0.000109089	0
4.15287e-07	0
0.000538192	0
0.21363	1
3.76974e-05	0
4.4024e-07	0
1.60684e-06	0
2.77672e-07	0
1.20976e-06	0
0.00336343	1
1.69438e-08	0
2.29492e-08	0
1.60877e-06	0
4.4329e-07	0
8.42946e-09	0
1.12667e-06	0
2.78322e-07	0
4.83204e-05	0
0.425891	0
9.49903e-08	0
1.50941e-08	0
2.66365e-07	0
3.53309e-09	0
2.79453e-07	0
1.37273e-05	0
6.95414e-06	0
1.64553e-05	0
5.34819e-05	0
5.70283e-08	0
7.6609e-05	1
4.86261e-09	0
6.59091e-06	0
3.76088e-05	0
0.000262417	0
6.7219e-08	0
5.1738e-09	0
4.49007e-09	0
1.16775e-05	1
0.000425807	1
4.97674e-06	0
1.98237e-08	0
1.74354e-07	0
1.83902e-06	0
0.0022859	1
6.28441e-06	0
2.12517e-05	0
3.28318e-08	0
3.32388e-08	0
3.84302e-07	0
1.1163e-07	0
3.16095e-05	1
1.89833e-07	0
5.07884e-10	0
5.78905e-08	0
1.51888e-05	0
2.22429e-08	0
9.84823e-07	0
7.84002e-07	0
6.96874e-09	0
0.00110846	0
3.67345e-08	0
3.10347e-05	0
0.000119959	0
1.75697e-05	0
4.03446e-06	1
0.403117	1
0.000908203	0
1.13001e-06	0
0.20188	0
1.12268e-05	0
8.14175e-07	0
0.178195	0
7.22089e-08	0
0.0785344	1
0.266435	0
9.06796e-07	0
0.00129447	0
1.86991e-07	0
1.66679e-09	0
3.05805e-06	0
9.54743e-06	0
8.29374e-09	0
5.65878e-06	0
2.74278e-07	0
2.89537e-05	0
0.130828	0
0.000162307	0
0.00134114	0
0.0350569	1
1.08363e-06	0
4.68618e-07	0
1.48186e-06	0
5.70452e-07	0
0.000157851	0
0.00374318	0
2.18906e-05	0
2.1217e-07	1
4.58218e-08	0
4.21436e-05	0
8.17937e-07	0
3.14485e-05	0
3.03165e-07	0
1.17591e-05	0
1.93071e-05	1
1.87247e-08	0
7.87472e-06	0
8.26202e-07	0
3.4124e-07	0
3.61255e-08	0
6.83566e-08	0
2.35171e-07	0
1.02501e-06	1
0.000114778	0
1.16761e-08	0
2.61183e-07	0
2.57147e-07	0
5.31789e-08	0
8.23469e-07	0
3.71658e-08	0
6.58001e-08	0
2.02197e-08	0
0.856348	1
4.49081e-07	0
4.23989e-06	0
1.16354e-07	0
2.32852e-06	0
3.57412e-05	0
0.0226627	0
2.83461e-08	0
2.98391e-08	0
0.00378958	1
3.39158e-07	0
1.54769e-07	0
0.0012907	0
6.99208e-07	0
1.73807e-06	0
0.000376933	0
8.04295e-07	1
0.00622622	1
2.54532e-07	0
1.41829e-06	0
4.43692e-07	1
1.33735e-06	1
1.46821e-07	0
8.12515e-06	1
1.09397e-06	0
4.97465e-08	0
1.82793e-08	0
1.68714e-07	0
1.91095e-07	0
2.14742e-07	0
0.772818	0
1.45242e-08	0
4.65149e-08	0
3.28477e-05	1
0.000702913	1
1.47461e-08	0
7.67566e-06	1
2.93709e-08	0
8.44723e-07	0
0.000990413	0
0.090789	1
1.69735e-07	0
0.00332041	0
0.000150364	0
4.97355e-07	0
3.3274e-08	0
5.87356e-08	0
2.6838e-07	1
5.6834e-06	0
4.5681e-07	0
4.50464e-07	0
1.97045e-06	0
2.47208e-06	0
2.9159e-08	0
8.74481e-08	0
0.000159409	0
1.81407e-07	0
2.37085e-08	0
4.74767e-05	0
0.000215512	0
0.00320684	0
4.9493e-07	0
0.00235042	0
1.4265e-06	0
0.465388	0
0.201571	0
4.38704e-06	0
8.94979e-07	0
5.01911e-07	0
2.76862e-09	0
0.000124747	0
0.000636049	1
4.84554e-06	0
0.0155609	1
0.0662977	0
4.96792e-08	0
2.36457e-07	0
1.75429e-06	0
0.119919	0
4.3469e-06	0
0.0188787	0
3.59402e-07	0
0.000324598	0
1.78913e-06	0
2.46456e-06	0
2.72571e-06	0
9.91154e-06	0
1.26711e-06	0
1.33963e-09	0
9.03312e-05	0
0.0825028	0
6.95203e-05	0
6.52793e-08	0
6.33741e-07	0
7.81839e-06	0
1.76215e-06	0
4.39594e-08	0
6.05281e-07	0
2.29767e-08	0
0.0327535	0
4.66055e-08	0
7.35486e-05	0
9.48407e-07	0
1.30061e-05	0
1.33524e-07	0
0.00419171	1
6.78715e-05	1
1.99978e-08	0
9.52363e-08	0
3.60657e-08	0
0.693167	1
5.23375e-05	0
1.88377e-06	0
3.65581e-07	0
1.00755e-06	0
0.00711584	1
1.82577e-07	0
2.52828e-08	0
1.39555e-09	0
0.00302585	1
0.000706897	0
0.00012522	0
4.28708e-07	0
1.97762e-06	0
0.0403839	1
1.94841e-07	0
4.75048e-06	0
6.55009e-07	0
7.45808e-06	0
2.4799e-07	0
0.0578706	0
1.25354e-07	0
0.0640803	0
3.47585e-08	0
2.53706e-06	0
2.61356e-07	0
6.54177e-08	0
0.0184465	1
1.22534e-08	0
0.00132082	1
1.03402e-06	0
3.71889e-06	0
1.33331e-06	0
4.08963e-08	0
6.02593e-05	0
1.12742e-05	0
3.25456e-07	0
3.28993e-08	0
1.51725e-05	0
1.7992e-06	0
3.22427e-09	0
2.07819e-08	0
2.05529e-06	0
0.00851471	1
8.99683e-05	0
5.41979e-07	0
4.87979e-05	0
9.12116e-08	0
1.00486e-05	0
3.81045e-06	0
0.000154133	1
0.00170226	1
3.47766e-06	1
2.37029e-06	0
1.12514e-07	0
4.5349e-07	0
5.57416e-08	0
9.15014e-06	0
1.49949e-09	0
7.5402e-08	0
1.9057e-07	0
0.139423	0
2.93799e-06	0
0.795525	1
8.43913e-06	0
0.105023	1
0.0316592	0
7.52539e-07	0
4.01567e-06	0
4.12128e-06	0
7.36093e-06	0
0.000305239	0
1.071e-08	0
5.14555e-06	0
0.0193712	0
9.90382e-06	0
9.24293e-06	0
9.62562e-08	0
2.33385e-08	0
0.000516106	1
2.30264e-06	0
0.000635672	0
0.0108847	1
1.71595e-06	0
0.0449002	0
2.66517e-08	0
5.45481e-07	0
3.30824e-05	0
1.16305e-07	0
9.92451e-07	0
4.69764e-07	0
3.74942e-06	0
0.000347369	0
0.589965	0
1.05536e-07	0
0.161663	1
2.44414e-06	0
5.83081e-06	1
4.2368e-08	0
1.3027e-07	0
1.40944e-06	0
1.27292e-07	0
0.538951	0
0.000235853	0
0.00347891	1
6.87922e-08	0
7.65519e-06	0
2.46878e-06	1
9.03207e-06	0
6.68785e-07	0
9.52751e-07	0
2.8116e-06	1
1.58604e-05	1
3.63935e-07	0
1.04208e-06	0
6.27069e-06	0
1.42219e-08	0
6.83381e-06	0
5.94425e-06	0
2.63496e-08	0
1.50836e-06	0
4.5838e-08	0
1.9451e-05	0
2.11532e-09	0
4.20988e-10	0
0.135094	1
0.000618239	1
2.15263e-07	0
7.60723e-06	0
0.00563399	1
4.82808e-09	0
6.38762e-07	0
0.952565	1
6.53022e-06	0
5.73599e-07	0
1.59906e-07	0
5.83634e-09	0
0.00173016	0
7.42767e-08	0
0.123653	1
1.56966e-05	0
0.00222194	0
0.258867	0
1.91949e-07	0
4.61736e-05	0
0.000500439	1
1.64043e-05	0
1.32745e-05	0
1.35137e-05	0
2.30821e-05	1
0.00454119	1
0.125592	1
9.05011e-06	0
2.19653e-05	0
0.635074	0
3.38627e-07	0
1.79436e-06	0
6.25962e-07	0
0.000376833	0
0.0245763	0
6.69066e-06	0
1.79241e-06	0
0.148943	1
0.296406	0
4.09837e-05	1
0.00638268	0
2.02259e-06	0
4.27672e-07	0
4.81638e-08	0
6.91976e-07	0
6.11739e-08	0
2.11263e-09	0
3.55867e-05	0
1.0627e-08	0
2.77051e-08	0
0.000238725	0
0.00062193	1
1.47149e-06	0
2.77888e-05	0
0.00134282	0
6.17047e-10	0
5.80766e-09	0
0.605392	1
5.17093e-07	0
5.96603e-07	0
1.56659e-06	0
5.43583e-07	0
4.65746e-07	0
0.112663	0
2.88137e-06	0
4.60878e-09	0
8.31312e-09	0
1.08303e-05	0
1.97589e-08	0
2.8277e-05	0
1.74444e-09	0
1.20111e-06	0
1.93293e-08	0
3.63726e-06	0
1.28362e-06	0
0.00143117	0
2.49534e-05	0
6.93882e-06	0
1.56555e-07	0
2.42805e-05	0
1.01258e-08	0
4.82746e-08	0
0.141833	0
5.97455e-05	0
7.87056e-07	0
4.42148e-07	0
6.54063e-14	0
1.44678e-05	0
8.10778e-09	0
2.99368e-08	0
4.07475e-05	0
3.54358e-06	1
3.14994e-05	0
9.12175e-09	0
0.0019218	0
1.42168e-07	0
2.09219e-08	0
0.000563306	1
0.000212028	0
7.52825e-06	0
1.06724e-06	0
8.54294e-08	0
5.15106e-06	0
1.61697e-05	0
3.61256e-06	0
2.00698e-06	0
1.01037e-07	0
7.88561e-07	0
6.90644e-07	0
0.000288899	0
3.60279e-06	0
1.29049e-06	0
0.000192364	1
1.01223e-05	0
0.000756793	0
2.83252e-05	0
8.36196e-05	1
4.28181e-07	0
0.226314	1
0.00010947	0
2.69966e-08	0
0.000149862	0
0.0541562	1
3.10834e-06	0
3.86842e-06	0
8.15241e-08	0
5.38224e-07	0
1.72734e-07	0
5.72202e-05	0
4.5013e-07	0
3.25982e-06	0
0.0323571	1
1.52199e-08	0
8.97275e-06	0
9.76458e-07	0
1.13326e-08	0
8.03485e-06	1
2.19562e-07	0
7.13265e-06	0
1.06217e-07	0
1.8323e-07	0
1.14694e-05	0
4.69898e-08	0
3.41723e-08	0
1.32003e-07	0
6.88597e-07	0
2.83408e-08	0
2.91514e-06	0
0.00593345	1
1.41606e-06	0
1.89736e-05	0
1.40016e-07	0
2.71646e-05	0
1.18597e-06	0
1.01207e-07	0
3.7705e-06	0
0.000212484	1
7.87687e-05	1
1.1356e-06	0
0.000661285	1
0.000155211	0
9.56156e-09	0
1.02197e-05	0
1.02843e-07	0
6.92076e-07	0
0.00528031	0
0.746596	0
2.32173e-06	1
2.88068e-06	0
2.88896e-07	0
1.47014e-05	0
6.14732e-07	0
6.77669e-09	0
0.000538386	0
6.57076e-07	0
0.206138	1
1.99355e-10	0
2.25142e-07	0
3.16901e-08	0
1.07238e-05	1
4.90072e-08	0
3.08517e-09	0
1.6585e-07	0
1.99976e-06	0
9.58927e-08	0
0.458711	1
1.0656e-07	0
7.29411e-06	0
1.029e-05	0
1.19934e-07	0
3.54765e-08	0
1.52585e-05	1
1.48369e-07	0
0.00725426	1
1.41312e-06	0
6.76234e-06	0
4.58406e-09	0
1.98247e-07	0
0.0756251	1
1.02289e-06	0
1.58217e-05	0
0.00316355	1
4.81272e-08	0
8.45038e-05	0
9.64663e-09	0
1.10105e-06	0
8.34191e-08	0
1.74377e-06	0
0.139137	1
1.7124e-08	0
2.61951e-09	0
6.15863e-06	0
7.87237e-06	0
1.09056e-07	0
5.78816e-08	0
9.89521e-08	0
3.80024e-07	0
6.86162e-06	0
2.21664e-07	0
7.91205e-07	0
8.20227e-06	0
0.000282493	1
0.343794	1
8.50216e-07	0
0.000249061	0
1.75654e-05	0
4.31025e-06	0
1.21268e-08	0
9.78415e-08	0
9.57864e-09	0
1.81763e-06	0
0.00157353	0
0.0485066	1
0.0118245	1
1.95004e-06	1
2.70398e-09	0
4.60052e-06	0
2.2798e-07	0
1.39221e-09	0
0.450143	1
3.4829e-06	0
2.54724e-05	0
2.06668e-06	0
5.90452e-06	0
0.0151471	1
1.89442e-05	0
7.03561e-15	0
0.763064	0
2.80541e-06	0
1.91872e-05	1
0.449636	1
3.73987e-08	0
0.000396366	1
4.37873e-07	0
1.02747e-05	0
5.54169e-07	0
0.196899	1
0.000108046	1
4.34958e-06	1
0.00021181	1
1.48066e-07	0
1.11213e-07	0
4.54219e-08	1
3.25612e-05	0
5.14986e-07	0
6.30434e-07	0
4.77028e-05	0
0.00192361	0
2.23592e-06	0
5.22223e-07	1
1.11235e-09	0
0.644572	1
0.00303553	0
4.53841e-08	0
6.43289e-05	0
0.00038419	0
0.00469552	0
2.36638e-05	0
0.000774207	1
1.23366e-05	0
1.47297e-07	0
1.39659e-05	0
2.70402e-06	0
8.40097e-07	0
6.9307e-06	0
9.66527e-06	0
6.18935e-07	0
2.61908e-07	0
8.87608e-06	1
1.11729e-07	0
1.01406e-07	0
4.99241e-05	0
3.38439e-08	0
4.17081e-06	0
0.0852142	1
6.90677e-07	0
2.79828e-05	0
2.85916e-08	0
2.83301e-05	0
1.39492e-06	0
6.96008e-06	0
6.9932e-08	0
1.27981e-05	1
6.13267e-07	0
6.06631e-07	0
5.11441e-07	0
0.0105775	0
3.88074e-06	0
0.000682122	0
1.17848e-08	0
0.75353	1
1.79623e-06	0
5.07227e-06	0
9.17746e-08	0
1.01025e-05	0
1.14623e-05	0
0.765127	1
5.51255e-05	0
9.88828e-07	0
3.9563e-08	0
0.000103296	0
0.000131615	0
1.00689e-08	0
1.67453e-07	0
2.21666e-07	0
2.17101e-10	0
6.43659e-08	0
3.80998e-07	0
2.66717e-05	0
1.7661e-08	0
6.92072e-08	0
7.9682e-06	0
0.000178883	0
2.2081e-07	0
0.000154844	1
4.27286e-06	0
0.00147212	0
0.0130022	0
1.27956e-07	0
3.09858e-09	0
2.57938e-09	0
3.42188e-06	0
4.9203e-09	0
4.52405e-05	0
7.54348e-06	0
1.1668e-05	0
0.0206433	1
7.10309e-05	0
3.49765e-08	0
1.93263e-08	0
5.52127e-08	0
0.000644665	0
1.30832e-08	0
1.88522e-07	0
2.64978e-08	0
2.57563e-06	0
9.06485e-07	0
1.44438e-07	0
9.31162e-06	0
8.90373e-05	0
4.26373e-05	0
4.52066e-09	0
1.43777e-05	0
0.000364766	0
0.000154376	0
1.21714e-07	0
1.10698e-06	0
2.30827e-07	0
1.11136e-10	0
3.62541e-06	0
5.31531e-08	0
7.07469e-06	0
5.96945e-07	0
5.37517e-08	0
0.140521	1
6.87489e-06	1
1.02862e-07	0
3.80425e-05	0
1.99629e-06	0
2.82796e-07	0
2.4529e-07	0
7.84735e-07	0
1.26903e-05	0
9.82282e-06	0
0.000159411	0
6.88733e-06	0
6.37985e-08	0
3.89622e-05	1
1.10454e-07	0
7.48134e-09	0
5.6251e-07	0
1.4852e-06	0
7.91385e-09	0
9.83436e-08	0
2.83615e-08	0
4.16574e-05	0
3.8115e-05	0
0.000126371	1
1.11174e-06	0
4.43741e-06	0
0.000402936	1
7.17883e-08	0
2.85706e-07	0
2.42106e-07	0
0.322152	0
5.0723e-08	0
0.000451634	0
7.16736e-07	0
8.07025e-08	0
6.64669e-08	0
0.00319157	0
0.000338355	1
7.62034e-06	0
2.65254e-06	0
0.000104276	0
7.11525e-07	0
0.00021539	0
5.8083e-07	0
1.09546e-05	0
0.00117608	0
0.00797354	1
1.73702e-06	0
0.050889	0
3.56407e-07	0
3.11628e-07	0
8.82896e-09	0
7.26746e-09	0
2.201e-05	0
7.51048e-07	0
2.57787e-06	0
3.54935e-07	0
1.29093e-06	0
2.33617e-07	0
8.92618e-07	0
0.282274	1
4.38753e-08	0
2.58512e-07	0
6.44977e-06	0
1.10691e-07	0
2.86528e-07	0
0.0756743	1
3.25152e-06	0
0.465693	1
1.61834e-08	0
1.02973e-07	0
5.83914e-09	0
7.5221e-05	0
1.23089e-07	0
1.51828e-05	0
7.1442e-08	0
4.67636e-06	0
6.58409e-07	0
6.47019e-06	0
3.90205e-06	0
6.08302e-06	0
5.8851e-07	0
2.51653e-09	0
7.34315e-07	0
1.14242e-07	0
1.61211e-07	0
7.02992e-07	0
0.000135512	0
8.16313e-08	0
4.60585e-09	0
5.86667e-08	0
0.377723	1
1.28065e-06	0
7.08795e-05	0
6.48136e-07	0
4.88484e-07	0
1.15407e-06	0
0.248468	1
4.71015e-05	0
2.04269e-05	0
2.53236e-05	0
1.95678e-05	0
3.07788e-05	0
1.1461e-07	0
1.55316e-07	0
0.00125499	1
4.09463e-07	0
2.57075e-07	0
1.29162e-07	0
2.22312e-06	0
8.38694e-07	0
0.0144644	0
0.0659996	0
8.05751e-08	0
1.48805e-08	0
0.000224551	0
1.2881e-06	0
0.0344373	1
1.60188e-07	0
5.52956e-07	1
1.65839e-06	0
5.42647e-07	0
0.0618132	0
6.95857e-05	0
0.000565778	0
0.000125947	0
1.63574e-07	0
1.71471e-05	0
4.31471e-06	0
0.156687	1
2.84515e-07	0
2.98811e-07	0
1.4657e-05	1
2.92601e-06	0
1.77869e-05	0
0.0152168	0
0.00805031	1
5.41848e-08	0
9.56228e-06	0
5.36136e-10	0
5.42615e-06	0
4.66895e-08	0
4.49281e-07	0
1.59889e-09	0
2.37903e-06	0
2.42774e-05	0
2.02268e-06	0
1.63365e-05	0
0.527145	0
6.89003e-05	0
6.35523e-06	0
1.99435e-07	0
3.85797e-07	0
7.25978e-08	0
4.76768e-08	1
0.541468	1
0.0053025	1
6.18854e-06	0
2.63156e-06	0
3.22782e-07	0
7.66982e-05	0
1.22168e-06	0
0.0215715	1
8.09822e-07	0
0.067942	0
8.421e-07	0
5.03927e-07	0
0.159974	0
5.94953e-05	0
1.05778e-06	0
0.00134119	0
1.0226e-05	0
1.70081e-07	1
9.98598e-05	1
2.29782e-10	0
1.69301e-07	0
1.63157e-07	0
3.60793e-05	0
3.19545e-08	0
8.21584e-08	0
1.12487e-06	0
2.4232e-07	0
2.87536e-08	0
3.77728e-07	0
9.53194e-07	0
0.0695164	1
6.45808e-07	1
1.07468e-06	0
