2.0708	0
2.6738	0
2.3289	0
2.3289	0
1.8601	0
2.4276	0
0.8083	0
3.4959	0
5.3501	0
4.1264	0
0.7511	0
5.2245	0
2.1804	0
2.6556	0
2.3795	0
5.9373	0
1.2277	1
15.9787	0
1.3094	0
3.9576	0
7.4719	0
4.719	0
2.0271	0
4.1933	0
15.5439	0
6.4247	0
1.0454	0
13.6019	0
3.7229	0
3.4558	0
4.5131	0
1.8053	0
1.8206	0
2.3658	0
5.9939	0
2.3448	0
4.1945	0
3.4277	0
5.0122	0
5.9125	0
3.2414	0
1.1126	0
1.2173	0
1.2036	0
24.8175	0
2.0258	0
13.9966	0
3.4294	0
1.5287	0
3.6808	0
8.4344	0
2.7523	0
0.9493	0
1.5311	0
2.2805	0
4.2328	0
4.2889	0
2.3423	0
3.3578	0
7.1134	0
25.5312	0
26.9908	1
9.0161	0
20.7147	0
0.9733	0
1.5893	0
2.2677	0
0.6262	0
2.8298	0
11.5629	0
1.6286	0
2.8426	0
1.0827	0
6.2389	0
4.7633	0
2.7049	0
1.9912	0
3.3698	0
19.7995	0
6.9576	0
4.5177	0
0.5802	0
3.9024	0
4.5891	0
1.7435	0
6.23	0
3.0064	0
2.198	0
0.9773	0
3.0154	0
1.5856	0
7.4908	0
11.5082	0
1.591	1
1.5628	0
1.6866	0
5.5764	1
3.9149	0
2.1452	0
4.2105	0
2.517	0
9.9178	0
0.5454	0
4.6244	0
3.0859	0
5.4842	0
5.428	0
1.5567	0
0.3724	0
3.9642	0
4.1174	0
1.4852	0
2.2821	0
2.9152	0
1.983	0
23.1922	1
1.5365	0
4.399	0
13.7363	1
1.1323	0
14.3077	0
3.2938	0
3.9576	0
1.4579	0
7.7013	0
3.0225	0
2.3437	0
2.2109	0
2.1382	0
2.4248	0
3.9229	0
4.4346	0
1.8895	0
0.8169	0
1.25	0
2.759	0
1.9177	0
10.3942	0
4.417	0
2.2152	0
14.1261	0
1.3458	0
3.3518	0
5.0739	0
1.4427	0
1.1071	0
4.1913	0
6.1296	1
16.6789	0
1.0893	0
1.8591	0
7.2416	0
1.0135	0
4.9989	0
7.1574	1
2.9564	0
11.6804	0
7.2645	0
6.7795	0
1.6209	0
14.8768	0
2.746	0
1.1674	0
4.4701	0
2.7548	0
30.0009	1
6.9776	0
1.9312	0
2.3476	0
3.445	0
1.7873	0
6.0504	0
16.1699	0
1.6529	0
2.9965	0
9.7402	0
1.1298	0
2.8298	0
1.9387	0
2.6541	0
17.3641	1
3.3665	0
3.1911	0
6.8057	0
12.3319	0
1.079	0
3.1653	0
0.6965	0
0.3782	0
3.7147	0
10.3107	0
8.6577	0
2.0292	0
1.9518	0
5.4031	0
1.4111	0
2.1706	0
1.5865	0
5.9622	0
7.3633	0
2.4957	0
6.2834	0
2.5401	0
5.2435	0
1.035	0
3.0609	0
2.417	0
1.6708	0
2.829	0
1.3479	0
24.2034	0
2.0126	0
7.8686	0
1.4779	0
22.6009	0
5.0288	0
1.5174	0
4.0561	0
11.0979	0
10.8812	0
3.5367	0
5.9245	0
1.5991	0
1.7249	0
1.0851	0
2.6278	0
1.0349	0
4.6077	0
1.4683	0
1.7768	0
22.6801	1
2.7596	0
11.4636	0
2.6377	0
5.878	0
22.2208	1
2.2343	0
2.2328	0
1.8905	0
1.4388	0
6.2647	0
2.2193	0
5.3651	0
3.9745	0
2.1243	0
18.0264	1
1.6281	0
1.1226	0
3.9166	0
1.6924	0
12.3411	0
2.4475	0
14.6336	1
1.424	0
9.1862	0
4.4415	0
2.2707	0
1.9657	0
4.4982	0
1.7486	0
5.2191	0
0.6866	0
28.5403	1
7.4202	0
3.4908	0
7.2878	0
29.587	0
1.1452	0
4.8714	0
1.7813	0
3.5976	0
13.0541	0
25.0864	0
1.1403	0
4.2937	0
8.4167	0
8.5144	1
12.7175	0
2.4811	0
1.464	0
1.8244	0
24.5618	1
2.7923	0
4.5045	0
2.7622	0
9.6252	0
10.8573	0
12.2483	0
1.9462	0
2.0443	0
13.3713	1
0.9484	0
3.5285	0
8.5551	1
2.2945	0
8.6222	0
3.413	0
2.8952	0
0.706	0
3.6598	0
0.7498	0
3.817	0
3.0967	0
19.637	1
3.1585	0
7.8991	0
9.7038	1
2.2008	0
16.6789	0
1.9975	0
30.9699	1
31.5497	0
5.1676	0
1.8773	0
1.1138	0
5.8694	0
14.089	1
2.2842	0
5.9455	0
3.035	0
5.0958	0
19.2913	0
17.7357	0
0.8103	0
4.4371	0
8.8588	0
14.9637	0
1.4044	0
1.2958	0
3.9576	0
1.2105	0
10.2499	0
3.1807	0
3.6097	0
5.0525	0
4.0471	0
3.9348	0
12.0015	0
1.7218	0
2.9049	0
1.3987	0
7.5602	0
1.5176	0
1.6586	0
8.9235	1
1.6198	0
5.8531	1
2.6928	0
5.3222	0
1.1381	0
1.8371	0
4.9368	0
27.4486	0
33.0105	1
2.6751	0
1.4601	0
21.9436	0
1.8258	0
19.1485	0
1.0755	0
33.9793	0
4.0041	0
2.6794	0
5.4708	0
0.7439	0
17.9762	0
2.4474	0
30.001	1
2.2455	0
8.0127	0
1.0708	0
2.2235	0
3.8997	0
1.9727	0
3.6889	0
18.3985	1
1.8537	0
8.3635	0
4.2447	0
27.9603	0
1.5929	0
2.2333	0
2.1144	0
5.7094	0
1.0327	0
2.576	0
1.5522	0
1.2804	0
1.8302	0
2.7997	0
15.3309	0
1.7506	0
0.32	0
6.3192	0
2.6638	0
4.5606	0
3.5979	0
3.6683	0
1.1701	0
1.4731	0
15.0371	0
14.0974	0
1.0712	0
1.2151	0
5.685	0
2.1748	0
1.6885	0
2.5087	0
11.0754	0
5.5078	0
2.8031	0
1.5421	0
16.3495	1
8.1767	0
1.85	0
5.0613	0
0.6551	0
2.3157	1
7.5809	0
5.3702	0
0.2911	0
19.9246	1
1.4688	0
8.2067	0
0.8289	0
3.7064	0
1.9143	0
0.5958	0
1.4965	0
8.9057	0
1.2471	0
2.3978	0
2.2176	0
1.8734	0
13.085	0
3.8718	0
1.8838	0
3.1415	0
1.6248	0
11.7303	0
1.0525	0
11.8765	0
1.2964	0
0.5105	0
4.2295	0
3.1667	0
1.3738	0
16.3874	1
1.5896	0
5.2253	0
3.3348	0
3.3175	0
1.2844	0
2.9048	1
1.8546	0
7.4733	1
26.0214	1
0.6369	0
33.0105	1
23.8758	0
8.044	1
3.8537	0
2.6878	0
1.4967	0
3.025	0
15.1469	1
10.6381	1
3.666	0
1.6444	0
3.7313	0
2.7649	0
1.4419	0
3.016	1
6.8197	1
2.4362	0
4.1905	0
2.6696	0
6.5237	0
5.6795	0
1.8448	0
1.3759	0
3.5727	0
3.2307	0
2.0274	0
1.9796	0
12.8071	0
1.8865	0
4.2425	0
25.6891	0
13.7203	0
5.8318	0
6.525	1
14.3996	0
1.7906	0
0.741	0
1.5328	0
2.0369	0
20.233	0
8.3906	0
0.6592	0
2.142	0
13.4586	1
2.0356	0
2.0386	0
1.2219	0
1.0995	0
5.2596	0
13.1421	0
1.0627	0
4.5211	0
2.3873	0
3.8685	0
5.7134	1
25.5296	0
4.8382	0
1.6881	0
0.9901	0
1.6508	0
3.1259	0
2.9074	0
4.3454	0
2.1259	0
2.2911	0
8.6598	0
3.2506	0
3.3583	0
4.74	0
3.8879	0
100.0	1
1.6686	0
1.3753	0
1.3298	0
13.0529	0
14.2908	1
7.9701	0
23.284	0
1.1581	0
9.8444	0
5.4354	0
16.2214	0
5.7401	0
7.4289	0
1.0554	0
7.638	0
3.9465	0
1.9033	0
3.181	0
14.3341	0
2.8003	0
4.1397	0
1.4978	0
18.7094	1
5.6069	0
11.3189	0
9.8646	1
4.4718	1
12.063	0
11.1691	0
2.0526	0
8.0827	0
6.0853	0
12.2626	1
7.9521	1
1.9949	0
10.2269	0
0.5437	0
0.102	0
15.2608	0
1.2423	0
8.9396	0
10.9023	1
20.7638	0
33.0111	0
5.5053	0
2.7165	0
11.887	0
30.9699	1
0.7626	1
12.0957	0
6.6617	0
0.7021	0
2.7443	0
2.7028	0
4.7029	0
1.9177	0
1.9851	0
1.9851	0
3.0768	0
2.2077	0
3.0638	0
1.6715	0
5.7145	0
1.7329	0
1.5526	0
3.4856	0
3.0352	0
0.9257	0
16.968	1
9.8489	0
6.2402	0
4.7141	0
0.6664	0
3.0447	0
0.7252	0
2.3366	0
26.3841	1
18.7104	1
1.3778	0
4.2506	0
1.3047	0
1.8095	0
9.1917	0
22.4451	1
6.0363	0
1.5561	0
2.2525	0
2.3712	0
6.1753	0
18.0851	0
14.3856	1
2.7521	0
0.8209	0
2.205	0
12.0934	0
2.2621	0
16.0256	0
9.0592	0
5.0636	1
2.3909	0
2.6522	0
0.8977	0
30.4579	1
6.188	0
2.1641	0
1.0756	0
10.6833	0
1.3008	0
0.991	0
2.3028	0
2.827	0
35.2288	1
4.5502	0
8.2297	0
5.8545	0
7.639	0
2.106	0
1.4138	0
27.697	1
22.682	1
1.2019	0
1.4485	0
2.2577	0
2.9857	0
12.7486	1
2.1835	0
1.557	0
6.1873	0
2.2985	0
1.7713	0
1.315	0
7.8614	0
4.0581	0
6.9839	0
4.0382	0
4.2184	0
4.1247	0
19.0097	0
3.0177	0
1.5768	0
1.6326	0
4.693	0
1.3817	0
1.8216	0
12.9629	0
26.3847	1
5.5327	0
1.6014	0
9.298	0
2.8308	0
33.0109	0
1.2939	0
1.7992	0
1.3844	0
1.3844	0
5.3003	0
19.6746	1
1.8598	0
3.0343	0
13.5354	1
4.7063	0
2.8061	0
19.8361	1
4.0525	0
5.9971	0
13.5807	1
10.9616	0
1.3052	0
20.1392	0
3.2853	0
13.769	0
4.9724	0
8.561	0
4.0983	1
4.8	0
7.5138	0
1.5526	0
3.7164	0
2.7593	0
0.8362	0
1.5253	0
1.6442	0
3.3597	0
1.9177	0
7.0164	0
4.4407	0
1.2359	0
1.0392	0
5.034	0
4.1065	0
4.1065	0
4.1065	0
4.1065	0
2.3707	0
23.4715	1
1.7329	0
2.2675	0
1.6385	0
0.7908	0
6.0315	0
0.6933	0
0.3612	0
1.761	0
3.4554	0
8.7617	0
2.1777	1
1.2651	0
0.7796	0
8.0115	0
12.6386	0
2.7736	0
3.3562	0
6.4989	0
1.2491	0
1.4209	0
1.428	0
7.1654	0
7.1966	0
1.9788	0
13.8698	0
7.1753	0
3.4348	0
2.3225	0
1.5964	0
2.0929	0
1.748	0
2.5697	0
1.7718	0
0.2171	0
1.3567	0
1.7038	0
2.3255	0
6.7133	0
4.386	1
4.034	0
1.7145	0
1.9913	0
9.9838	0
1.1219	0
1.6873	0
2.2255	0
1.8866	0
5.2821	0
2.9777	0
1.468	0
1.6757	0
5.7106	0
5.6515	0
13.9356	0
1.1118	0
6.47	0
2.8399	0
1.0876	0
2.0854	0
0.6928	0
6.9723	0
19.5554	1
2.4128	0
2.5415	0
3.4098	1
0.5754	0
2.5127	0
7.8908	1
3.9404	0
3.102	0
7.0639	1
5.0969	0
15.4355	1
1.9461	0
3.5852	0
11.1167	0
14.0662	0
1.0297	0
8.6348	0
2.9875	0
8.3342	0
1.3023	0
13.9374	0
2.7387	0
2.3279	0
2.9635	0
4.7551	0
19.0064	0
1.5886	0
14.6506	1
2.2296	0
1.8578	0
1.4605	0
10.7464	0
31.5498	0
1.0246	0
15.6491	0
10.0474	0
2.7428	0
0.9129	0
0.9591	0
4.852	0
1.6347	0
16.5801	0
2.7594	0
1.5159	0
1.4539	0
2.2446	0
2.1662	0
18.9383	1
4.9912	0
0.7537	0
5.5383	0
8.2432	0
7.0486	0
0.6806	0
1.0768	0
1.3471	0
7.0025	0
1.3577	0
1.6053	0
4.4282	0
1.5646	0
5.6816	0
4.9464	0
3.1274	0
7.9366	0
13.7803	0
3.6453	0
4.1325	0
2.7549	0
4.2393	0
3.5855	0
20.0973	0
0.9872	0
1.0197	0
17.8156	0
0.7706	0
0.6088	0
1.376	0
3.0825	0
0.5185	0
3.7602	0
4.9066	0
4.9066	0
0.7552	0
0.9703	0
2.2549	0
9.5026	0
4.2984	0
1.9526	0
4.1045	0
1.5129	0
31.5495	0
2.1158	0
13.803	0
7.2421	0
3.8353	0
6.5797	1
6.4478	0
3.8474	0
6.2494	0
11.2814	0
3.6081	0
4.1831	0
19.0042	1
0.7116	0
1.0492	0
2.3588	0
5.0664	0
5.7537	0
1.0188	0
1.4754	0
4.1025	0
6.4723	0
3.5467	0
2.8335	0
16.9685	0
2.1117	0
3.4637	0
8.7344	0
3.9549	0
1.4099	0
4.7945	0
1.9278	0
1.529	0
27.9587	1
4.8907	0
0.5895	0
0.995	0
9.6441	0
3.1309	0
2.2557	0
23.1928	1
6.9628	0
1.5397	1
2.7656	0
2.331	0
2.3971	0
6.8177	0
39.9993	0
1.8183	0
17.2092	0
0.9741	0
1.3872	0
1.4066	0
1.09	0
18.0842	1
9.0165	0
0.7063	0
1.7151	0
6.5048	0
3.3549	0
12.6849	0
2.5008	0
4.818	0
4.9765	0
3.2597	0
11.1221	0
4.4056	0
3.0683	0
16.0864	1
2.6095	0
9.8216	0
3.6496	0
3.0672	0
12.7047	1
21.0306	0
3.8069	0
0.8084	0
3.121	0
1.842	0
0.7525	0
3.4398	0
1.4256	0
1.1445	0
9.5772	0
1.8248	0
7.3606	0
2.4251	0
2.8962	1
1.8136	0
0.7452	0
4.0225	0
6.5917	1
29.2093	0
19.2935	0
3.5578	0
15.3238	0
5.671	0
7.9451	0
2.3315	0
2.3855	0
6.4111	1
4.5677	0
1.3432	0
4.7602	0
0.7994	0
2.4763	0
1.7163	0
3.8785	0
0.6771	0
24.4409	0
3.612	0
7.2877	0
1.394	0
1.59	0
31.5495	1
1.0588	0
2.4303	0
4.255	0
7.3141	1
1.7199	0
7.0256	0
1.4842	0
1.9693	0
4.6122	0
1.5519	0
0.9391	0
1.1892	0
3.6123	0
4.5606	0
5.9788	0
2.1569	0
5.0656	0
3.6198	0
1.6485	0
2.1393	0
3.777	0
2.8622	0
3.0877	0
3.0877	0
3.0877	0
6.3658	0
3.364	0
2.2212	0
5.3562	0
2.6673	0
8.5283	0
6.3448	0
2.1071	0
2.803	0
1.6215	0
0.6926	0
2.4943	0
5.6207	0
4.6098	0
5.4716	0
15.4226	1
1.2645	0
2.6217	0
1.0586	1
1.9385	0
12.9444	0
1.3656	0
1.0482	0
1.4881	0
3.3987	0
31.5495	0
19.1847	0
8.8869	0
9.3522	0
1.3416	0
8.9781	0
2.021	0
9.7882	1
5.1841	0
1.7483	0
36.9903	0
3.057	0
2.2849	0
9.0225	0
6.5638	0
1.7168	0
2.8109	0
12.6368	0
39.9993	0
4.0027	0
2.3763	0
5.7461	0
0.83	0
2.4726	0
3.4979	0
1.672	0
0.6985	0
9.8159	0
3.765	1
1.6978	0
11.7647	1
2.0283	0
4.087	0
4.6695	0
0.672	0
0.6709	0
3.4557	0
2.0532	0
19.3306	0
2.6112	0
5.6929	0
1.9406	0
14.1208	0
26.2005	1
4.6852	0
7.6047	0
3.7186	0
1.9334	0
4.7632	0
8.3895	0
8.092	0
1.9465	0
3.7722	1
1.3082	0
2.6792	0
1.4114	0
1.9224	0
5.4063	0
6.2915	0
3.6031	0
2.9471	0
2.8537	0
1.3411	0
5.3398	0
1.8349	0
10.0198	0
7.9414	0
21.1988	1
26.3827	1
1.6993	0
2.0607	0
3.2388	0
6.0735	0
6.3126	0
1.3484	0
20.8182	1
24.5629	1
1.0982	0
1.4627	0
12.0994	1
19.4431	0
7.468	0
5.5048	0
0.8051	0
2.0042	0
4.4988	0
5.6032	0
2.9028	0
2.0715	0
12.8357	1
11.7453	1
2.1861	0
2.0516	0
0.5512	0
12.774	0
6.173	0
2.3934	0
1.5311	0
4.519	0
13.2267	1
2.7404	1
1.2281	0
1.2042	0
5.3404	0
3.1653	0
16.1291	0
12.3511	1
6.9038	1
3.215	0
11.6636	1
1.6847	0
2.3152	0
1.4373	0
1.8378	0
5.7449	0
0.8125	0
1.3174	0
1.7528	0
1.6183	0
1.0343	0
0.6513	0
2.2613	0
1.9984	0
9.6611	1
10.0162	1
1.5756	0
21.1983	1
0.7918	1
7.2046	0
7.0272	0
16.2302	1
1.0728	0
2.3404	0
4.0628	0
1.4713	0
1.5945	0
9.599	0
1.7854	0
0.9292	0
1.8736	0
2.6387	0
6.0173	0
1.8105	0
1.4337	0
1.5826	0
2.3645	0
10.7312	0
13.0296	1
0.8105	0
0.5739	0
5.6663	0
21.9451	0
3.5435	0
3.9113	0
1.3241	0
2.3034	0
11.3143	0
8.7113	0
8.6124	1
1.0675	0
5.2679	0
28.2407	0
7.438	0
4.7697	0
15.4044	0
12.0411	0
5.7665	0
2.4203	0
17.1156	0
5.4022	0
2.05	0
1.3729	0
1.5329	0
2.459	0
2.2921	0
14.0943	0
7.3953	0
16.152	0
4.254	0
2.0713	0
1.772	0
4.5237	0
1.1876	0
1.5167	0
1.0431	0
2.8103	0
2.0823	0
4.1118	0
1.3603	0
4.144	0
33.9798	1
3.6425	0
4.0036	0
2.222	0
1.5321	0
5.3449	0
35.2289	1
6.4829	1
1.7046	0
2.6746	0
2.1924	0
2.9608	0
6.3624	0
19.7171	0
3.9586	0
7.9484	0
1.0418	0
1.6311	0
1.6264	0
2.0397	0
11.6147	0
9.8316	0
0.9931	0
2.9028	0
10.1632	0
27.96	1
9.9807	1
1.5245	0
2.9533	0
5.5443	0
2.3412	0
5.5854	0
1.1652	0
2.2083	0
2.688	0
4.9396	0
2.2885	0
17.1121	1
1.4303	1
3.4789	0
1.8242	0
2.0809	0
23.0157	0
0.9992	0
1.7924	0
2.3985	0
2.6384	0
5.8344	0
1.4735	0
0.9935	0
13.4649	0
5.5946	0
2.2142	0
2.2341	0
0.5444	0
2.6249	0
2.6249	0
0.7713	0
5.057	0
13.2834	0
17.5887	0
2.1261	0
14.1762	0
4.9114	0
1.5075	0
24.5627	0
1.5173	0
1.2509	0
1.5484	0
1.7371	0
4.5015	0
4.6183	0
1.4819	0
3.454	0
0.9665	0
1.7555	0
2.6539	0
4.2421	0
33.0109	0
6.4704	0
6.1474	0
0.5802	0
1.5082	0
2.0194	0
9.2112	0
1.7887	0
1.7823	0
3.4775	0
1.6348	0
1.5139	0
3.9776	0
1.8246	0
17.0096	0
6.2847	0
12.0649	0
1.62	0
14.929	0
2.0635	0
2.7885	0
6.9634	0
1.4624	0
2.3772	0
1.6152	0
8.9908	0
14.0651	0
2.0762	0
0.6931	0
1.0598	0
3.3737	0
13.5069	0
10.3946	0
1.1932	0
2.2147	0
2.1951	0
1.9331	0
10.408	0
2.2636	0
2.0475	0
2.3082	0
1.4356	0
1.7577	0
1.2805	0
14.8318	0
0.832	0
2.2854	0
1.5114	0
1.2631	0
0.2778	0
3.7448	0
17.8957	1
1.1423	0
2.2742	0
3.7402	0
13.5189	0
6.4097	0
15.1269	0
1.5576	0
3.3565	0
6.184	0
12.7113	0
1.3952	0
3.1666	0
13.8638	0
0.3376	0
4.588	0
0.9983	0
1.2504	0
2.5633	0
12.9784	0
2.3451	0
19.3303	1
1.8259	0
3.5837	0
0.3649	0
1.6271	0
2.8414	0
8.3221	0
3.0251	0
5.5657	0
5.4848	0
2.5585	0
0.5199	0
12.9987	1
1.1177	0
9.6048	0
1.8986	0
2.5697	0
2.8478	1
8.6874	1
1.0443	0
2.1311	0
5.1525	0
2.2955	0
24.95	1
1.5489	0
0.6448	0
6.3283	0
1.0779	0
1.0243	0
0.9806	0
2.3931	0
15.0899	1
1.5444	0
0.7602	0
1.4432	0
12.819	0
0.6744	0
0.717	0
1.228	0
0.8824	0
3.1576	0
1.958	0
3.1941	0
5.689	0
9.8829	0
1.5886	0
2.2859	0
6.142	0
0.2998	0
1.4994	0
0.6918	0
1.9553	0
10.2684	0
1.8966	0
2.0016	0
8.6172	0
10.8749	0
9.5995	0
0.5543	0
1.1325	0
2.0771	0
2.3109	0
5.3057	0
10.3384	0
23.2841	1
3.9194	0
0.6684	0
25.8526	1
4.3893	0
10.6127	0
1.4706	0
2.2501	0
2.2446	0
2.3356	0
5.36	0
3.3808	0
1.515	0
1.1353	0
5.2882	0
0.5962	0
1.7113	0
4.9091	0
4.2461	0
1.4559	0
3.4811	0
1.1936	0
18.0283	0
6.2008	0
1.2382	0
7.7644	0
7.7644	0
1.7283	0
2.4139	0
4.4953	0
1.8583	0
16.6324	1
1.061	0
1.7859	0
2.8141	0
36.9896	0
1.3822	0
4.7255	0
11.1207	0
1.7735	0
0.537	0
2.3276	0
0.9352	0
1.2177	0
15.8102	0
4.9674	0
18.5849	0
1.1902	0
2.1328	0
3.8957	0
0.4565	0
1.9466	0
17.3466	0
1.0786	0
100.0	1
2.3253	0
9.6106	0
24.9515	1
3.4863	0
0.4983	0
10.4472	0
2.0745	1
6.8939	1
14.969	1
22.7617	0
0.6848	0
14.9774	0
5.7751	0
6.3289	0
5.0808	0
2.6107	0
2.195	0
1.7677	0
11.9552	0
8.7639	0
1.2906	0
1.5387	0
18.0006	0
2.3373	0
3.8862	0
17.7327	1
2.1783	0
8.492	0
3.3641	0
1.697	0
5.1541	0
5.3272	0
2.8434	1
6.5273	1
1.1292	0
7.1162	0
6.1594	0
1.3229	0
2.4707	0
1.2779	1
4.4169	0
16.874	0
12.1531	0
15.8868	0
35.2295	0
2.9739	0
2.9277	0
6.4461	0
26.5777	1
1.5203	0
2.2314	0
6.7589	0
2.3087	0
4.5276	0
2.1241	0
7.3416	0
3.1026	0
6.8586	0
30.0008	1
13.0285	0
2.4655	0
0.3137	0
3.0889	0
12.0561	0
1.059	0
1.8999	0
5.8388	0
10.6762	1
25.853	1
1.9078	0
27.2138	1
1.3653	0
6.4181	0
1.2217	0
4.2862	0
1.6163	0
33.0111	1
3.5042	0
20.7136	1
21.4343	0
10.504	1
20.1851	1
21.681	0
40.0	1
1.1712	0
6.0746	0
7.9068	0
4.4728	0
1.8847	0
36.9903	1
3.5486	0
1.6951	0
2.5401	0
2.5401	0
2.9366	0
3.0918	0
5.5966	0
1.8079	0
12.2416	0
1.1115	0
18.8415	0
11.9089	0
1.9145	0
0.9299	0
1.6228	0
5.5789	0
7.9612	1
1.6269	0
1.7478	0
9.242	0
5.6097	0
20.7617	1
3.4482	0
18.3064	1
7.3612	0
10.4944	0
0.8121	0
4.5653	0
5.0988	0
1.5952	0
0.9008	0
21.1382	1
0.8277	0
22.5237	0
0.583	0
1.6209	0
12.2051	0
6.2713	0
24.0916	1
3.7701	0
1.4929	0
0.6369	0
2.5445	0
18.056	1
2.4774	0
1.1782	0
2.331	0
10.526	0
35.2295	0
2.3584	0
0.6306	0
2.7987	0
6.6954	0
24.562	1
11.0193	0
1.9548	0
9.6826	0
0.4317	0
1.5065	0
0.9235	0
1.5694	0
4.1309	0
14.6178	1
4.0645	0
4.3549	0
2.4577	0
9.6833	0
1.2549	0
22.0808	0
1.5414	0
2.4351	0
6.8141	0
15.3753	1
15.7044	1
8.5616	1
12.6947	0
1.5799	0
3.7461	0
21.8098	1
33.0106	1
4.7701	0
5.1008	0
1.3151	0
1.3356	0
1.8092	0
5.6559	0
8.4408	0
3.0278	1
0.3487	0
1.3468	0
0.4483	0
2.0481	0
16.6379	0
1.3987	0
1.7078	0
1.9927	0
0.4565	0
7.5306	0
1.654	0
5.9968	0
10.2102	0
1.3122	0
0.817	0
2.3438	0
10.7811	0
15.2962	0
2.413	0
3.1236	0
5.4739	0
3.8081	0
4.0243	0
2.189	1
3.7034	0
2.0866	0
3.9684	0
3.5062	0
0.8438	0
2.4779	0
4.3094	0
12.496	1
1.5224	0
2.3759	0
1.8735	0
9.219	0
1.6373	0
3.6772	0
2.5656	0
18.1363	0
2.2604	0
2.0198	0
0.6128	0
2.4415	0
14.4838	1
1.328	0
26.9913	1
2.0703	0
0.9834	0
0.801	0
0.7642	0
1.8302	0
23.9822	1
1.2091	0
6.8774	0
1.2819	0
5.3174	0
1.1908	0
3.0737	0
2.4028	0
2.6027	0
2.4056	0
1.685	0
1.4019	0
4.3418	0
2.1108	0
19.4415	1
11.6592	0
2.0438	0
15.543	0
1.685	0
5.6561	0
7.9247	0
11.3616	0
15.1035	0
2.4477	0
2.5038	0
1.417	0
3.2021	0
2.564	0
1.7774	0
1.5097	0
5.744	0
6.1252	0
9.907	1
3.6843	0
0.6133	0
3.2476	0
4.2947	0
13.2486	0
7.8016	0
0.5085	0
9.5881	1
3.1481	0
12.1498	1
2.8792	0
2.0404	0
1.2643	0
3.565	0
5.3856	0
9.8706	0
8.5551	0
4.5802	0
4.6058	0
17.8416	1
6.877	0
1.7329	0
8.4769	0
3.1423	0
2.8619	0
11.8475	0
5.0837	0
10.2819	0
3.0682	0
1.3662	0
14.5001	0
1.9506	0
4.3481	0
2.9323	0
3.2363	0
4.0581	0
2.4582	0
1.1263	0
1.8655	0
14.7844	0
1.5944	0
0.4468	0
2.6151	0
11.2942	0
2.1075	0
2.6919	0
17.9186	0
11.3268	1
7.7167	1
1.6566	0
30.4577	0
17.1403	1
1.5646	0
2.2627	0
7.4756	0
0.7062	0
1.063	0
1.9921	0
6.2483	0
0.9133	0
2.9642	0
3.1627	0
35.2288	0
1.6577	0
5.1023	1
1.3459	0
7.2622	0
1.487	0
5.829	1
3.8672	0
3.3335	0
1.6277	0
2.3354	0
1.361	0
30.4584	1
2.4014	0
4.363	0
5.8728	0
2.2874	0
21.3155	1
19.4031	1
3.4768	0
5.3846	0
1.8071	0
1.0695	0
0.7959	0
7.2202	0
2.4634	0
2.0565	0
6.8107	0
2.5176	0
4.4285	0
30.4585	1
21.619	0
3.1079	0
4.1436	1
1.8645	0
1.2281	0
3.3276	0
7.5205	0
10.6802	0
2.1833	0
0.4717	0
2.2398	0
0.7857	0
2.7704	0
5.3743	0
19.4767	1
1.533	0
2.7123	0
21.8773	1
17.3447	0
3.5757	0
1.5147	0
2.1239	0
1.9723	0
3.7026	0
2.4124	0
1.1808	0
18.5719	1
7.0605	0
1.7734	0
1.9295	0
1.9268	0
2.1483	0
2.1704	0
12.2593	1
3.5406	0
3.8098	0
9.3908	0
1.7822	0
5.0488	0
6.6935	0
0.9021	0
0.8458	0
5.1547	0
1.6511	0
4.6336	0
6.9298	0
1.5165	0
5.8414	0
5.7129	0
17.3659	0
7.6533	0
9.119	0
2.5499	0
6.1993	0
5.3686	0
1.5794	0
40.0	0
1.3747	0
2.1516	0
4.2649	0
10.2858	0
2.8459	0
5.0824	0
16.5961	0
2.7262	0
39.9993	0
3.2816	0
0.7811	0
7.4604	0
2.0308	0
12.6172	0
8.6936	1
0.7826	0
5.3602	0
1.1503	0
1.2836	0
1.883	0
0.8578	0
11.2793	0
2.7941	0
24.4401	1
9.1855	0
4.1779	0
2.3606	0
0.6211	0
2.6541	0
1.6293	0
2.4664	0
35.2295	0
11.8972	0
10.1343	0
18.8398	0
1.0612	0
2.289	0
1.7779	0
7.283	0
2.0736	0
2.5326	0
22.0818	1
1.5949	0
3.3133	0
3.3217	0
2.9003	0
17.3905	1
7.3329	1
1.9067	0
21.4937	0
100.0	0
0.6389	0
6.8838	0
0.595	0
1.6333	0
0.8505	0
2.3779	0
6.2064	0
1.581	0
3.4963	0
1.4241	0
4.6924	0
0.9558	0
3.1002	0
1.8664	0
11.002	0
14.832	1
2.6406	0
14.7986	0
8.4501	0
20.1428	1
5.4436	1
1.9623	0
2.1364	0
1.7039	0
1.9127	0
0.8561	0
20.3702	0
5.8902	0
6.9142	0
23.8747	1
8.1146	0
1.7989	0
1.3815	0
3.6783	0
0.6785	0
12.7492	0
0.9529	0
2.2288	0
0.4124	0
4.3337	0
1.8531	0
4.1521	0
8.8115	0
0.766	0
2.8327	0
7.7162	0
4.3326	0
3.9551	0
6.4866	0
7.4761	0
1.6782	0
5.9469	0
2.8831	0
5.0667	0
16.1994	0
0.9433	0
4.266	0
2.8694	0
4.0176	0
1.7155	0
2.4121	0
3.8477	0
3.6236	0
2.6704	0
1.1755	0
4.1667	0
11.7484	1
1.6277	0
0.8269	0
0.6934	0
2.0623	0
0.5056	0
6.2642	0
1.5217	0
2.3783	0
13.0371	0
1.6803	0
3.0425	0
1.8577	0
1.9324	0
2.2102	0
3.3815	0
1.8619	0
4.0561	0
2.1492	0
10.307	0
3.0307	0
2.5252	0
5.8352	0
3.9343	0
3.9247	0
1.9378	0
4.1433	0
0.8713	0
4.5487	0
2.6988	0
3.8963	0
3.5892	0
2.7175	0
1.8121	0
0.7975	0
5.0812	0
4.0393	0
1.8287	0
0.9974	0
1.8494	0
1.8271	0
1.5764	0
2.6701	0
4.6929	0
2.3006	0
9.6738	0
1.7886	0
1.7049	0
3.5369	0
4.1489	0
1.4863	0
2.9512	0
4.6824	0
2.5709	0
5.6891	0
9.8458	0
1.7769	0
1.6495	0
1.664	0
4.0729	0
2.1173	0
2.0122	0
0.7326	0
2.0739	0
2.2082	0
4.4169	0
1.5854	0
2.6472	0
1.7243	0
4.9905	0
2.0196	0
1.711	0
1.9674	0
9.5522	0
1.038	0
3.6693	0
1.52	0
1.3039	0
4.2138	0
18.4019	0
2.1135	0
0.681	0
2.5116	0
1.8464	0
3.312	0
2.0919	0
6.3706	0
4.9685	0
1.6848	0
1.735	0
2.1735	0
1.3773	0
2.0598	0
3.4856	0
2.1838	0
4.0935	0
3.2236	0
3.1751	0
4.3399	0
1.9276	0
0.3514	0
2.0727	0
3.439	0
1.5168	0
5.3891	0
11.948	0
1.4894	0
5.3011	0
3.9447	0
2.0054	0
7.2739	0
5.0393	0
3.1496	0
2.5585	0
6.0981	0
6.3792	0
1.6783	0
1.5105	0
2.0382	0
1.3874	0
1.6037	0
1.7474	0
12.5138	0
1.8069	0
2.3475	0
1.7005	0
3.4081	0
1.7664	0
4.164	0
2.3887	0
19.1839	0
2.9103	0
0.8362	0
6.0927	0
5.1898	0
9.7298	0
1.4338	0
3.2668	0
1.4472	0
2.7573	0
3.4829	0
1.4637	0
23.876	1
6.8707	0
1.8213	0
1.8213	0
1.8213	0
7.7296	0
5.2871	0
1.4894	0
26.0223	1
4.5408	0
2.2099	0
0.822	0
1.9418	0
1.4166	0
2.3848	0
1.3893	0
9.0347	0
7.771	0
0.9409	0
1.1753	0
1.9781	0
3.7846	0
9.3278	0
1.259	0
4.2317	0
5.4316	0
7.2595	0
1.1875	0
1.9621	0
2.0249	0
2.3032	0
9.0123	0
0.7506	0
21.4344	1
0.8297	0
18.805	0
1.5563	0
3.3405	1
1.7324	0
1.4872	0
21.0867	1
9.4168	0
9.4171	0
20.0975	0
4.4763	0
1.5912	0
2.0872	0
1.9629	0
14.8059	0
0.8767	0
3.2392	0
11.3797	0
2.2218	1
0.7358	0
1.5618	0
12.3777	0
1.316	0
0.9845	0
7.01	0
20.0526	1
1.4026	0
3.3078	0
8.6527	0
0.6146	0
1.3928	0
2.2719	0
1.4621	0
15.648	0
2.6726	0
8.1745	1
16.2949	0
8.5061	0
1.5851	0
2.2266	0
6.9752	0
2.5347	0
5.7604	0
3.5914	0
6.8767	0
0.7934	0
2.6023	0
5.2387	0
2.546	0
1.0016	0
2.7356	0
5.3617	0
2.6597	0
1.0648	0
2.5617	0
3.4262	0
2.5705	0
0.9544	0
14.4405	0
1.7368	0
0.4946	0
36.9896	0
3.805	0
1.2145	0
2.9828	0
3.4289	0
1.271	0
8.9059	0
10.0022	0
16.679	0
14.9165	0
1.8257	0
0.57	0
1.3434	0
2.5533	0
7.3801	0
1.3937	0
4.6334	0
1.4432	0
3.062	0
7.6851	0
4.7215	0
1.1728	0
2.3874	0
1.239	0
7.8743	0
1.3997	0
5.8128	1
2.6321	0
5.537	0
1.0853	0
2.3324	0
1.7659	0
1.9451	0
0.8354	0
1.3172	0
5.4297	0
9.1747	0
0.8642	0
2.2964	0
16.6889	0
1.3656	0
3.4946	0
8.8417	0
8.8417	0
8.8417	0
8.8417	0
8.8417	0
1.1543	0
1.2514	0
4.1645	0
10.7664	0
1.6363	0
1.9144	0
1.1276	0
3.8903	0
11.1313	0
0.1925	1
2.2545	0
9.3944	0
3.9752	0
3.7424	0
9.6119	0
2.0162	0
5.7604	0
3.0072	0
3.3942	0
10.3424	0
2.9045	0
5.0876	0
2.1696	0
7.5137	0
2.5965	0
1.5415	0
4.2165	0
2.8529	0
3.5437	0
1.9666	1
1.7907	0
3.4103	0
2.6666	0
6.2904	0
3.5521	0
3.0234	0
10.6274	0
0.8947	0
2.2842	0
6.3658	0
4.9509	0
1.2915	0
3.8372	0
3.3777	0
7.0124	0
5.8512	0
3.7004	0
8.1543	0
3.2564	0
2.3168	0
1.9985	0
12.8885	0
4.1069	0
2.6731	0
1.9493	0
23.3769	0
1.7211	0
0.0	1
0.0	1
0.0	1
0.0	1
0.0	1
0.0	1
0.0	1
0.0	1
0.0	1
0.0	1
0.0	1
0.0	1
0.0	1
0.0	1
0.0	1
0.0	1
0.0	1
0.0	1
0.0	1
0.0	1
0.0	1
0.0	1
0.0	1
0.0	1
0.0	1
0.0	1
0.0	1
0.0	1
0.0	1
0.0	1
0.0	1
0.0	1
0.0	1
0.0	1
0.0	1
0.0	1
0.0	1
0.0	1
0.0	1
0.0	1
0.0	1
0.0	1
0.0	1
0.0	1
0.0	1
0.0	1
0.0	1
0.0	1
0.0	1
0.0	1
0.0	1
0.0	1
2.4159	0
22.0828	0
12.8232	0
24.0935	1
1.7943	0
2.0013	0
1.6425	0
3.6666	0
12.0891	0
11.8379	0
3.1716	1
39.9993	1
15.5282	0
2.3745	0
6.5534	0
2.5518	0
3.6243	0
5.8809	0
20.924	1
39.9993	1
1.7679	0
4.634	0
9.365	0
2.4936	0
7.325	0
3.3586	0
1.3476	0
17.714	1
17.7394	0
7.8448	0
1.47	0
1.7306	0
9.788	1
2.4021	0
6.0712	0
4.8803	0
26.78	1
2.7497	0
22.1533	1
4.081	0
2.4388	0
23.9837	1
9.4578	1
6.9764	0
21.0875	1
1.3311	0
1.714	0
13.4414	1
1.61	0
1.6776	0
1.7111	0
35.2289	1
39.9993	0
1.4542	0
5.4845	0
35.2289	1
27.2146	1
27.6974	1
26.78	1
4.7887	0
2.2832	0
1.2838	0
4.2378	0
39.9993	1
11.5168	0
2.4196	0
1.9549	0
32.2195	1
2.9253	1
36.989	1
6.5486	0
100.0	1
35.2289	1
16.9259	0
1.6518	0
12.0014	0
1.5006	0
2.7721	0
6.6046	0
24.4409	1
8.3581	1
6.2766	0
36.989	1
22.6819	1
6.1869	0
1.9751	0
1.2748	0
6.7533	0
1.452	0
20.6143	1
4.9301	1
1.4511	0
10.4035	1
1.6633	0
2.1061	0
24.322	1
3.2984	0
39.9993	1
26.992	1
3.2702	0
4.9006	0
1.4228	0
7.8666	0
3.4645	0
5.265	0
2.0129	0
3.0212	0
4.1959	0
2.3571	0
2.26	0
1.3874	0
9.646	0
2.6236	0
20.4673	1
27.9605	1
10.4562	0
1.5115	0
1.9202	0
2.3153	0
14.3815	0
9.2324	0
3.1766	0
2.9748	0
19.841	1
10.0594	0
1.4877	0
12.3702	0
15.7318	0
1.8825	0
2.6949	0
31.5498	1
32.2195	1
100.0	1
2.8799	0
9.816	1
3.1615	0
2.1475	0
1.7672	0
3.8358	0
16.6194	1
5.7489	0
1.7295	0
21.3746	1
35.2289	1
13.6624	0
26.992	1
16.7394	0
39.9993	1
35.2289	1
12.035	1
15.1481	1
26.2004	1
8.322	0
36.9903	1
36.989	1
5.2347	0
3.2952	0
4.4817	0
1.7384	0
8.5063	0
35.2289	1
24.5631	1
29.5872	1
5.3979	0
4.5587	0
35.2289	1
17.233	0
31.5498	1
4.0783	0
36.989	1
8.2951	0
1.3253	0
2.9614	0
33.0111	1
17.0115	0
16.4266	0
33.98	1
32.2195	1
32.2195	0
20.1877	1
12.5832	0
22.6819	1
1.3519	0
1.9936	0
7.4647	0
26.78	0
2.6838	0
3.3755	0
4.2576	0
10.7689	0
1.9947	0
3.9993	1
1.3078	0
1.3049	0
39.9993	1
4.8293	0
1.4077	0
14.7347	1
36.989	1
1.5789	0
100.0	1
2.8462	0
39.9993	1
1.8908	0
15.6839	0
4.1352	0
13.7928	0
2.606	0
4.1102	0
39.9993	1
1.6406	0
1.9192	0
39.9993	1
1.9282	0
12.1575	0
2.1196	0
36.989	1
1.5316	0
5.0713	0
14.6468	0
1.3046	0
24.9519	0
3.106	0
3.0079	0
23.5701	1
5.6193	0
30.4586	1
36.989	1
16.2783	0
6.4407	0
6.2334	0
3.7833	0
7.4924	1
4.9157	0
13.9379	0
100.0	1
29.2094	1
39.9993	1
1.9205	0
12.8966	1
100.0	1
100.0	1
12.0887	0
100.0	1
1.382	0
14.2549	0
36.989	0
1.8836	0
3.0395	0
11.7872	0
8.7264	0
6.0711	1
2.5151	0
39.9993	1
1.8138	0
18.7759	0
39.9993	1
24.0933	1
35.2289	1
1.3026	0
1.6968	0
31.5498	1
2.7319	0
36.989	1
7.626	0
1.5965	0
2.4235	0
7.312	0
9.8755	0
39.9993	1
35.2289	1
8.3359	0
14.9298	0
1.5532	1
1.9407	0
7.933	0
36.989	1
4.1118	0
21.9451	0
36.989	1
17.8693	1
4.0706	0
2.4976	0
35.2289	1
3.2528	0
33.0111	1
26.5781	0
5.6367	0
18.1135	1
8.154	0
20.4674	0
100.0	1
14.5608	0
100.0	1
1.5522	0
12.3851	0
24.4409	1
7.2723	0
35.2289	1
8.5741	0
1.411	0
36.989	1
1.7724	0
4.2228	0
21.619	1
8.4976	0
1.6021	0
2.996	0
33.98	1
5.8307	0
7.6102	0
1.8704	0
7.8115	0
1.378	0
7.4425	0
1.7192	0
30.97	1
39.9993	1
5.4007	0
19.4432	0
9.684	0
23.4727	0
18.7112	0
5.9047	0
19.6373	0
5.9576	0
1.5921	0
3.5424	0
3.1444	0
4.1368	0
6.181	0
1.2771	0
2.6107	0
3.3038	0
2.5357	0
1.5564	0
3.8106	0
33.9806	1
35.2289	1
33.9806	1
1.7327	0
1.2645	0
4.7219	0
3.5142	0
9.9278	0
3.1959	0
35.2289	1
9.4251	0
35.2289	1
22.2248	1
3.0968	0
36.989	1
6.5661	0
11.2639	0
1.6399	0
36.989	1
30.0011	1
35.2289	1
28.2406	0
2.1193	0
36.989	1
2.4311	0
6.4087	0
6.4074	0
14.2549	0
17.9489	1
21.1398	1
36.989	1
39.9993	1
36.989	1
27.6974	1
2.2079	0
22.9298	0
39.9993	1
2.227	0
29.5872	1
1.4498	0
39.9993	1
35.2289	1
5.8221	0
8.621	0
21.9452	0
15.3485	0
22.9298	1
31.5498	1
39.9993	1
2.5344	0
21.1433	1
30.4583	1
3.8686	0
1.6882	0
100.0	1
36.9903	1
22.1532	1
1.7521	0
39.9993	1
10.8645	0
100.0	1
100.0	1
31.5498	1
24.563	1
39.9993	1
100.0	1
33.9806	1
36.989	1
30.97	1
6.4814	0
100.0	1
27.9605	1
4.5794	0
39.9993	1
11.4116	0
1.8506	0
32.2195	1
100.0	1
9.9928	0
7.6449	0
6.0137	0
6.2277	0
11.0619	0
6.9307	0
2.2589	0
17.2559	0
1.9791	0
3.0057	0
1.4213	0
6.8773	0
28.2406	1
1.6592	0
1.3248	0
8.3531	0
3.8498	0
2.9866	0
11.3202	0
3.9434	0
3.2349	0
100.0	1
35.2289	1
16.3517	1
5.2394	0
2.8582	0
6.9156	0
100.0	1
2.5882	0
9.6462	0
100.0	1
1.9926	0
3.4387	0
3.0244	0
22.225	0
8.5692	0
3.3599	0
36.989	1
39.9993	1
12.8967	1
100.0	1
36.989	1
3.3205	0
1.4587	0
33.0111	1
13.1603	1
32.2191	1
31.5498	1
35.2289	1
15.7317	0
100.0	1
100.0	1
2.633	0
10.6133	0
29.5872	1
4.1201	0
8.7476	0
1.6578	0
14.6098	1
14.3121	0
39.9993	1
100.0	1
6.6099	0
5.4124	0
8.1465	0
6.0335	0
35.2289	1
10.7002	0
1.582	0
4.0958	0
3.4482	0
1.9534	0
31.5498	1
33.0111	1
35.2289	1
36.989	1
2.8752	0
10.1307	0
2.4212	0
10.1736	1
2.6051	0
39.9993	1
3.1388	0
36.989	1
18.1135	0
39.9993	1
7.6403	0
2.4648	0
1.8332	0
7.5125	0
1.5512	0
2.7069	0
4.8702	0
39.9993	1
39.9993	1
39.9993	1
33.0111	1
1.901	0
3.5186	0
5.0533	0
14.8378	0
26.0233	0
8.965	0
5.1815	1
39.9993	1
1.3338	0
1.6172	0
39.9993	1
39.9993	0
7.6121	1
12.5561	0
3.6405	1
1.3042	0
36.989	1
10.3227	0
4.6194	0
28.2408	1
2.5752	0
30.97	1
27.4491	1
11.0888	0
8.1805	0
6.7478	1
2.0521	0
22.225	1
12.3777	0
39.9993	1
13.3669	0
100.0	1
2.6993	0
3.2416	0
2.5896	0
2.9907	0
1.3673	1
28.5402	0
6.7058	0
1.8531	0
1.7859	0
4.7194	0
1.3844	0
3.4573	0
2.5939	0
2.9237	0
8.4042	0
1.9545	0
23.7719	1
17.817	0
39.9993	1
18.7759	0
39.9993	1
8.5207	0
36.989	1
1.4354	0
100.0	1
39.9993	1
33.9793	1
6.9731	0
2.3798	0
7.4496	0
2.7371	0
3.3374	0
5.9782	0
3.4414	0
7.2267	0
2.6443	0
1.9215	0
9.0587	0
36.989	1
35.2289	1
39.9993	1
23.9837	1
7.7561	1
1.8502	0
7.3331	0
2.6276	0
35.2289	1
12.6713	1
3.9693	0
11.9417	0
3.0931	0
28.5402	1
36.989	1
6.8904	0
1.5081	0
2.551	0
8.6194	1
3.9816	0
100.0	1
7.1281	0
3.3573	0
3.8371	0
39.9993	1
1.7316	0
30.97	1
2.7801	0
2.3254	1
8.1231	0
1.8282	0
3.2279	0
39.9993	1
2.5374	0
5.7136	1
36.989	1
39.9993	1
100.0	1
13.9064	1
100.0	1
7.3375	1
4.6036	0
4.0398	0
39.9993	1
33.9806	1
100.0	1
25.0889	0
2.7093	0
28.862	1
5.7566	0
17.1654	0
39.9993	1
4.6596	0
1.827	0
3.095	0
2.3267	0
20.8182	1
36.989	1
39.9993	1
9.9441	1
36.989	1
32.2195	1
39.9993	1
39.9993	1
2.931	0
17.4669	0
5.4988	0
30.0011	1
5.9778	1
2.2377	1
5.8506	0
4.304	0
26.7799	1
20.2789	0
3.604	0
14.8247	0
26.78	1
33.0111	1
6.8459	0
36.989	1
14.6219	1
1.3857	0
9.4495	0
21.945	0
100.0	1
2.7648	0
5.5781	0
2.2571	0
27.4491	1
33.9806	1
39.9993	1
15.2044	0
24.952	1
2.5437	0
11.2976	1
1.996	0
100.0	1
30.0011	1
11.9874	0
39.9993	1
5.6441	0
2.377	0
7.7443	0
39.9993	1
3.0014	0
18.9757	1
12.8313	0
100.0	1
8.5547	0
27.9607	1
1.8307	0
5.5527	0
12.3705	0
2.7263	0
6.7389	0
9.2675	0
2.0282	0
30.97	1
11.8253	0
2.5137	0
5.7234	0
30.97	1
2.4434	0
4.7701	0
2.706	0
1.3663	0
10.2428	0
2.1845	0
1.7314	0
5.8129	0
2.2303	0
19.7178	0
10.5597	0
39.9993	1
8.854	0
13.5075	0
30.4583	0
2.1408	0
26.2005	0
6.9668	0
3.5974	0
19.5197	0
5.0883	0
6.1859	0
1.5296	0
2.7124	0
3.6399	0
8.0331	0
8.4051	0
7.6818	0
29.5872	1
100.0	1
7.0427	0
1.4729	0
2.0948	0
36.989	1
4.7287	0
24.0936	1
23.5702	1
2.3577	0
1.9422	1
15.2186	0
5.7876	0
4.1577	0
2.8726	0
36.989	1
21.2575	1
23.1034	1
31.5498	1
24.322	1
1.3284	0
9.6231	0
6.5742	0
3.6937	0
3.7221	0
1.2691	0
1.7977	0
100.0	1
26.992	1
35.2289	1
16.4077	0
8.8801	0
2.2955	0
2.073	0
5.1851	0
2.4528	0
6.4021	0
11.28	0
2.4892	0
1.7741	0
1.6513	0
2.6478	0
4.9748	0
100.0	1
1.393	0
31.5498	1
2.9159	0
33.0111	1
1.7472	0
5.5382	0
3.1803	0
3.9426	0
3.5764	0
27.4494	1
20.7663	0
1.7777	0
3.228	0
30.4583	1
11.6499	0
13.762	0
10.6469	1
5.3691	0
5.7098	0
11.9618	0
9.1754	0
16.4077	1
10.2211	0
8.8613	0
100.0	1
1.8782	0
20.9239	0
2.5326	0
4.1018	0
14.0976	0
18.9758	0
12.0891	0
1.4972	0
2.0966	0
3.194	0
10.1379	0
39.9993	1
6.2414	0
100.0	1
4.2544	0
1.9661	0
1.4541	0
23.1034	0
27.2145	0
2.021	0
36.989	1
28.5402	0
27.6974	1
9.5787	0
2.3179	0
2.6396	0
20.4194	0
2.2282	0
15.3778	0
3.4861	0
8.3865	0
11.0462	0
20.766	0
3.1946	0
29.2094	1
27.9607	0
1.5535	0
2.6826	0
30.4583	1
4.3568	0
100.0	1
1.558	0
5.6086	0
2.5194	0
39.9993	1
100.0	1
1.3143	0
35.2289	1
36.989	1
2.8015	0
1.2932	0
18.4617	0
4.4389	0
14.9565	0
100.0	1
1.5339	0
17.8694	1
1.6948	0
1.4506	0
5.2056	0
36.989	1
30.0011	1
10.8692	0
14.6844	0
2.7066	0
8.7689	0
13.2938	0
2.2206	0
11.8636	0
2.6388	0
1.7272	0
1.9092	0
8.3197	0
4.798	0
1.4472	0
2.9562	0
2.9627	0
1.7701	0
2.6982	0
1.3554	0
2.3072	0
8.7597	0
2.0721	0
2.3953	0
3.71	0
2.8951	0
2.0731	1
1.3824	0
1.774	0
19.0099	0
2.6601	0
9.9767	0
2.0657	0
6.9973	0
14.7988	0
8.6458	0
35.2289	0
7.2235	0
20.5647	1
19.5956	0
36.9903	1
39.9993	1
10.356	1
36.9903	1
5.0809	0
14.9965	1
100.0	1
36.9903	1
2.4021	0
3.8465	0
36.989	1
13.565	0
5.7583	0
2.7619	0
17.9492	0
7.0427	0
5.6439	0
3.2429	0
7.9799	0
100.0	0
1.4265	1
16.4644	1
39.9993	1
39.9993	1
39.9993	1
100.0	0
5.1975	0
9.65	0
30.4583	1
21.4951	0
36.9903	1
13.9906	1
2.9399	0
4.8486	0
16.8837	1
26.578	1
5.114	0
100.0	1
4.6204	0
1.3019	0
12.6409	0
39.9993	1
1.5876	0
9.6613	0
8.9366	0
10.3717	0
4.2141	0
7.4477	0
4.7159	0
100.0	1
6.9576	0
19.598	1
3.2108	0
4.3569	0
1.5983	0
2.2108	0
5.9365	0
11.3033	0
1.6851	0
17.8431	0
26.78	1
10.9104	0
1.8905	0
3.0373	0
100.0	1
39.9993	1
5.4741	0
33.0111	1
24.6888	1
100.0	1
7.9701	0
14.0662	0
31.5498	1
6.0588	0
16.7799	1
35.2289	1
16.842	0
7.7753	0
6.0107	0
4.9308	0
1.4863	0
24.8185	1
100.0	1
33.0111	1
22.0134	0
1.7448	0
33.0111	1
17.8693	0
30.4583	1
13.2311	0
10.3988	0
10.7841	0
39.9993	1
35.2289	1
4.3449	0
39.9993	1
9.9197	1
6.1979	0
39.9993	1
8.9647	0
1.931	0
10.9667	0
7.0849	0
4.0868	0
11.8963	0
16.6789	0
9.4687	0
3.6024	0
2.4953	0
2.568	0
33.0111	1
4.128	0
5.858	0
10.0693	0
1.6576	0
1.4161	0
15.1621	0
8.9178	0
7.0353	0
21.4951	0
2.8276	0
18.2843	0
20.715	0
1.721	0
26.2004	1
100.0	1
10.4128	0
4.1309	0
7.2	0
3.4656	0
10.1781	0
26.2004	0
39.9993	1
4.4959	0
100.0	1
31.5498	1
2.7652	0
35.2289	1
29.2096	1
2.4189	0
3.0351	0
36.989	1
1.3306	0
36.989	1
1.4744	0
1.3886	0
12.8307	0
1.8847	0
10.6563	1
1.3688	0
4.8149	0
33.0111	1
4.5309	0
3.3849	0
36.989	1
5.4361	0
1.7559	0
2.3194	0
35.2289	1
2.6653	0
1.6477	0
3.3278	0
5.5912	0
7.2006	0
12.6487	0
19.0099	0
26.78	0
1.501	0
39.9993	1
1.3021	0
27.9607	1
2.9027	0
13.3206	0
22.8456	0
15.9119	0
3.4668	0
12.3628	1
12.1162	0
2.5441	0
1.9499	0
4.0922	0
13.0137	0
5.6945	0
6.2045	0
23.67	1
20.9777	0
26.0233	1
16.9685	0
39.9993	1
1.6262	0
36.989	1
10.8439	0
2.0387	0
4.1307	1
4.382	0
2.1672	0
12.743	1
24.8185	1
2.1323	0
1.5565	0
2.7074	0
9.2885	1
23.5702	1
39.9993	1
36.989	1
13.7623	0
39.9993	1
13.3395	0
2.3678	0
1.773	0
36.989	1
4.735	0
9.7144	0
10.7589	0
13.6331	0
24.3219	1
4.5617	1
15.8952	1
39.9993	1
12.4512	0
3.6526	0
29.5872	1
4.3776	0
16.3518	0
35.2289	1
39.9993	1
100.0	1
39.9993	1
32.2191	1
3.7147	0
9.0756	0
36.989	1
2.3236	0
1.7532	0
7.2432	0
2.8523	0
33.9806	1
8.9679	0
30.4586	1
2.8859	0
100.0	1
39.9993	1
2.6277	0
1.9241	0
2.4311	0
13.7717	0
35.2289	1
3.9836	0
30.0011	1
1.7225	0
1.4473	0
31.5498	1
36.989	1
10.4444	1
1.3939	0
26.5782	0
8.4945	0
19.8828	0
6.5574	0
2.2789	0
1.5349	0
2.3823	0
39.9993	1
100.0	1
39.9993	1
22.1533	0
35.2289	1
39.9993	1
27.9607	1
12.0755	0
100.0	1
2.6101	1
100.0	1
30.97	1
17.4908	0
2.1441	1
10.4399	0
15.7638	0
4.4865	0
3.9597	0
36.989	1
2.4123	0
3.096	0
5.2808	1
6.2809	1
9.1218	0
6.7413	0
22.372	1
11.3944	0
39.9993	1
4.651	1
14.5484	0
2.0414	0
3.377	1
100.0	1
29.2094	1
39.9993	1
10.0174	0
33.9806	1
100.0	1
35.2289	1
3.0012	0
6.755	0
19.3308	1
2.6562	0
100.0	1
2.6702	0
7.3315	0
25.6892	1
39.9993	1
1.7219	0
20.233	0
39.9993	1
100.0	1
1.48	0
1.5137	0
29.5872	0
18.0305	1
35.2289	1
5.4356	0
39.9993	1
3.5089	0
25.379	1
1.5738	0
1.5244	0
6.5988	0
2.3724	0
5.8253	0
1.4237	0
1.2859	0
2.6523	0
2.4923	0
24.563	1
1.8002	0
2.5147	0
4.4875	0
39.9993	1
15.4225	0
1.4676	0
3.6327	0
39.9993	1
33.0111	0
1.5741	0
1.928	0
10.8748	0
2.6932	0
22.763	0
20.715	0
5.3455	0
21.7465	1
36.989	1
2.5107	0
15.1341	1
33.0111	1
33.0111	1
2.2618	0
39.9993	1
19.4815	0
28.5402	1
9.956	0
30.0011	1
100.0	1
3.8792	0
33.9806	1
3.9489	0
3.2799	0
11.4061	0
23.9838	0
1.9513	0
9.162	0
32.2195	1
39.9993	1
39.9993	1
1.4506	0
2.3163	0
7.9109	0
2.3876	0
9.7033	0
13.9378	0
33.0111	1
39.9993	1
1.3007	0
1.2876	0
18.6794	1
7.3052	0
3.941	0
2.6626	0
3.0727	0
1.9043	0
2.9734	0
28.5402	1
11.9617	0
10.4856	0
3.2133	0
30.4583	0
2.4132	0
14.6843	0
1.7226	0
29.5872	0
3.1948	0
3.6866	0
26.7799	0
12.9884	0
6.3364	0
15.3339	0
4.1479	0
7.5181	0
2.7067	0
2.3577	0
100.0	1
2.7263	1
36.989	1
1.4093	0
2.9767	0
30.0011	1
25.8529	1
39.9993	1
11.529	0
5.6956	0
19.368	1
39.9993	1
2.1083	0
1.326	0
7.4917	0
39.9993	1
27.6974	1
2.6171	0
11.6074	0
2.8763	0
39.9993	1
13.8132	0
9.517	0
100.0	1
1.9548	0
2.8889	0
5.5144	0
7.9109	0
3.0828	0
1.519	0
8.8832	0
1.6685	0
3.1629	0
2.0831	0
28.2408	1
2.5292	0
33.0111	1
4.7145	0
9.9889	0
6.1197	0
9.4039	0
3.1807	0
1.5804	0
1.6586	0
4.0816	0
1.3967	0
12.9216	0
8.8634	0
20.6143	0
15.247	0
1.5229	0
2.7057	0
39.9993	1
3.3359	0
3.3126	0
7.5424	0
24.8184	0
100.0	1
7.2935	0
100.0	1
3.845	0
39.9993	1
8.886	0
15.6209	1
2.273	0
1.4608	0
5.2055	0
5.1272	0
10.9156	0
3.4037	0
5.1003	0
3.0902	0
3.2261	0
1.4706	0
1.5866	0
10.2696	0
10.3584	0
1.862	0
7.1876	0
8.2845	0
9.3722	0
20.2789	0
1.7262	0
19.4434	0
3.096	0
2.4289	0
10.2783	0
9.5662	0
8.7952	0
1.3486	0
100.0	1
100.0	1
100.0	1
100.0	1
100.0	1
33.0111	1
31.5498	1
3.5567	0
100.0	1
8.4723	0
8.3905	0
35.2289	1
39.9993	1
7.1965	0
29.2094	1
4.7608	1
100.0	1
29.5872	1
3.9499	0
100.0	1
8.4976	0
25.5313	1
39.9993	1
6.5679	0
100.0	1
7.1229	0
36.989	1
2.8017	0
100.0	1
35.2289	1
3.7026	0
100.0	1
11.3138	0
36.989	1
2.9446	0
1.936	0
3.579	0
7.0969	0
1.8256	0
1.4598	0
5.3674	0
1.3947	0
2.5903	0
100.0	1
2.8025	0
100.0	1
2.2454	0
100.0	1
12.0409	0
33.9806	1
24.6888	1
1.3315	0
33.9806	1
4.9938	0
31.5498	1
27.6972	1
36.989	1
9.3646	0
33.9806	1
10.7148	0
1.9463	0
2.4783	0
39.9993	1
100.0	1
23.4726	1
3.7794	0
36.989	1
36.989	1
7.5848	0
4.5538	0
35.2289	1
2.6978	1
7.343	1
36.989	1
4.901	0
19.1138	0
1.4415	0
4.4699	0
2.9422	0
39.9993	1
19.6375	1
6.5327	0
1.3564	0
33.0111	1
22.5242	1
8.486	1
39.9993	1
25.6892	1
35.2289	1
39.9993	1
39.9993	1
4.3751	0
4.3388	0
36.989	1
30.0011	1
100.0	1
15.3632	0
36.989	1
3.1259	0
12.5564	1
39.9993	1
29.5872	1
36.989	1
39.9993	1
33.9806	0
39.9993	0
2.1513	0
6.2611	0
6.6551	0
100.0	1
100.0	1
1.5483	0
29.5872	1
27.9605	1
36.989	1
3.7534	0
39.9993	1
4.9821	0
100.0	1
26.5782	1
13.1952	0
1.6703	0
30.97	1
30.4583	0
30.97	1
30.4583	1
30.4586	1
35.2289	1
100.0	1
23.0147	1
2.3089	0
35.2289	1
31.5498	1
30.4583	1
5.6754	0
30.4583	1
35.2289	1
35.2289	1
29.5872	1
35.2289	1
36.989	1
4.8029	0
100.0	1
39.9993	1
14.8894	0
13.2132	0
1.5579	0
36.989	1
6.3359	0
7.6431	0
36.989	1
35.2289	1
2.6576	0
18.2843	1
1.9906	0
36.989	1
2.1086	0
2.8982	0
14.1539	1
33.0106	1
100.0	1
100.0	1
36.989	1
13.5457	0
100.0	1
1.4367	0
16.135	1
36.989	1
18.5539	1
23.67	0
39.9993	1
1.3972	0
3.6282	0
1.3136	0
7.0651	0
5.9557	0
100.0	1
36.989	1
1.7802	0
1.9652	0
3.4823	0
3.9743	0
6.4832	0
3.463	0
14.9699	0
39.9993	1
36.989	1
10.8541	0
2.1044	0
6.7381	1
36.989	1
33.0111	1
4.7059	1
2.114	0
2.3719	1
30.4583	1
17.3018	1
100.0	1
100.0	1
20.4194	0
1.7135	1
10.7248	0
2.4733	0
6.9115	0
39.9993	1
39.9993	1
39.9993	1
29.2092	1
36.989	1
35.2289	1
26.5781	1
4.9019	0
9.0363	1
7.0648	0
5.574	0
5.2278	0
25.232	1
39.9993	1
36.989	1
36.989	1
2.8382	0
10.3943	0
29.5872	1
36.989	1
1.5857	0
2.1618	0
5.2285	0
39.9993	1
9.9098	0
20.0542	1
100.0	1
39.9993	1
30.4583	1
2.0784	0
100.0	1
39.9993	1
2.001	0
36.9903	1
2.5775	0
17.4909	0
29.5872	1
12.871	0
9.9542	0
32.2191	1
6.453	0
3.7858	0
1.491	0
1.9132	0
4.5887	0
1.8962	0
12.2981	0
2.5495	0
11.6675	0
39.9993	1
5.282	0
35.2289	1
35.2289	1
39.9993	1
36.989	0
22.524	1
3.6481	0
100.0	1
2.3214	0
24.3218	1
30.97	1
30.97	1
1.6026	0
36.989	1
30.97	1
5.4416	0
30.97	0
16.7192	1
39.9993	1
100.0	1
5.3879	0
6.6306	0
28.862	1
2.0558	0
39.9993	1
32.2191	1
39.9993	1
9.2392	1
39.9993	1
12.1426	1
18.2266	1
1.4371	0
5.6898	0
13.5746	0
1.2761	0
4.6661	0
33.98	1
6.5125	0
1.6624	0
15.5282	0
100.0	1
39.9993	1
2.2191	0
39.9993	1
18.1981	0
4.3499	0
3.1415	0
3.6463	0
2.9207	0
4.2797	0
36.989	1
36.989	1
33.9806	1
13.7522	1
35.2289	1
3.3376	0
1.8241	0
25.5315	1
100.0	1
5.5958	0
17.3019	0
3.2912	0
3.8553	0
4.8584	0
33.0111	1
17.2331	0
35.2289	1
14.9699	0
36.989	1
1.3996	0
7.2977	0
100.0	1
1.5924	0
15.5282	0
4.4095	0
14.1874	0
35.2289	1
5.134	0
100.0	1
1.6829	0
6.5345	0
100.0	1
13.9062	1
10.5422	0
4.9153	0
4.6778	0
100.0	1
5.2822	1
36.989	1
2.4199	1
30.97	1
18.432	0
39.9993	1
22.6023	0
25.5315	1
100.0	1
14.154	0
1.6284	0
1.3674	0
100.0	1
36.989	1
2.4264	0
3.6968	0
33.0111	1
35.2289	1
5.8863	0
1.4302	0
100.0	1
6.7077	0
2.1965	0
6.9287	1
8.8956	0
3.6443	0
5.2606	1
6.3239	0
100.0	1
2.9616	0
6.5384	0
6.6094	0
39.9993	1
2.791	0
4.3227	0
100.0	1
100.0	1
2.4556	0
10.9667	0
1.442	0
35.2289	1
3.1491	1
100.0	1
2.6784	1
3.0281	1
5.9122	0
33.0111	1
2.1582	0
32.2195	1
39.9993	1
33.0111	1
8.2468	0
2.9787	0
3.0854	0
6.5634	0
4.0414	0
15.8127	0
2.2905	0
100.0	1
100.0	1
100.0	1
100.0	1
6.3662	0
39.9993	1
2.2197	0
39.9993	1
33.0111	1
36.989	1
12.7589	0
2.3398	0
25.5315	1
22.7628	1
39.9993	1
1.818	0
1.7897	0
39.9993	1
14.6845	1
2.8578	0
39.9993	1
33.0111	1
33.9806	1
100.0	1
29.5872	1
2.6635	0
14.7223	1
39.9993	1
12.0617	0
1.7713	0
2.7776	0
39.9993	1
6.7339	0
7.7379	0
39.9993	1
9.7264	0
5.672	0
9.1186	1
1.3954	0
9.5859	0
36.989	1
36.989	1
3.556	0
36.989	1
32.2191	1
7.4586	0
36.989	1
23.0157	1
9.8199	0
2.2975	0
4.3527	0
13.6527	0
4.6935	0
31.5498	1
31.5498	0
1.6908	0
33.0111	1
2.5614	0
1.9892	0
22.763	1
7.6745	0
2.7679	0
6.0667	1
2.4042	0
7.3913	0
9.5823	0
5.3341	0
17.0331	0
35.2289	1
3.3367	0
36.989	1
36.989	1
5.7861	0
100.0	1
8.6811	1
2.4724	0
11.435	0
29.2094	1
100.0	1
2.3127	1
35.2289	1
10.7	0
2.2194	0
1.536	0
22.4473	1
4.1984	0
13.4501	1
36.989	1
39.9993	1
4.857	0
1.3549	0
2.5516	1
2.7519	0
1.8149	0
1.758	0
4.6264	0
100.0	1
27.6974	1
2.0968	0
2.3284	0
39.9993	1
1.7174	0
5.2621	0
100.0	1
35.2289	0
1.5749	0
100.0	1
8.2495	0
9.1419	0
5.5868	0
1.94	0
36.989	1
100.0	1
3.4139	0
2.0215	0
100.0	1
4.7063	0
36.989	1
1.4061	0
100.0	1
32.2195	1
17.7395	1
35.2289	1
33.0111	1
29.2094	1
2.0146	0
33.9806	1
1.8178	0
100.0	1
100.0	1
39.9993	1
7.2268	0
6.7183	0
39.9993	1
1.3704	0
1.5085	0
23.9838	1
100.0	1
27.6974	1
10.3084	1
22.0828	1
100.0	1
2.8422	0
6.7493	0
100.0	1
24.4409	0
36.989	1
100.0	1
39.9993	1
1.7033	0
1.4671	0
3.3809	0
31.5498	1
3.2255	0
30.0011	1
33.0111	1
33.0111	0
1.6856	0
5.7557	0
23.8766	1
33.9806	1
35.2289	1
36.989	1
4.3585	0
8.3742	1
27.6974	1
30.0011	1
18.2395	1
3.8873	0
36.989	1
1.2915	0
22.0134	0
100.0	1
28.5402	0
36.989	1
28.2406	1
13.7023	0
18.8085	0
17.7394	0
3.6992	1
39.9993	1
2.595	0
10.2738	0
10.6133	0
33.0111	1
6.4971	0
100.0	1
1.3499	0
3.0625	0
1.8835	0
2.8717	0
20.715	0
11.3429	0
2.0597	0
2.3427	0
17.0331	0
18.3723	0
1.5854	0
21.0323	0
6.0403	0
4.2363	0
2.8503	0
1.6489	0
12.0957	0
4.9637	0
3.8413	0
4.6975	0
5.4604	0
3.6297	0
1.4954	0
4.6715	0
39.9993	1
35.2289	1
10.2865	0
1.9388	0
10.8039	1
17.4665	0
14.2096	0
100.0	1
100.0	1
19.7995	1
36.989	1
1.3965	0
8.8022	1
100.0	1
3.0749	0
7.8768	0
4.0494	0
100.0	1
20.5647	0
1.6448	0
30.97	0
4.2711	0
35.2289	1
1.7753	0
2.4019	0
27.4494	1
25.232	0
4.383	0
36.989	1
100.0	1
12.6878	0
33.9806	1
26.992	1
35.2289	1
1.6061	0
1.9251	0
25.5315	1
35.2289	1
12.8152	0
39.9993	1
17.2328	0
10.0052	0
7.2935	0
2.2012	0
1.5518	0
7.2496	0
100.0	1
4.5676	0
1.6712	0
10.3444	0
2.5229	0
33.9806	1
100.0	1
39.9993	1
100.0	1
3.4658	0
18.2266	0
5.1743	0
1.9199	0
10.6857	0
27.9607	0
33.98	1
39.9993	1
1.6088	0
35.2289	1
8.2786	0
39.9993	1
5.6877	0
10.9103	1
2.9126	0
100.0	1
6.3364	0
3.5552	0
1.4285	0
8.4017	0
1.8992	0
4.4787	0
35.2289	1
2.3683	0
3.2681	0
1.3387	0
2.1318	0
30.4583	1
25.853	0
9.189	0
5.4551	0
8.4215	0
24.9519	1
35.2289	1
39.9993	1
39.9993	1
9.3559	0
24.952	1
23.772	1
4.4678	0
7.5854	0
2.8129	0
2.7989	0
1.8145	0
3.5253	0
9.8119	1
5.3761	0
23.3774	0
1.7013	0
100.0	1
4.1327	0
6.9911	1
1.3822	0
4.3668	0
2.3663	0
39.9993	1
7.6085	0
31.5498	1
1.8696	0
27.6974	1
1.9044	0
3.2481	0
4.5764	0
1.9094	0
13.6626	1
3.9112	0
1.316	0
6.4647	0
2.5458	0
3.5428	0
1.3264	0
1.6694	0
10.8392	0
1.7305	0
15.2186	1
2.1216	0
2.782	0
3.0671	0
2.1005	0
7.3163	0
1.439	0
1.5822	0
1.5558	0
7.9031	0
1.9129	0
3.9144	0
2.0306	0
33.9806	1
1.7074	0
2.8562	0
1.3289	0
2.2738	0
3.7225	0
1.294	0
4.0327	0
5.7139	0
5.2864	0
5.5528	0
2.6163	0
1.273	0
2.9681	0
4.413	0
19.7178	0
12.5262	1
3.7162	1
3.5705	0
6.4245	1
3.5876	0
2.0548	0
10.1737	0
2.5328	0
2.1297	0
12.6831	1
2.77	0
1.9391	0
1.6442	0
17.7395	0
23.3773	1
3.0303	0
10.059	0
3.483	0
2.1	0
2.077	0
15.148	1
2.5547	0
4.1784	0
2.1847	0
2.0619	0
2.5709	0
1.6606	0
1.5717	0
1.5638	0
5.0284	0
5.5373	0
3.5656	0
3.9057	0
2.4288	0
4.1503	1
1.661	0
2.2096	0
2.9194	0
9.1219	1
5.8854	0
7.6518	1
16.1349	0
14.7474	1
5.3687	0
13.2311	0
1.3497	0
1.8874	0
1.3899	0
1.5018	0
15.2471	1
1.4769	0
8.5984	0
2.2924	0
1.8995	0
2.0039	0
2.1127	0
18.2553	0
12.3705	1
7.6038	0
4.1998	0
7.0627	0
3.0268	0
1.5233	0
1.8919	0
2.9693	0
2.9788	0
1.4336	0
2.1528	0
1.9417	0
1.3829	0
1.4626	0
8.5432	0
13.9484	0
36.989	1
1.434	0
7.089	0
7.7497	0
2.9691	0
4.3644	0
7.8284	0
17.143	0
5.7937	0
1.5991	0
14.3002	1
36.989	1
4.3406	0
1.7387	0
12.2904	1
9.3757	0
5.3086	0
1.3408	0
20.5157	1
3.1158	0
15.2043	0
1.4563	0
2.1439	0
15.4666	0
1.5578	0
6.3899	0
2.1204	0
1.4834	0
2.1644	0
3.3683	0
2.8102	0
1.6117	0
6.8789	1
1.8426	0
2.7847	0
1.2642	0
1.4641	0
3.1509	0
1.4757	0
31.5498	1
18.4925	1
11.8904	0
10.2693	0
13.7323	1
21.619	1
1.842	0
2.2098	0
1.4803	0
2.8277	0
1.5334	0
2.3663	0
1.2886	0
1.484	0
2.2324	0
2.4206	0
3.3974	0
1.4089	0
3.7913	0
2.3335	0
5.3267	0
9.2944	0
2.3522	0
15.1621	0
36.989	1
7.516	0
7.4957	0
25.0898	1
35.2289	1
2.7446	0
1.3991	0
14.2209	1
10.9054	0
5.6615	0
3.4726	0
3.4446	0
1.437	0
15.8951	0
1.966	0
36.989	1
4.0976	0
39.9993	1
1.9441	0
31.5494	1
3.3433	0
8.2896	0
39.9993	1
2.2563	0
39.9993	1
27.6974	1
2.7815	0
16.7597	0
3.3712	0
2.989	0
33.0111	1
3.7756	0
100.0	1
18.0033	1
3.3731	0
11.485	0
2.3533	0
32.2195	0
11.9248	0
15.162	0
18.711	0
26.992	0
4.596	0
6.7666	0
3.9881	1
100.0	1
2.8085	1
39.9993	1
1.9588	0
31.5498	1
31.5498	1
35.2289	1
36.989	1
21.9452	1
8.0869	1
3.8449	0
4.2721	0
25.6894	0
39.9993	1
2.2664	0
100.0	1
5.3832	0
8.7462	0
6.2286	0
24.6888	1
2.3844	0
1.581	0
4.1913	0
10.9774	0
2.814	0
30.4586	1
39.9993	1
100.0	0
100.0	1
100.0	1
3.1041	0
1.8993	0
1.9397	0
2.0631	0
14.1429	0
35.2289	1
1.3239	0
3.0716	0
3.9087	0
9.4283	0
1.4745	0
5.0368	0
23.67	0
1.8343	0
7.0096	0
30.0011	1
4.7743	0
2.5314	0
2.2683	0
1.5591	0
3.0932	0
4.8009	0
16.659	1
4.3634	0
2.7464	0
3.9533	0
1.973	0
3.1113	1
2.5708	0
3.0317	0
2.443	0
1.6666	0
1.7911	0
5.7001	0
2.8203	0
1.9395	0
4.2139	0
3.837	0
2.7548	0
4.1494	0
1.851	0
27.2146	1
1.8623	0
2.6304	0
4.1202	0
1.4489	0
16.1174	1
1.8077	0
10.5991	0
21.619	1
19.1142	0
2.7263	1
2.3566	1
2.2002	0
1.596	0
10.384	1
1.2715	0
1.7882	0
4.7825	0
4.9822	0
2.6464	0
3.8901	0
6.5044	1
26.7797	1
2.418	0
4.9781	0
1.7585	0
4.0814	1
3.653	1
1.4673	0
3.0441	0
3.351	0
1.6648	0
18.7113	1
13.9166	1
11.1428	0
3.7789	0
1.7377	0
2.6076	1
7.4151	0
3.9912	0
3.2574	0
1.7112	0
1.6924	0
8.2867	0
3.0888	0
2.0448	0
39.9993	1
3.8773	1
3.6344	0
5.8046	0
21.2575	1
23.67	1
4.6913	0
3.5287	0
3.6709	0
1.6188	0
2.5358	1
12.5945	1
3.8147	0
100.0	1
19.1143	1
2.3202	1
4.48	0
10.2214	1
1.9031	0
4.4853	1
2.0894	0
5.0456	0
6.3367	0
5.3726	0
13.367	0
0.0	1
0.0	1
0.0	1
0.0	1
0.0	1
0.0	1
0.0	1
0.0	1
0.0	1
0.0	1
0.0	1
0.0	1
0.0	1
0.0	1
0.0	1
0.0	1
0.0	1
0.0	1
0.0	1
0.0	1
0.0	1
0.0	1
0.0	1
0.0	1
0.0	1
0.0	1
0.0	1
0.0	1
0.0	1
0.0	1
0.0	1
0.0	1
0.0	1
0.0	1
0.0	1
0.0	1
0.0	1
0.0	1
0.0	1
0.0	1
0.0	1
0.0	1
0.0	1
0.0	1
0.0	1
0.0	1
0.0	1
0.0	1
0.0	1
0.0	1
0.0	1
0.0	1
0.0	1
0.0	1
0.0	1
0.0	1
0.0	1
0.0	1
0.0	1
0.0	1
0.0	1
0.0	1
0.0	1
0.0	1
0.0	1
0.0	1
0.0	1
0.0	1
0.0	1
0.0	1
0.0	1
0.0	1
0.0	1
0.0	1
0.0	1
0.0	1
0.0	1
0.0	1
0.0	1
0.0	1
0.0	1
0.0	1
0.0	1
0.0	1
0.0	1
0.0	1
0.0	1
