2.4159	0
22.0828	0
12.8232	0
24.0935	1
1.7943	0
2.0013	0
1.6425	0
3.6666	0
12.0891	0
11.8379	0
3.1716	1
39.9993	1
15.5282	0
2.3745	0
6.5534	0
2.5518	0
3.6243	0
5.8809	0
20.924	1
39.9993	1
1.7679	0
4.634	0
9.365	0
2.4936	0
7.325	0
3.3586	0
1.3476	0
17.714	1
17.7394	0
7.8448	0
1.47	0
1.7306	0
9.788	1
2.4021	0
6.0712	0
4.8803	0
26.78	1
2.7497	0
22.1533	1
4.081	0
2.4388	0
23.9837	1
9.4578	1
6.9764	0
21.0875	1
1.3311	0
1.714	0
13.4414	1
1.61	0
1.6776	0
1.7111	0
35.2289	1
39.9993	0
1.4542	0
5.4845	0
35.2289	1
27.2146	1
27.6974	1
26.78	1
4.7887	0
2.2832	0
1.2838	0
4.2378	0
39.9993	1
11.5168	0
2.4196	0
1.9549	0
32.2195	1
2.9253	1
36.989	1
6.5486	0
100	1
35.2289	1
16.9259	0
1.6518	0
12.0014	0
1.5006	0
2.7721	0
6.6046	0
24.4409	1
8.3581	1
6.2766	0
36.989	1
22.6819	1
6.1869	0
1.9751	0
1.2748	0
6.7533	0
1.452	0
20.6143	1
4.9301	1
1.4511	0
10.4035	1
1.6633	0
2.1061	0
24.322	1
3.2984	0
39.9993	1
26.992	1
3.2702	0
4.9006	0
1.4228	0
7.8666	0
3.4645	0
5.265	0
2.0129	0
3.0212	0
4.1959	0
2.3571	0
2.26	0
1.3874	0
9.646	0
2.6236	0
20.4673	1
27.9605	1
10.4562	0
1.5115	0
1.9202	0
2.3153	0
14.3815	0
9.2324	0
3.1766	0
2.9748	0
19.841	1
10.0594	0
1.4877	0
12.3702	0
15.7318	0
1.8825	0
2.6949	0
31.5498	1
32.2195	1
100	1
2.8799	0
9.816	1
3.1615	0
2.1475	0
1.7672	0
3.8358	0
16.6194	1
5.7489	0
1.7295	0
21.3746	1
35.2289	1
13.6624	0
26.992	1
16.7394	0
39.9993	1
35.2289	1
12.035	1
15.1481	1
26.2004	1
8.322	0
36.9903	1
36.989	1
5.2347	0
3.2952	0
4.4817	0
1.7384	0
8.5063	0
35.2289	1
24.5631	1
29.5872	1
5.3979	0
4.5587	0
35.2289	1
17.233	0
31.5498	1
4.0783	0
36.989	1
8.2951	0
1.3253	0
2.9614	0
33.0111	1
17.0115	0
16.4266	0
33.98	1
32.2195	1
32.2195	0
20.1877	1
12.5832	0
22.6819	1
1.3519	0
1.9936	0
7.4647	0
26.78	0
2.6838	0
3.3755	0
4.2576	0
10.7689	0
1.9947	0
3.9993	1
1.3078	0
1.3049	0
39.9993	1
4.8293	0
1.4077	0
14.7347	1
36.989	1
1.5789	0
100	1
2.8462	0
39.9993	1
1.8908	0
15.6839	0
4.1352	0
13.7928	0
2.606	0
4.1102	0
39.9993	1
1.6406	0
1.9192	0
39.9993	1
1.9282	0
12.1575	0
2.1196	0
36.989	1
1.5316	0
5.0713	0
14.6468	0
1.3046	0
24.9519	0
3.106	0
3.0079	0
23.5701	1
5.6193	0
30.4586	1
36.989	1
16.2783	0
6.4407	0
6.2334	0
3.7833	0
7.4924	1
4.9157	0
13.9379	0
100	1
29.2094	1
39.9993	1
1.9205	0
12.8966	1
100	1
100	1
12.0887	0
100	1
1.382	0
14.2549	0
36.989	0
1.8836	0
3.0395	0
11.7872	0
8.7264	0
6.0711	1
2.5151	0
39.9993	1
1.8138	0
18.7759	0
39.9993	1
24.0933	1
35.2289	1
1.3026	0
1.6968	0
31.5498	1
2.7319	0
36.989	1
7.626	0
1.5965	0
2.4235	0
7.312	0
9.8755	0
39.9993	1
35.2289	1
8.3359	0
14.9298	0
1.5532	1
1.9407	0
7.933	0
36.989	1
4.1118	0
21.9451	0
36.989	1
17.8693	1
4.0706	0
2.4976	0
35.2289	1
3.2528	0
33.0111	1
26.5781	0
5.6367	0
18.1135	1
8.154	0
20.4674	0
100	1
14.5608	0
100	1
1.5522	0
12.3851	0
24.4409	1
7.2723	0
35.2289	1
8.5741	0
1.411	0
36.989	1
1.7724	0
4.2228	0
21.619	1
8.4976	0
1.6021	0
2.996	0
33.98	1
5.8307	0
7.6102	0
1.8704	0
7.8115	0
1.378	0
7.4425	0
1.7192	0
30.97	1
39.9993	1
5.4007	0
19.4432	0
9.684	0
23.4727	0
18.7112	0
5.9047	0
19.6373	0
5.9576	0
1.5921	0
3.5424	0
3.1444	0
4.1368	0
6.181	0
1.2771	0
2.6107	0
3.3038	0
2.5357	0
1.5564	0
3.8106	0
33.9806	1
35.2289	1
33.9806	1
1.7327	0
1.2645	0
4.7219	0
3.5142	0
9.9278	0
3.1959	0
35.2289	1
9.4251	0
35.2289	1
22.2248	1
3.0968	0
36.989	1
6.5661	0
11.2639	0
1.6399	0
36.989	1
30.0011	1
35.2289	1
28.2406	0
2.1193	0
36.989	1
2.4311	0
6.4087	0
6.4074	0
14.2549	0
17.9489	1
21.1398	1
36.989	1
39.9993	1
36.989	1
27.6974	1
2.2079	0
22.9298	0
39.9993	1
2.227	0
29.5872	1
1.4498	0
39.9993	1
35.2289	1
5.8221	0
8.621	0
21.9452	0
15.3485	0
22.9298	1
31.5498	1
39.9993	1
2.5344	0
21.1433	1
30.4583	1
3.8686	0
1.6882	0
100	1
36.9903	1
22.1532	1
1.7521	0
39.9993	1
10.8645	0
100	1
100	1
31.5498	1
24.563	1
39.9993	1
100	1
33.9806	1
36.989	1
30.97	1
6.4814	0
100	1
27.9605	1
4.5794	0
39.9993	1
11.4116	0
1.8506	0
32.2195	1
100	1
9.9928	0
7.6449	0
6.0137	0
6.2277	0
11.0619	0
6.9307	0
2.2589	0
17.2559	0
1.9791	0
3.0057	0
1.4213	0
6.8773	0
28.2406	1
1.6592	0
1.3248	0
8.3531	0
3.8498	0
2.9866	0
11.3202	0
3.9434	0
3.2349	0
100	1
35.2289	1
16.3517	1
5.2394	0
2.8582	0
6.9156	0
100	1
2.5882	0
9.6462	0
100	1
1.9926	0
3.4387	0
3.0244	0
22.225	0
8.5692	0
3.3599	0
36.989	1
39.9993	1
12.8967	1
100	1
36.989	1
3.3205	0
1.4587	0
33.0111	1
13.1603	1
32.2191	1
31.5498	1
35.2289	1
15.7317	0
100	1
100	1
2.633	0
10.6133	0
29.5872	1
4.1201	0
8.7476	0
1.6578	0
14.6098	1
14.3121	0
39.9993	1
100	1
6.6099	0
5.4124	0
8.1465	0
6.0335	0
35.2289	1
10.7002	0
1.582	0
4.0958	0
3.4482	0
1.9534	0
31.5498	1
33.0111	1
35.2289	1
36.989	1
2.8752	0
10.1307	0
2.4212	0
10.1736	1
2.6051	0
39.9993	1
3.1388	0
36.989	1
18.1135	0
39.9993	1
7.6403	0
2.4648	0
1.8332	0
7.5125	0
1.5512	0
2.7069	0
4.8702	0
39.9993	1
39.9993	1
39.9993	1
33.0111	1
1.901	0
3.5186	0
5.0533	0
14.8378	0
26.0233	0
8.965	0
5.1815	1
39.9993	1
1.3338	0
1.6172	0
39.9993	1
39.9993	0
7.6121	1
12.5561	0
3.6405	1
1.3042	0
36.989	1
10.3227	0
4.6194	0
28.2408	1
2.5752	0
30.97	1
27.4491	1
11.0888	0
8.1805	0
6.7478	1
2.0521	0
22.225	1
12.3777	0
39.9993	1
13.3669	0
100	1
2.6993	0
3.2416	0
2.5896	0
2.9907	0
1.3673	1
28.5402	0
6.7058	0
1.8531	0
1.7859	0
4.7194	0
1.3844	0
3.4573	0
2.5939	0
2.9237	0
8.4042	0
1.9545	0
23.7719	1
17.817	0
39.9993	1
18.7759	0
39.9993	1
8.5207	0
36.989	1
1.4354	0
100	1
39.9993	1
33.9793	1
6.9731	0
2.3798	0
7.4496	0
2.7371	0
3.3374	0
5.9782	0
3.4414	0
7.2267	0
2.6443	0
1.9215	0
9.0587	0
36.989	1
35.2289	1
39.9993	1
23.9837	1
7.7561	1
1.8502	0
7.3331	0
2.6276	0
35.2289	1
12.6713	1
3.9693	0
11.9417	0
3.0931	0
28.5402	1
36.989	1
6.8904	0
1.5081	0
2.551	0
8.6194	1
3.9816	0
100	1
7.1281	0
3.3573	0
3.8371	0
39.9993	1
1.7316	0
30.97	1
2.7801	0
2.3254	1
8.1231	0
1.8282	0
3.2279	0
39.9993	1
2.5374	0
5.7136	1
36.989	1
39.9993	1
100	1
13.9064	1
100	1
7.3375	1
4.6036	0
4.0398	0
39.9993	1
33.9806	1
100	1
25.0889	0
2.7093	0
28.862	1
5.7566	0
17.1654	0
39.9993	1
4.6596	0
1.827	0
3.095	0
2.3267	0
20.8182	1
36.989	1
39.9993	1
9.9441	1
36.989	1
32.2195	1
39.9993	1
39.9993	1
2.931	0
17.4669	0
5.4988	0
30.0011	1
5.9778	1
2.2377	1
5.8506	0
4.304	0
26.7799	1
20.2789	0
3.604	0
14.8247	0
26.78	1
33.0111	1
6.8459	0
36.989	1
14.6219	1
1.3857	0
9.4495	0
21.945	0
100	1
2.7648	0
5.5781	0
2.2571	0
27.4491	1
33.9806	1
39.9993	1
15.2044	0
24.952	1
2.5437	0
11.2976	1
1.996	0
100	1
30.0011	1
11.9874	0
39.9993	1
5.6441	0
2.377	0
7.7443	0
39.9993	1
3.0014	0
18.9757	1
12.8313	0
100	1
8.5547	0
27.9607	1
1.8307	0
5.5527	0
12.3705	0
2.7263	0
6.7389	0
9.2675	0
2.0282	0
30.97	1
11.8253	0
2.5137	0
5.7234	0
30.97	1
2.4434	0
4.7701	0
2.706	0
1.3663	0
10.2428	0
2.1845	0
1.7314	0
5.8129	0
2.2303	0
19.7178	0
10.5597	0
39.9993	1
8.854	0
13.5075	0
30.4583	0
2.1408	0
26.2005	0
6.9668	0
3.5974	0
19.5197	0
5.0883	0
6.1859	0
1.5296	0
2.7124	0
3.6399	0
8.0331	0
8.4051	0
7.6818	0
29.5872	1
100	1
7.0427	0
1.4729	0
2.0948	0
36.989	1
4.7287	0
24.0936	1
23.5702	1
2.3577	0
1.9422	1
15.2186	0
5.7876	0
4.1577	0
2.8726	0
36.989	1
21.2575	1
23.1034	1
31.5498	1
24.322	1
1.3284	0
9.6231	0
6.5742	0
3.6937	0
3.7221	0
1.2691	0
1.7977	0
100	1
26.992	1
35.2289	1
16.4077	0
8.8801	0
2.2955	0
2.073	0
5.1851	0
2.4528	0
6.4021	0
11.28	0
2.4892	0
1.7741	0
1.6513	0
2.6478	0
4.9748	0
100	1
1.393	0
31.5498	1
2.9159	0
33.0111	1
1.7472	0
5.5382	0
3.1803	0
3.9426	0
3.5764	0
27.4494	1
20.7663	0
1.7777	0
3.228	0
30.4583	1
11.6499	0
13.762	0
10.6469	1
5.3691	0
5.7098	0
11.9618	0
9.1754	0
16.4077	1
10.2211	0
8.8613	0
100	1
1.8782	0
20.9239	0
2.5326	0
4.1018	0
14.0976	0
18.9758	0
12.0891	0
1.4972	0
2.0966	0
3.194	0
10.1379	0
39.9993	1
6.2414	0
100	1
4.2544	0
1.9661	0
1.4541	0
23.1034	0
27.2145	0
2.021	0
36.989	1
28.5402	0
27.6974	1
9.5787	0
2.3179	0
2.6396	0
20.4194	0
2.2282	0
15.3778	0
3.4861	0
8.3865	0
11.0462	0
20.766	0
3.1946	0
29.2094	1
27.9607	0
1.5535	0
2.6826	0
30.4583	1
4.3568	0
100	1
1.558	0
5.6086	0
2.5194	0
39.9993	1
100	1
1.3143	0
35.2289	1
36.989	1
2.8015	0
1.2932	0
18.4617	0
4.4389	0
14.9565	0
100	1
1.5339	0
17.8694	1
1.6948	0
1.4506	0
5.2056	0
36.989	1
30.0011	1
10.8692	0
14.6844	0
2.7066	0
8.7689	0
13.2938	0
2.2206	0
11.8636	0
2.6388	0
1.7272	0
1.9092	0
8.3197	0
4.798	0
1.4472	0
2.9562	0
2.9627	0
1.7701	0
2.6982	0
1.3554	0
2.3072	0
8.7597	0
2.0721	0
2.3953	0
3.71	0
2.8951	0
2.0731	1
1.3824	0
1.774	0
19.0099	0
2.6601	0
9.9767	0
2.0657	0
6.9973	0
14.7988	0
8.6458	0
35.2289	0
7.2235	0
20.5647	1
19.5956	0
36.9903	1
39.9993	1
10.356	1
36.9903	1
5.0809	0
14.9965	1
100	1
36.9903	1
2.4021	0
3.8465	0
36.989	1
13.565	0
5.7583	0
2.7619	0
17.9492	0
7.0427	0
5.6439	0
3.2429	0
7.9799	0
100	0
1.4265	1
16.4644	1
39.9993	1
39.9993	1
39.9993	1
100	0
5.1975	0
9.65	0
30.4583	1
21.4951	0
36.9903	1
13.9906	1
2.9399	0
4.8486	0
16.8837	1
26.578	1
5.114	0
100	1
4.6204	0
1.3019	0
12.6409	0
39.9993	1
1.5876	0
9.6613	0
8.9366	0
10.3717	0
4.2141	0
7.4477	0
4.7159	0
100	1
6.9576	0
19.598	1
3.2108	0
4.3569	0
1.5983	0
2.2108	0
5.9365	0
11.3033	0
1.6851	0
17.8431	0
26.78	1
10.9104	0
1.8905	0
3.0373	0
100	1
39.9993	1
5.4741	0
33.0111	1
24.6888	1
100	1
7.9701	0
14.0662	0
31.5498	1
6.0588	0
16.7799	1
35.2289	1
16.842	0
7.7753	0
6.0107	0
4.9308	0
1.4863	0
24.8185	1
100	1
33.0111	1
22.0134	0
1.7448	0
33.0111	1
17.8693	0
30.4583	1
13.2311	0
10.3988	0
10.7841	0
39.9993	1
35.2289	1
4.3449	0
39.9993	1
9.9197	1
6.1979	0
39.9993	1
8.9647	0
1.931	0
10.9667	0
7.0849	0
4.0868	0
11.8963	0
16.6789	0
9.4687	0
3.6024	0
2.4953	0
2.568	0
33.0111	1
4.128	0
5.858	0
10.0693	0
1.6576	0
1.4161	0
15.1621	0
8.9178	0
7.0353	0
21.4951	0
2.8276	0
18.2843	0
20.715	0
1.721	0
26.2004	1
100	1
10.4128	0
4.1309	0
7.2	0
3.4656	0
10.1781	0
26.2004	0
39.9993	1
4.4959	0
100	1
31.5498	1
2.7652	0
35.2289	1
29.2096	1
2.4189	0
3.0351	0
36.989	1
1.3306	0
36.989	1
1.4744	0
1.3886	0
12.8307	0
1.8847	0
10.6563	1
1.3688	0
4.8149	0
33.0111	1
4.5309	0
3.3849	0
36.989	1
5.4361	0
1.7559	0
2.3194	0
35.2289	1
2.6653	0
1.6477	0
3.3278	0
5.5912	0
7.2006	0
12.6487	0
19.0099	0
26.78	0
1.501	0
39.9993	1
1.3021	0
27.9607	1
2.9027	0
13.3206	0
22.8456	0
15.9119	0
3.4668	0
12.3628	1
12.1162	0
2.5441	0
1.9499	0
4.0922	0
13.0137	0
5.6945	0
6.2045	0
23.67	1
20.9777	0
26.0233	1
16.9685	0
39.9993	1
1.6262	0
36.989	1
10.8439	0
2.0387	0
4.1307	1
4.382	0
2.1672	0
12.743	1
24.8185	1
2.1323	0
1.5565	0
2.7074	0
9.2885	1
23.5702	1
39.9993	1
36.989	1
13.7623	0
39.9993	1
13.3395	0
2.3678	0
1.773	0
36.989	1
4.735	0
9.7144	0
10.7589	0
13.6331	0
24.3219	1
4.5617	1
15.8952	1
39.9993	1
12.4512	0
3.6526	0
29.5872	1
4.3776	0
16.3518	0
35.2289	1
39.9993	1
100	1
39.9993	1
32.2191	1
3.7147	0
9.0756	0
36.989	1
2.3236	0
1.7532	0
7.2432	0
2.8523	0
33.9806	1
8.9679	0
30.4586	1
2.8859	0
100	1
39.9993	1
2.6277	0
1.9241	0
2.4311	0
13.7717	0
35.2289	1
3.9836	0
30.0011	1
1.7225	0
1.4473	0
31.5498	1
36.989	1
10.4444	1
1.3939	0
26.5782	0
8.4945	0
19.8828	0
6.5574	0
2.2789	0
1.5349	0
2.3823	0
39.9993	1
100	1
39.9993	1
22.1533	0
35.2289	1
39.9993	1
27.9607	1
12.0755	0
100	1
2.6101	1
100	1
30.97	1
17.4908	0
2.1441	1
10.4399	0
15.7638	0
4.4865	0
3.9597	0
36.989	1
2.4123	0
3.096	0
5.2808	1
6.2809	1
9.1218	0
6.7413	0
22.372	1
11.3944	0
39.9993	1
4.651	1
14.5484	0
2.0414	0
3.377	1
100	1
29.2094	1
39.9993	1
10.0174	0
33.9806	1
100	1
35.2289	1
3.0012	0
6.755	0
19.3308	1
2.6562	0
100	1
2.6702	0
7.3315	0
25.6892	1
39.9993	1
1.7219	0
20.233	0
39.9993	1
100	1
1.48	0
1.5137	0
29.5872	0
18.0305	1
35.2289	1
5.4356	0
39.9993	1
3.5089	0
25.379	1
1.5738	0
1.5244	0
6.5988	0
2.3724	0
5.8253	0
1.4237	0
1.2859	0
2.6523	0
2.4923	0
24.563	1
1.8002	0
2.5147	0
4.4875	0
39.9993	1
15.4225	0
1.4676	0
3.6327	0
39.9993	1
33.0111	0
1.5741	0
1.928	0
10.8748	0
2.6932	0
22.763	0
20.715	0
5.3455	0
21.7465	1
36.989	1
2.5107	0
15.1341	1
33.0111	1
33.0111	1
2.2618	0
39.9993	1
19.4815	0
28.5402	1
9.956	0
30.0011	1
100	1
3.8792	0
33.9806	1
3.9489	0
3.2799	0
11.4061	0
23.9838	0
1.9513	0
9.162	0
32.2195	1
39.9993	1
39.9993	1
1.4506	0
2.3163	0
7.9109	0
2.3876	0
9.7033	0
13.9378	0
33.0111	1
39.9993	1
1.3007	0
1.2876	0
18.6794	1
7.3052	0
3.941	0
2.6626	0
3.0727	0
1.9043	0
2.9734	0
28.5402	1
11.9617	0
10.4856	0
3.2133	0
30.4583	0
2.4132	0
14.6843	0
1.7226	0
29.5872	0
3.1948	0
3.6866	0
26.7799	0
12.9884	0
6.3364	0
15.3339	0
4.1479	0
7.5181	0
2.7067	0
2.3577	0
100	1
2.7263	1
36.989	1
1.4093	0
2.9767	0
30.0011	1
25.8529	1
39.9993	1
11.529	0
5.6956	0
19.368	1
39.9993	1
2.1083	0
1.326	0
7.4917	0
39.9993	1
27.6974	1
2.6171	0
11.6074	0
2.8763	0
39.9993	1
13.8132	0
9.517	0
100	1
1.9548	0
2.8889	0
5.5144	0
7.9109	0
3.0828	0
1.519	0
8.8832	0
1.6685	0
3.1629	0
2.0831	0
28.2408	1
2.5292	0
33.0111	1
4.7145	0
9.9889	0
6.1197	0
9.4039	0
3.1807	0
1.5804	0
1.6586	0
4.0816	0
1.3967	0
12.9216	0
8.8634	0
20.6143	0
15.247	0
1.5229	0
2.7057	0
39.9993	1
3.3359	0
3.3126	0
7.5424	0
24.8184	0
100	1
7.2935	0
100	1
3.845	0
39.9993	1
8.886	0
15.6209	1
2.273	0
1.4608	0
5.2055	0
5.1272	0
10.9156	0
3.4037	0
5.1003	0
3.0902	0
3.2261	0
1.4706	0
1.5866	0
10.2696	0
10.3584	0
1.862	0
7.1876	0
8.2845	0
9.3722	0
20.2789	0
1.7262	0
19.4434	0
3.096	0
2.4289	0
10.2783	0
9.5662	0
8.7952	0
1.3486	0
100	1
100	1
100	1
100	1
100	1
33.0111	1
31.5498	1
3.5567	0
100	1
8.4723	0
8.3905	0
35.2289	1
39.9993	1
7.1965	0
29.2094	1
4.7608	1
100	1
29.5872	1
3.9499	0
100	1
8.4976	0
25.5313	1
39.9993	1
6.5679	0
100	1
7.1229	0
36.989	1
2.8017	0
100	1
35.2289	1
3.7026	0
100	1
11.3138	0
36.989	1
2.9446	0
1.936	0
3.579	0
7.0969	0
1.8256	0
1.4598	0
5.3674	0
1.3947	0
2.5903	0
100	1
2.8025	0
100	1
2.2454	0
100	1
12.0409	0
33.9806	1
24.6888	1
1.3315	0
33.9806	1
4.9938	0
31.5498	1
27.6972	1
36.989	1
9.3646	0
33.9806	1
10.7148	0
1.9463	0
2.4783	0
39.9993	1
100	1
23.4726	1
3.7794	0
36.989	1
36.989	1
7.5848	0
4.5538	0
35.2289	1
2.6978	1
7.343	1
36.989	1
4.901	0
19.1138	0
1.4415	0
4.4699	0
2.9422	0
39.9993	1
19.6375	1
6.5327	0
1.3564	0
33.0111	1
22.5242	1
8.486	1
39.9993	1
25.6892	1
35.2289	1
39.9993	1
39.9993	1
4.3751	0
4.3388	0
36.989	1
30.0011	1
100	1
15.3632	0
36.989	1
3.1259	0
12.5564	1
39.9993	1
29.5872	1
36.989	1
39.9993	1
33.9806	0
39.9993	0
2.1513	0
6.2611	0
6.6551	0
100	1
100	1
1.5483	0
29.5872	1
27.9605	1
36.989	1
3.7534	0
39.9993	1
4.9821	0
100	1
26.5782	1
13.1952	0
1.6703	0
30.97	1
30.4583	0
30.97	1
30.4583	1
30.4586	1
35.2289	1
100	1
23.0147	1
2.3089	0
35.2289	1
31.5498	1
30.4583	1
5.6754	0
30.4583	1
35.2289	1
35.2289	1
29.5872	1
35.2289	1
36.989	1
4.8029	0
100	1
39.9993	1
14.8894	0
13.2132	0
1.5579	0
36.989	1
6.3359	0
7.6431	0
36.989	1
35.2289	1
2.6576	0
18.2843	1
1.9906	0
36.989	1
2.1086	0
2.8982	0
14.1539	1
33.0106	1
100	1
100	1
36.989	1
13.5457	0
100	1
1.4367	0
16.135	1
36.989	1
18.5539	1
23.67	0
39.9993	1
1.3972	0
3.6282	0
1.3136	0
7.0651	0
5.9557	0
100	1
36.989	1
1.7802	0
1.9652	0
3.4823	0
3.9743	0
6.4832	0
3.463	0
14.9699	0
39.9993	1
36.989	1
10.8541	0
2.1044	0
6.7381	1
36.989	1
33.0111	1
4.7059	1
2.114	0
2.3719	1
30.4583	1
17.3018	1
100	1
100	1
20.4194	0
1.7135	1
10.7248	0
2.4733	0
6.9115	0
39.9993	1
39.9993	1
39.9993	1
29.2092	1
36.989	1
35.2289	1
26.5781	1
4.9019	0
9.0363	1
7.0648	0
5.574	0
5.2278	0
25.232	1
39.9993	1
36.989	1
36.989	1
2.8382	0
10.3943	0
29.5872	1
36.989	1
1.5857	0
2.1618	0
5.2285	0
39.9993	1
9.9098	0
20.0542	1
100	1
39.9993	1
30.4583	1
2.0784	0
100	1
39.9993	1
2.001	0
36.9903	1
2.5775	0
17.4909	0
29.5872	1
12.871	0
9.9542	0
32.2191	1
6.453	0
3.7858	0
1.491	0
1.9132	0
4.5887	0
1.8962	0
12.2981	0
2.5495	0
11.6675	0
39.9993	1
5.282	0
35.2289	1
35.2289	1
39.9993	1
36.989	0
22.524	1
3.6481	0
100	1
2.3214	0
24.3218	1
30.97	1
30.97	1
1.6026	0
36.989	1
30.97	1
5.4416	0
30.97	0
16.7192	1
39.9993	1
100	1
5.3879	0
6.6306	0
28.862	1
2.0558	0
39.9993	1
32.2191	1
39.9993	1
9.2392	1
39.9993	1
12.1426	1
18.2266	1
1.4371	0
5.6898	0
13.5746	0
1.2761	0
4.6661	0
33.98	1
6.5125	0
1.6624	0
15.5282	0
100	1
39.9993	1
2.2191	0
39.9993	1
18.1981	0
4.3499	0
3.1415	0
3.6463	0
2.9207	0
4.2797	0
36.989	1
36.989	1
33.9806	1
13.7522	1
35.2289	1
3.3376	0
1.8241	0
25.5315	1
100	1
5.5958	0
17.3019	0
3.2912	0
3.8553	0
4.8584	0
33.0111	1
17.2331	0
35.2289	1
14.9699	0
36.989	1
1.3996	0
7.2977	0
100	1
1.5924	0
15.5282	0
4.4095	0
14.1874	0
35.2289	1
5.134	0
100	1
1.6829	0
6.5345	0
100	1
13.9062	1
10.5422	0
4.9153	0
4.6778	0
100	1
5.2822	1
36.989	1
2.4199	1
30.97	1
18.432	0
39.9993	1
22.6023	0
25.5315	1
100	1
14.154	0
1.6284	0
1.3674	0
100	1
36.989	1
2.4264	0
3.6968	0
33.0111	1
35.2289	1
5.8863	0
1.4302	0
100	1
6.7077	0
2.1965	0
6.9287	1
8.8956	0
3.6443	0
5.2606	1
6.3239	0
100	1
2.9616	0
6.5384	0
6.6094	0
39.9993	1
2.791	0
4.3227	0
100	1
100	1
2.4556	0
10.9667	0
1.442	0
35.2289	1
3.1491	1
100	1
2.6784	1
3.0281	1
5.9122	0
33.0111	1
2.1582	0
32.2195	1
39.9993	1
33.0111	1
8.2468	0
2.9787	0
3.0854	0
6.5634	0
4.0414	0
15.8127	0
2.2905	0
100	1
100	1
100	1
100	1
6.3662	0
39.9993	1
2.2197	0
39.9993	1
33.0111	1
36.989	1
12.7589	0
2.3398	0
25.5315	1
22.7628	1
39.9993	1
1.818	0
1.7897	0
39.9993	1
14.6845	1
2.8578	0
39.9993	1
33.0111	1
33.9806	1
100	1
29.5872	1
2.6635	0
14.7223	1
39.9993	1
12.0617	0
1.7713	0
2.7776	0
39.9993	1
6.7339	0
7.7379	0
39.9993	1
9.7264	0
5.672	0
9.1186	1
1.3954	0
9.5859	0
36.989	1
36.989	1
3.556	0
36.989	1
32.2191	1
7.4586	0
36.989	1
23.0157	1
9.8199	0
2.2975	0
4.3527	0
13.6527	0
4.6935	0
31.5498	1
31.5498	0
1.6908	0
33.0111	1
2.5614	0
1.9892	0
22.763	1
7.6745	0
2.7679	0
6.0667	1
2.4042	0
7.3913	0
9.5823	0
5.3341	0
17.0331	0
35.2289	1
3.3367	0
36.989	1
36.989	1
5.7861	0
100	1
8.6811	1
2.4724	0
11.435	0
29.2094	1
100	1
2.3127	1
35.2289	1
10.7	0
2.2194	0
1.536	0
22.4473	1
4.1984	0
13.4501	1
36.989	1
39.9993	1
4.857	0
1.3549	0
2.5516	1
2.7519	0
1.8149	0
1.758	0
4.6264	0
100	1
27.6974	1
2.0968	0
2.3284	0
39.9993	1
1.7174	0
5.2621	0
100	1
35.2289	0
1.5749	0
100	1
8.2495	0
9.1419	0
5.5868	0
1.94	0
36.989	1
100	1
3.4139	0
2.0215	0
100	1
4.7063	0
36.989	1
1.4061	0
100	1
32.2195	1
17.7395	1
35.2289	1
33.0111	1
29.2094	1
2.0146	0
33.9806	1
1.8178	0
100	1
100	1
39.9993	1
7.2268	0
6.7183	0
39.9993	1
1.3704	0
1.5085	0
23.9838	1
100	1
27.6974	1
10.3084	1
22.0828	1
100	1
2.8422	0
6.7493	0
100	1
24.4409	0
36.989	1
100	1
39.9993	1
1.7033	0
1.4671	0
3.3809	0
31.5498	1
3.2255	0
30.0011	1
33.0111	1
33.0111	0
1.6856	0
5.7557	0
23.8766	1
33.9806	1
35.2289	1
36.989	1
4.3585	0
8.3742	1
27.6974	1
30.0011	1
18.2395	1
3.8873	0
36.989	1
1.2915	0
22.0134	0
100	1
28.5402	0
36.989	1
28.2406	1
13.7023	0
18.8085	0
17.7394	0
3.6992	1
39.9993	1
2.595	0
10.2738	0
10.6133	0
33.0111	1
6.4971	0
100	1
1.3499	0
3.0625	0
1.8835	0
2.8717	0
20.715	0
11.3429	0
2.0597	0
2.3427	0
17.0331	0
18.3723	0
1.5854	0
21.0323	0
6.0403	0
4.2363	0
2.8503	0
1.6489	0
12.0957	0
4.9637	0
3.8413	0
4.6975	0
5.4604	0
3.6297	0
1.4954	0
4.6715	0
39.9993	1
35.2289	1
10.2865	0
1.9388	0
10.8039	1
17.4665	0
14.2096	0
100	1
100	1
19.7995	1
36.989	1
1.3965	0
8.8022	1
100	1
3.0749	0
7.8768	0
4.0494	0
100	1
20.5647	0
1.6448	0
30.97	0
4.2711	0
35.2289	1
1.7753	0
2.4019	0
27.4494	1
25.232	0
4.383	0
36.989	1
100	1
12.6878	0
33.9806	1
26.992	1
35.2289	1
1.6061	0
1.9251	0
25.5315	1
35.2289	1
12.8152	0
39.9993	1
17.2328	0
10.0052	0
7.2935	0
2.2012	0
1.5518	0
7.2496	0
100	1
4.5676	0
1.6712	0
10.3444	0
2.5229	0
33.9806	1
100	1
39.9993	1
100	1
3.4658	0
18.2266	0
5.1743	0
1.9199	0
10.6857	0
27.9607	0
33.98	1
39.9993	1
1.6088	0
35.2289	1
8.2786	0
39.9993	1
5.6877	0
10.9103	1
2.9126	0
100	1
6.3364	0
3.5552	0
1.4285	0
8.4017	0
1.8992	0
4.4787	0
35.2289	1
2.3683	0
3.2681	0
1.3387	0
2.1318	0
30.4583	1
25.853	0
9.189	0
5.4551	0
8.4215	0
24.9519	1
35.2289	1
39.9993	1
39.9993	1
9.3559	0
24.952	1
23.772	1
4.4678	0
7.5854	0
2.8129	0
2.7989	0
1.8145	0
3.5253	0
9.8119	1
5.3761	0
23.3774	0
1.7013	0
100	1
4.1327	0
6.9911	1
1.3822	0
4.3668	0
2.3663	0
39.9993	1
7.6085	0
31.5498	1
1.8696	0
27.6974	1
1.9044	0
3.2481	0
4.5764	0
1.9094	0
13.6626	1
3.9112	0
1.316	0
6.4647	0
2.5458	0
3.5428	0
1.3264	0
1.6694	0
10.8392	0
1.7305	0
15.2186	1
2.1216	0
2.782	0
3.0671	0
2.1005	0
7.3163	0
1.439	0
1.5822	0
1.5558	0
7.9031	0
1.9129	0
3.9144	0
2.0306	0
33.9806	1
1.7074	0
2.8562	0
1.3289	0
2.2738	0
3.7225	0
1.294	0
4.0327	0
5.7139	0
5.2864	0
5.5528	0
2.6163	0
1.273	0
2.9681	0
4.413	0
19.7178	0
12.5262	1
3.7162	1
3.5705	0
6.4245	1
3.5876	0
2.0548	0
10.1737	0
2.5328	0
2.1297	0
12.6831	1
2.77	0
1.9391	0
1.6442	0
17.7395	0
23.3773	1
3.0303	0
10.059	0
3.483	0
2.1	0
2.077	0
15.148	1
2.5547	0
4.1784	0
2.1847	0
2.0619	0
2.5709	0
1.6606	0
1.5717	0
1.5638	0
5.0284	0
5.5373	0
3.5656	0
3.9057	0
2.4288	0
4.1503	1
1.661	0
2.2096	0
2.9194	0
9.1219	1
5.8854	0
7.6518	1
16.1349	0
14.7474	1
5.3687	0
13.2311	0
1.3497	0
1.8874	0
1.3899	0
1.5018	0
15.2471	1
1.4769	0
8.5984	0
2.2924	0
1.8995	0
2.0039	0
2.1127	0
18.2553	0
12.3705	1
7.6038	0
4.1998	0
7.0627	0
3.0268	0
1.5233	0
1.8919	0
2.9693	0
2.9788	0
1.4336	0
2.1528	0
1.9417	0
1.3829	0
1.4626	0
8.5432	0
13.9484	0
36.989	1
1.434	0
7.089	0
7.7497	0
2.9691	0
4.3644	0
7.8284	0
17.143	0
5.7937	0
1.5991	0
14.3002	1
36.989	1
4.3406	0
1.7387	0
12.2904	1
9.3757	0
5.3086	0
1.3408	0
20.5157	1
3.1158	0
15.2043	0
1.4563	0
2.1439	0
15.4666	0
1.5578	0
6.3899	0
2.1204	0
1.4834	0
2.1644	0
3.3683	0
2.8102	0
1.6117	0
6.8789	1
1.8426	0
2.7847	0
1.2642	0
1.4641	0
3.1509	0
1.4757	0
31.5498	1
18.4925	1
11.8904	0
10.2693	0
13.7323	1
21.619	1
1.842	0
2.2098	0
1.4803	0
2.8277	0
1.5334	0
2.3663	0
1.2886	0
1.484	0
2.2324	0
2.4206	0
3.3974	0
1.4089	0
3.7913	0
2.3335	0
5.3267	0
9.2944	0
2.3522	0
15.1621	0
36.989	1
7.516	0
7.4957	0
25.0898	1
35.2289	1
2.7446	0
1.3991	0
14.2209	1
10.9054	0
5.6615	0
3.4726	0
3.4446	0
1.437	0
15.8951	0
1.966	0
36.989	1
4.0976	0
39.9993	1
1.9441	0
31.5494	1
3.3433	0
8.2896	0
39.9993	1
2.2563	0
39.9993	1
27.6974	1
2.7815	0
16.7597	0
3.3712	0
2.989	0
33.0111	1
3.7756	0
100	1
18.0033	1
3.3731	0
11.485	0
2.3533	0
32.2195	0
11.9248	0
15.162	0
18.711	0
26.992	0
4.596	0
6.7666	0
3.9881	1
100	1
2.8085	1
39.9993	1
1.9588	0
31.5498	1
31.5498	1
35.2289	1
36.989	1
21.9452	1
8.0869	1
3.8449	0
4.2721	0
25.6894	0
39.9993	1
2.2664	0
100	1
5.3832	0
8.7462	0
6.2286	0
24.6888	1
2.3844	0
1.581	0
4.1913	0
10.9774	0
2.814	0
30.4586	1
39.9993	1
100	0
100	1
100	1
3.1041	0
1.8993	0
1.9397	0
2.0631	0
14.1429	0
35.2289	1
1.3239	0
3.0716	0
3.9087	0
9.4283	0
1.4745	0
5.0368	0
23.67	0
1.8343	0
7.0096	0
30.0011	1
4.7743	0
2.5314	0
2.2683	0
1.5591	0
3.0932	0
4.8009	0
16.659	1
4.3634	0
2.7464	0
3.9533	0
1.973	0
3.1113	1
2.5708	0
3.0317	0
2.443	0
1.6666	0
1.7911	0
5.7001	0
2.8203	0
1.9395	0
4.2139	0
3.837	0
2.7548	0
4.1494	0
1.851	0
27.2146	1
1.8623	0
2.6304	0
4.1202	0
1.4489	0
16.1174	1
1.8077	0
10.5991	0
21.619	1
19.1142	0
2.7263	1
2.3566	1
2.2002	0
1.596	0
10.384	1
1.2715	0
1.7882	0
4.7825	0
4.9822	0
2.6464	0
3.8901	0
6.5044	1
26.7797	1
2.418	0
4.9781	0
1.7585	0
4.0814	1
3.653	1
1.4673	0
3.0441	0
3.351	0
1.6648	0
18.7113	1
13.9166	1
11.1428	0
3.7789	0
1.7377	0
2.6076	1
7.4151	0
3.9912	0
3.2574	0
1.7112	0
1.6924	0
8.2867	0
3.0888	0
2.0448	0
39.9993	1
3.8773	1
3.6344	0
5.8046	0
21.2575	1
23.67	1
4.6913	0
3.5287	0
3.6709	0
1.6188	0
2.5358	1
12.5945	1
3.8147	0
100	1
19.1143	1
2.3202	1
4.48	0
10.2214	1
1.9031	0
4.4853	1
2.0894	0
5.0456	0
6.3367	0
5.3726	0
13.367	0
0	1
0	1
0	1
0	1
0	1
0	1
0	1
0	1
0	1
0	1
0	1
0	1
0	1
0	1
0	1
0	1
0	1
0	1
0	1
0	1
0	1
0	1
0	1
0	1
0	1
0	1
0	1
0	1
0	1
0	1
0	1
0	1
0	1
0	1
0	1
0	1
0	1
0	1
0	1
0	1
0	1
0	1
0	1
0	1
0	1
0	1
0	1
0	1
0	1
0	1
0	1
0	1
0	1
0	1
0	1
0	1
0	1
0	1
0	1
0	1
0	1
0	1
0	1
0	1
0	1
0	1
0	1
0	1
0	1
0	1
0	1
0	1
0	1
0	1
0	1
0	1
0	1
0	1
0	1
0	1
0	1
0	1
0	1
0	1
0	1
0	1
0	1
