0.3033	0
0.3495	0
0.8927	0
0.6803	0
0.5581	0
0.851	0
0.4715	0
0.7468	1
0.9566	1
0.9988	1
0.4373	0
0.6976	0
0.4487	0
0.9255	0
0.6771	0
0.3884	0
0.3703	0
0.7116	1
0.9823	1
0.9982	1
0.4719	0
0.9643	1
0.3072	0
0.9985	1
0.999	1
0.3003	0
0.9991	1
0.9954	1
0.3995	0
0.9771	0
0.4716	0
0.8914	0
0.4779	0
0.5483	0
0.9209	1
0.961	1
0.9932	1
0.5307	0
0.5729	1
0.4347	0
0.357	0
0.9573	1
0.6834	0
0.9991	1
0.5102	0
0.902	0
0.3771	0
0.6417	0
0.8834	1
0.3591	0
0.4691	0
0.9969	1
0.8927	0
0.4519	0
0.6258	0
0.9389	0
0.5532	0
0.4091	0
0.9999	1
0.4595	0
0.9748	1
0.6081	1
0.8894	0
0.7968	0
0.7696	0
0.8737	1
0.9717	1
0.9991	1
0.9092	0
0.8351	0
0.3419	0
0.992	1
0.3321	0
0.3221	0
0.6413	0
0.4476	0
0.3197	0
0.3444	0
0.9849	1
0.9252	0
0.4086	0
0.7918	0
0.447	0
0.9893	1
0.3773	0
0.5921	0
0.439	0
0.5459	0
0.3059	0
0.3489	0
0.9895	1
0.9996	1
0.9998	1
0.404	0
0.9559	1
0.996	1
0.9495	0
0.773	0
0.4239	0
0.6667	0
0.9019	1
0.4894	0
0.5161	0
0.993	1
0.7513	0
0.8005	0
0.7949	0
0.5143	0
0.3186	0
0.7088	0
0.587	0
0.9643	1
0.6796	0
0.6065	0
0.5919	0
0.5053	0
0.7404	0
0.4384	0
0.9622	1
0.3499	0
0.6404	0
0.9007	0
0.9956	1
0.7333	0
0.9923	1
0.8606	1
0.9286	1
0.3721	0
0.4875	0
0.9525	0
0.9792	1
0.4985	0
0.5559	0
0.4765	0
0.9606	1
0.9974	1
0.9348	0
0.4922	0
0.6009	1
0.7636	1
0.8423	0
0.9946	1
0.9956	1
0.5138	0
0.9276	1
0.395	0
0.5707	0
0.9229	1
0.6755	0
0.9395	1
0.763	0
0.975	1
0.7572	0
0.9485	1
0.955	1
0.7376	1
0.37	0
0.9999	1
0.7701	0
0.9996	1
0.3049	0
0.3	0
0.4811	0
0.9976	1
0.5611	0
0.3254	0
0.9965	1
0.3965	0
0.9992	1
0.9568	0
0.7668	0
0.4777	0
0.9995	1
0.3395	0
0.9261	1
0.8392	0
0.934	1
0.998	1
0.938	1
0.3835	0
0.8249	0
0.4826	0
0.8996	0
0.487	1
0.7425	0
0.9963	1
0.9342	0
0.7066	0
0.8112	0
0.8846	0
0.5501	0
0.308	0
0.9031	0
0.5392	0
0.9864	0
0.4432	0
0.3473	0
0.3373	0
0.9981	1
0.4932	1
0.9872	1
0.9523	0
0.8901	0
0.8087	0
0.4641	0
0.4294	0
0.9948	1
0.4007	0
0.5021	0
0.9976	1
0.999	1
0.3123	0
0.8462	0
0.611	0
0.9319	0
0.8942	1
0.8704	0
0.6015	0
0.6613	0
0.8995	0
0.3151	0
0.9772	1
0.9984	1
0.3672	0
0.9989	1
0.9883	1
0.9894	1
0.3754	0
0.9969	1
0.9915	1
0.3841	0
0.5219	0
0.9031	1
0.6332	0
0.3777	0
0.3909	0
0.5929	0
0.4305	0
0.308	0
0.9982	1
0.792	0
0.9939	0
0.3434	0
0.6128	1
0.8623	0
0.6119	0
0.8846	0
0.3157	0
0.6628	0
0.9687	1
0.8759	0
0.6115	0
0.3285	0
0.3184	1
0.3522	0
0.5537	0
0.9951	1
0.8428	0
0.4757	0
0.6454	0
0.9977	1
0.9919	1
0.4859	0
0.9892	0
0.3835	0
0.8237	0
0.3028	0
0.99	1
0.9624	1
0.9959	1
0.9438	0
0.3006	0
0.9989	1
0.333	0
0.9826	1
0.9952	1
0.9187	1
0.9071	0
0.7164	0
0.9775	1
0.9586	1
0.5627	0
0.9635	1
0.9019	1
0.8274	0
0.9719	1
0.9547	0
0.9977	1
0.4356	0
0.9663	0
0.7407	0
0.7076	0
0.7733	0
0.977	0
0.4859	0
0.3084	0
0.9998	1
0.8492	0
0.4701	0
0.9999	1
0.782	0
0.9395	0
0.563	0
0.8917	0
0.9561	0
0.3205	0
0.3286	0
0.9965	1
0.9707	1
0.3466	0
0.5073	0
0.8943	1
0.305	0
0.3027	0
0.4529	0
0.3371	0
0.8055	1
0.9426	0
0.5324	0
0.5242	0
0.3576	0
0.3298	0
0.3826	0
0.9924	1
0.951	0
0.999	1
0.949	1
0.3822	0
0.9966	1
0.4835	0
0.3304	0
0.9251	1
0.3753	0
0.6023	0
0.8116	1
0.9436	1
0.9608	1
0.6025	0
0.666	0
0.6005	0
0.9986	1
0.3796	0
0.9893	1
0.9988	1
0.9789	1
0.998	1
0.4472	0
0.7419	0
0.9959	1
0.3722	0
0.9974	1
0.3339	0
0.9897	1
0.4106	0
0.6363	0
0.6429	0
0.9568	1
0.3256	0
0.4152	0
0.3542	0
0.7486	0
0.9999	1
0.545	0
0.8531	0
0.6495	0
0.9976	1
0.3741	0
0.833	0
0.9632	1
0.9757	0
0.7759	1
0.6244	0
0.6331	0
0.458	0
0.9287	1
0.5125	0
0.4866	0
0.9983	1
0.4291	0
0.4644	0
0.3168	0
0.9858	0
0.39	0
0.9708	0
0.8597	0
0.995	1
0.8052	0
0.7411	0
0.6072	0
0.4087	0
0.9953	1
0.9998	1
0.3891	0
0.5915	0
0.3422	0
0.3692	0
0.9585	1
0.9925	1
0.9024	1
0.4676	0
0.3915	0
0.9977	1
0.9948	1
0.4388	0
0.4462	0
0.9396	1
0.3216	0
0.5632	0
0.6375	0
0.4119	0
0.3571	0
0.6468	0
0.4831	0
0.4923	0
0.4161	0
0.8422	1
0.9983	1
0.6991	1
0.8077	0
0.9781	0
0.714	0
0.3091	0
0.3091	0
0.5798	0
0.5911	0
0.8455	0
0.9732	1
0.3272	0
0.5888	0
0.9956	1
0.9786	1
0.3085	0
0.3588	0
0.3064	0
0.9433	0
0.9816	1
0.9999	0
0.3685	0
0.3705	0
0.9481	0
0.9995	1
0.4142	0
0.9129	0
0.547	0
0.3567	0
0.5394	0
0.792	0
0.3843	0
0.6282	0
0.4189	0
0.5156	0
0.406	0
0.3242	0
0.8827	1
0.9628	0
0.7914	0
0.9958	1
0.3253	0
0.557	0
0.3037	0
0.3401	0
0.9982	1
0.4951	0
0.3064	0
0.3331	1
0.9867	0
0.7657	1
0.9999	1
0.9845	0
0.4279	0
0.3919	0
0.9942	1
0.9668	1
0.9996	1
0.5265	0
0.9678	0
0.4041	0
0.4298	0
0.3258	0
0.966	1
0.8482	0
0.5518	0
0.6499	1
0.8698	0
0.9935	1
0.9738	0
0.4393	0
0.9954	1
0.7813	0
0.5306	0
0.5807	0
0.3573	0
0.9994	1
0.5096	0
0.9311	1
0.3874	0
0.5184	0
0.3363	0
0.6292	0
0.6222	0
0.9902	1
0.3157	0
0.9293	0
0.821	0
0.4823	0
0.987	1
0.9999	1
0.9995	1
0.9989	1
0.3978	0
0.3446	0
0.9779	0
0.6333	0
0.9969	1
0.6856	1
0.8247	0
0.9688	0
0.3648	0
0.999	1
0.9888	1
0.5945	0
0.9695	1
0.9955	0
0.8776	0
0.5252	0
0.6036	0
0.5235	0
0.5836	0
0.9752	1
0.9984	1
0.4376	0
0.9994	1
0.9481	1
0.9884	1
0.32	0
0.3491	1
0.968	0
0.9988	1
0.999	1
0.4956	0
0.6691	1
0.9639	1
0.3502	0
0.9928	1
0.3192	1
0.7735	0
0.4209	0
0.3608	0
0.9858	1
0.7378	0
0.7236	0
0.4664	0
0.422	0
0.9991	1
0.3121	0
0.9975	1
0.6886	1
0.9792	1
0.8547	0
0.9996	1
0.5722	0
0.3419	0
0.9355	1
0.5072	0
0.3679	0
0.9782	1
0.9997	1
0.5792	0
0.9601	1
0.8812	1
0.7358	0
0.8059	0
0.3732	0
0.3376	0
0.9993	1
0.3683	0
0.4774	0
0.9119	0
0.9564	1
0.4413	0
0.3094	0
0.9794	1
0.9474	1
0.4812	0
0.8557	1
0.8075	1
0.3456	0
0.7272	0
0.6293	0
0.6907	0
0.3586	1
0.5441	0
0.9928	1
0.515	0
0.3774	0
0.3332	0
0.4078	0
0.9967	1
0.8704	0
0.9428	0
0.6306	0
0.8034	0
0.3177	0
0.7912	1
0.4146	0
0.3403	0
0.8354	1
0.306	0
0.9451	0
0.4254	1
0.5163	0
0.4733	0
0.7608	1
0.379	0
0.6901	0
0.8063	0
0.6477	0
0.9075	1
0.5204	0
0.5047	0
0.5247	0
0.6254	0
0.998	0
0.9035	0
0.3197	0
0.5259	1
0.9987	1
0.7528	0
0.3194	0
0.3755	0
0.999	1
0.3018	0
0.4319	0
0.9445	0
0.5199	0
0.9422	1
0.976	0
0.9982	1
0.7697	1
0.9843	1
0.9997	1
0.9998	1
0.3161	0
0.9994	1
0.4184	0
0.4989	0
0.9575	0
0.9944	1
0.727	1
0.9004	0
0.4283	0
0.5607	0
0.9541	1
0.6747	0
0.9994	1
0.467	0
0.8125	0
0.9967	1
0.5156	0
0.4426	0
0.3499	0
0.966	0
0.6919	0
0.4862	0
0.8665	0
0.9989	1
0.318	0
0.3481	0
0.4121	0
0.9987	1
0.4674	0
0.997	1
0.9495	1
0.995	1
0.3846	0
0.9941	1
0.9982	1
0.5372	0
0.549	0
0.3984	0
0.5005	0
0.9998	1
0.9985	1
0.507	0
0.9984	1
0.9953	1
0.5348	0
0.68	0
0.3806	0
0.9388	0
0.98	1
0.9972	1
0.4173	0
0.9395	1
0.6223	0
0.6941	0
0.9413	1
0.9998	1
0.5377	0
0.6459	0
0.9158	0
0.3097	1
0.4631	0
0.3999	0
0.4393	0
0.8197	0
0.6692	0
0.9546	1
0.9572	1
0.4361	0
0.3664	0
0.5643	0
0.336	0
0.996	1
0.5251	0
0.7302	1
0.3238	0
0.9699	1
0.3044	0
0.7935	0
0.4674	0
0.9752	1
0.9701	0
0.3343	0
0.9995	1
0.656	0
0.8791	0
0.696	0
0.3151	0
0.927	1
0.9902	0
0.3323	0
0	1
0	1
0	1
0	1
0	1
0	1
0	1
0	1
0	1
0	1
0	1
0	1
0	1
0	1
0	1
0	1
0	1
0	1
