0.067449	0
0.05812	0
0.055877	0
0.057084	0
0.065187	0
0.063884	0
0.056481	0
0.056231	0
0.057689	0
0.063485	0
0.070645	0
0.056117	0
0.058061	0
0.065047	0
0.05899	0
0.057835	0
0.05713	0
0.063247	0
0.060061	0
0.063242	0
0.057226	0
0.075627	0
0.066941	0
0.056531	0
0.06147	0
0.059278	0
0.057279	0
0.057078	0
0.05891	0
0.05834	0
0.064002	0
0.061075	0
0.062959	0
0.064802	0
0.059404	0
0.059595	0
0.612006	0
0.061215	0
0.059531	0
0.057741	0
0.059042	0
0.059829	0
0.069422	0
0.062209	0
0.069235	0
0.063683	0
0.057396	0
0.05864	0
0.05609	0
0.059248	0
0.072343	0
0.058503	0
0.05879	0
0.441693	1
0.063543	0
0.438698	1
0.055983	0
0.059359	0
0.072567	0
0.062922	0
0.056193	0
0.062111	0
0.386627	1
0.057001	0
0.06718	0
0.067008	0
0.060746	0
0.05691	0
0.096419	0
0.057265	0
0.064422	0
0.057976	0
0.060844	0
0.073698	0
0.056293	0
0.06247	0
0.059132	0
0.057326	0
0.059429	0
0.061226	0
0.058279	0
0.058207	0
0.056549	0
0.084154	0
0.058465	0
0.061185	0
0.056039	0
0.057023	0
0.055921	0
0.061525	0
0.058689	0
0.061662	0
0.057854	0
0.060919	0
0.06827	0
0.059816	0
0.057277	0
0.057977	0
0.064176	0
0.060036	0
0.057324	0
0.068374	0
0.0584	0
0.076334	0
0.056101	0
0.056833	0
0.06033	0
0.059577	0
0.059014	0
0.05911	0
0.057625	0
0.057887	0
0.081837	0
0.061055	0
0.064466	0
0.062904	0
0.062285	0
0.059454	0
0.066984	0
0.064818	0
0.05801	0
0.058423	0
0.068506	0
0.059039	0
0.059561	0
0.056437	0
0.067384	0
0.064047	0
0.067587	0
0.313913	1
0.089553	0
0.060195	0
0.058512	0
0.056238	0
0.057327	0
0.618778	1
0.060691	0
0.060497	0
0.055593	0
0.113201	0
0.056821	0
0.059494	0
0.056616	0
0.06065	0
0.059175	0
0.270343	0
0.057354	0
0.060542	0
0.06046	0
0.059443	0
0.059866	0
0.058545	0
0.060848	0
0.057128	0
0.058558	0
0.062475	0
0.064164	0
0.062422	0
0.066211	0
0.062386	0
0.05683	0
0.056716	0
0.060274	0
0.066693	0
0.061467	0
0.057683	0
0.056904	0
0.059846	0
0.063687	0
0.057962	0
0.060891	0
0.619106	1
0.058323	0
0.607032	1
0.066499	0
0.062334	0
0.059586	0
0.058654	0
0.06408	0
0.396903	1
0.586609	0
0.058225	0
0.056937	0
0.058757	0
0.059454	0
0.093395	0
0.525742	0
0.064186	0
0.060136	0
0.057172	0
0.060002	0
0.058309	0
0.072587	0
0.062408	0
0.057865	0
0.239122	0
0.059508	0
0.058235	0
0.05596	0
0.058232	0
0.05781	0
0.058539	0
0.058755	0
0.068972	0
0.064834	0
0.058526	0
0.060186	0
0.058181	0
0.057794	0
0.057456	0
0.05842	0
0.058117	0
0.057234	0
0.060369	0
0.060719	0
0.060154	0
0.064098	0
0.059157	0
0.063078	0
0.058008	0
0.058582	0
0.064187	0
0.062827	0
0.058618	0
0.059931	0
0.061945	0
0.064937	0
0.077235	0
0.637745	1
0.634226	1
0.056588	0
0.06	0
0.582776	0
0.057087	0
0.304589	0
0.061691	0
0.231301	1
0.231312	0
0.059424	0
0.171136	0
0.057726	0
0.05774	0
0.062702	0
0.063513	0
0.059133	0
0.059033	0
0.05731	0
0.601317	1
0.632931	1
0.057407	0
0.057429	0
0.06338	0
0.591842	0
0.066253	0
0.05572	0
0.05755	0
0.062529	0
0.060064	0
0.062863	0
0.063455	0
0.061299	0
0.060169	0
0.059577	0
0.058741	0
0.108566	0
0.057769	0
0.058373	0
0.057771	0
0.057618	0
0.440229	1
0.060893	0
0.064452	0
0.059372	0
0.059068	0
0.066617	0
0.05804	0
0.058641	0
0.061789	0
0.05676	0
0.058147	0
0.067991	0
0.056855	0
0.069072	0
0.106789	0
0.605315	1
0.067875	0
0.056987	0
0.059452	0
0.077045	0
0.297323	1
0.064549	0
0.060698	0
0.060532	0
0.057068	0
0.058019	0
0.056197	0
0.058904	0
0.058504	0
0.056396	0
0.617577	1
0.068116	0
0.058913	0
0.061537	0
0.056619	0
0.059249	0
0.05667	0
0.069423	0
0.500159	1
0.056733	0
0.058096	0
0.060538	0
0.06001	0
0.071735	0
0.063445	0
0.062473	0
0.078832	0
0.05785	0
0.056288	0
0.084607	0
0.057114	0
0.061133	0
0.060587	0
0.061825	0
0.626377	1
0.060361	0
0.059135	0
0.057309	0
0.164308	0
0.057662	0
0.060299	0
0.056622	0
0.058557	0
0.058288	0
0.057464	0
0.059182	0
0.056904	0
0.059504	0
0.056726	0
0.058676	0
0.061064	0
0.056803	0
0.059171	0
0.059918	0
0.055924	0
0.065698	0
0.058803	0
0.059914	0
0.058868	0
0.060359	0
0.638825	1
0.058534	0
0.063275	0
0.058723	0
0.056653	0
0.07774	0
0.11768	0
0.084821	0
0.057683	0
0.061789	0
0.062936	0
0.101595	0
0.059649	0
0.0578	0
0.058648	0
0.057773	0
0.060598	0
0.057463	0
0.078432	0
0.061913	0
0.0593	0
0.057537	0
0.05681	0
0.062939	0
0.064456	0
0.060384	0
0.061095	0
0.059809	0
0.063562	0
0.059469	0
0.061838	0
0.063087	0
0.072	0
0.058694	0
0.058642	0
0.05865	0
0.627416	1
0.070991	0
0.588865	1
0.05742	0
0.058297	0
0.060123	0
0.058493	0
0.057275	0
0.058597	0
0.057305	0
0.426431	1
0.07366	0
0.057013	0
0.057614	0
0.058566	0
0.058465	0
0.055234	0
0.437639	1
0.064814	0
0.059812	0
0.061344	0
0.423775	1
0.423796	0
0.05875	0
0.056598	0
0.057898	0
0.08307	0
0.061111	0
0.058072	0
0.05656	0
0.058	0
0.056941	0
0.056057	0
0.056685	0
0.07833	0
0.065583	0
0.362495	1
0.062465	0
0.15956	0
0.061736	0
0.057661	0
0.061148	0
0.060145	0
0.141941	0
0.065637	0
0.060688	0
0.056409	0
0.057278	0
0.0611	0
0.061567	0
0.064013	0
0.056348	0
0.429965	0
0.066627	0
0.056976	0
0.063	0
0.057743	0
0.056446	0
0.056625	0
0.05839	0
0.057057	0
0.057506	0
0.059361	0
0.06084	0
0.057529	0
0.057291	0
0.062841	0
0.076452	0
0.057372	0
0.06546	0
0.586264	1
0.064847	0
0.06555	0
0.0611	0
0.058394	0
0.060161	0
0.059042	0
0.05869	0
0.071815	0
0.059077	0
0.055694	0
0.36819	0
0.056776	0
0.057647	0
0.058385	0
0.057152	0
0.057801	0
0.056567	0
0.073889	0
0.061403	0
0.255226	1
0.056606	0
0.061407	0
0.056926	0
0.057146	0
0.058546	0
0.057326	0
0.058898	0
0.061796	0
0.067803	0
0.05816	0
0.057465	0
0.065543	0
0.060378	0
0.500539	1
0.058847	0
0.062848	0
0.058904	0
0.058499	0
0.056506	0
0.057047	0
0.057053	0
0.062616	0
0.056953	0
0.092127	0
0.238755	0
0.073858	0
0.056082	0
0.057882	0
0.058587	0
0.353827	0
0.060029	0
0.059148	0
0.060875	0
0.058053	0
0.057416	0
0.059615	0
0.064375	0
0.061231	0
0.061711	0
0.277371	1
0.468955	0
0.056987	0
0.056791	0
0.179079	0
0.057596	0
0.057861	0
0.068516	0
0.067811	0
0.056184	0
0.108002	0
0.61759	0
0.070388	0
0.060056	0
0.06088	0
0.059994	0
0.057998	0
0.058453	0
0.067016	0
0.058043	0
0.060997	0
0.059178	0
0.05731	0
0.057288	0
0.058146	0
0.058765	0
0.063904	0
0.108295	1
0.077236	0
0.060699	0
0.059865	0
0.059328	0
0.066822	0
0.063778	0
0.058498	0
0.067134	0
0.061372	0
0.059907	0
0.05694	0
0.062117	0
0.058052	0
0.057145	0
0.056815	0
0.057404	0
0.06662	0
0.056816	0
0.06347	0
0.061043	0
0.282812	0
0.060868	0
0.057804	0
0.061507	0
0.060146	0
0.056681	0
0.063981	0
0.078452	0
0.057615	0
0.061095	0
0.05881	0
0.064098	0
0.142178	0
0.058243	0
0.06267	0
0.059781	0
0.058416	0
0.07486	0
0.065759	0
0.058814	0
0.057285	0
0.058597	0
0.059661	0
0.059532	0
0.058076	0
0.058556	0
0.060639	0
0.062078	0
0.062218	0
0.059779	0
0.059064	0
0.059574	0
0.057634	0
0.338316	0
0.056325	0
0.05902	0
0.063041	0
0.060479	0
0.05578	0
0.058498	0
0.14818	0
0.058056	0
0.063926	0
0.4212	1
0.062538	0
0.062466	0
0.057175	0
0.070107	0
0.620743	1
0.626306	1
0.057138	0
0.206312	0
0.05736	0
0.057513	0
0.074702	0
0.056908	0
0.06178	0
0.336083	0
0.056289	0
0.059101	0
0.062978	0
0.080582	0
0.592538	1
0.057269	0
0.589015	0
0.071797	0
0.088153	0
0.619895	0
0.064181	0
0.060559	0
0.06072	0
0.104594	1
0.057095	0
0.068129	0
0.055889	0
0.057877	0
0.057951	0
0.058461	0
0.063287	0
0.057907	0
0.057632	0
0.063705	0
0.059629	0
0.063375	0
0.056159	0
0.059427	0
0.06126	0
0.063177	0
0.064755	0
0.058291	0
0.057836	0
0.058295	0
0.066354	0
0.056978	0
0.057772	0
0.064808	0
0.06489	0
0.056593	0
0.056651	0
0.05601	0
0.254558	0
0.061454	0
0.056696	0
0.057172	0
0.057314	0
0.20711	1
0.058083	0
0.062157	0
0.064383	0
0.06369	0
0.534705	1
0.059593	0
0.06933	0
0.05834	0
0.064357	0
0.061164	0
0.056924	0
0.061759	0
0.06378	0
0.058153	0
0.060056	0
0.055986	0
0.062924	0
0.058617	0
0.059793	0
0.05955	0
0.065358	0
0.085192	0
0.05774	0
0.059317	0
0.05989	0
0.061055	0
0.061613	0
0.061987	0
0.05802	0
0.418158	1
0.444841	1
0.056333	0
0.058635	0
0.059106	0
0.062015	0
0.370173	1
0.06436	0
0.057544	0
0.073159	0
0.057143	0
0.060118	0
0.057827	0
0.059435	0
0.058384	0
0.057924	0
0.059623	0
0.057763	0
0.057288	0
0.062889	0
0.330683	1
0.058492	0
0.059107	0
0.057351	0
0.057902	0
0.136273	0
0.06323	0
0.063496	0
0.058534	0
0.064795	0
0.059958	0
0.056111	0
0.055458	0
0.056083	0
0.058466	0
0.056818	0
0.06265	0
0.056545	0
0.058546	0
0.056832	0
0.058285	0
0.060544	0
0.062215	0
0.059027	0
0.05993	0
0.06251	0
0.059022	0
0.058013	0
0.062443	0
0.057207	0
0.063079	0
0.068097	0
0.062601	0
0.058667	0
0.617061	0
0.061376	0
0.061845	0
0.088854	0
0.056845	0
0.057651	0
0.060111	0
0.05808	0
0.061223	0
0.574502	1
0.079588	0
0.184797	0
0.06215	0
0.057184	0
0.06047	0
0.060649	0
0.060135	0
0.058893	0
0.059237	0
0.05777	0
0.058801	0
0.057754	0
0.058107	0
0.057641	0
0.060649	0
0.058304	0
0.065725	0
0.05844	0
0.059654	0
0.058422	0
0.06235	0
0.065037	0
0.057712	0
0.057278	0
0.060667	0
0.059351	0
0.065818	0
0.082529	0
0.063142	0
0.056033	0
0.056873	0
0.056367	0
0.056137	0
0.058036	0
0.058913	0
0.612191	0
0.056224	0
0.056208	0
0.064297	0
0.057808	0
0.056863	0
0.05871	0
0.05968	0
0.059107	0
0.066893	0
0.372695	0
0.08952	0
0.056512	0
0.061595	0
0.626693	0
0.059605	0
0.062981	0
0.06723	0
0.076447	0
0.228175	0
0.060693	0
0.057187	0
0.063793	0
0.062249	0
0.05678	0
0.060579	0
0.057903	0
0.060275	0
0.05785	0
0.629884	0
0.06126	0
0.379656	1
0.096822	0
0.065149	0
0.071919	0
0.074422	0
0.059484	0
0.056812	0
0.331535	1
0.060668	0
0.124132	0
0.062207	0
0.060701	0
0.063129	0
0.057717	0
0.064181	0
0.058768	0
0.058281	0
0.380874	0
0.062285	0
0.066434	0
0.057483	0
0.057623	0
0.063114	0
0.063206	0
0.064364	0
0.058259	0
0.062835	0
0.059107	0
0.060333	0
0.06458	0
0.057608	0
0.057823	0
0.064124	0
0.061163	0
0.067032	0
0.058212	0
0.056572	0
0.486661	0
0.064675	0
0.059374	0
0.057974	0
0.464532	1
0.060742	0
0.057577	0
0.057421	0
0.057366	0
0.057175	0
0.059387	0
0.064364	0
0.065079	0
0.057382	0
0.062675	0
0.058169	0
0.05696	0
0.064146	0
0.113115	0
0.058292	0
0.057644	0
0.085224	0
0.059471	0
0.057043	0
0.637748	1
0.060529	0
0.05828	0
0.064651	0
0.061539	0
0.068686	0
0.058187	0
0.061285	0
0.061629	0
0.056388	0
0.069086	0
0.062693	0
0.056727	0
0.063798	0
0.057864	0
0.057252	0
0.056001	0
0.058589	0
0.356814	1
0.058304	0
0.059131	0
0.06249	0
0.055005	0
0.062315	0
0.060856	0
0.061106	0
0.057545	0
0.06009	0
0.629207	0
0.059474	0
0.057612	0
0.059112	0
0.057037	0
0.057263	0
0.396114	1
0.062837	0
0.05993	0
0.059784	0
0.057407	0
0.228215	1
0.099531	0
0.061036	0
0.577984	0
0.061357	0
0.631355	0
0.071881	0
0.059208	0
0.05943	0
0.05845	0
0.057355	0
0.061306	0
0.05776	0
0.059802	0
0.056946	0
0.061721	0
0.060287	0
0.074783	0
0.060143	0
0.059085	0
0.057524	0
0.067099	0
0.055957	0
0.521612	1
0.057418	0
0.475424	1
0.060987	0
0.057544	0
0.057702	0
0.058497	0
0.073676	0
0.100559	0
0.061485	0
0.059878	0
0.056498	0
0.060793	0
0.056311	0
0.056763	0
0.056845	0
0.064694	0
0.058274	0
0.059316	0
0.06256	0
0.064133	0
0.062896	0
0.076315	0
0.076857	0
0.058343	0
0.06013	0
0.058059	0
0.057747	0
0.056953	0
0.061026	0
0.058132	0
0.102758	0
0.059643	0
0.059259	0
0.05682	0
0.602663	1
0.070345	0
0.058509	0
0.20496	1
0.068464	0
0.057901	0
0.055306	0
0.056953	0
0.057642	0
0.057542	0
0.056903	0
0.059555	0
0.059175	0
0.059682	0
0.080967	0
0.262864	0
0.612236	1
0.057179	0
0.626712	0
0.057558	0
0.055842	0
0.056512	0
0.061567	0
0.061155	0
0.450449	1
0.061324	0
0.069038	0
0.080513	0
0.059968	0
0.065946	0
0.056576	0
0.058572	0
0.056844	0
0.06204	0
0.057277	0
0.540714	0
0.62701	0
0.068192	0
0.060982	0
0.060029	0
0.06008	0
0.065393	0
0.057468	0
0.069744	0
0.067277	0
0.077118	0
0.058341	0
0.056575	0
0.05715	0
0.061966	0
0.059521	0
0.058318	0
0.064658	0
0.056552	0
0.056408	0
0.056483	0
0.063384	0
0.081745	0
0.056858	0
0.056418	0
0.057188	0
0.060483	0
0.060906	0
0.058365	0
0.064573	0
0.0615	0
0.057058	0
0.057458	0
0.062963	0
0.057594	0
0.324175	1
0.058923	0
0.058142	0
0.056895	0
0.058549	0
0.169044	0
0.087946	0
0.066294	0
0.058112	0
0.637851	1
0.056928	0
0.067976	0
0.059604	0
0.059909	0
0.05725	0
0.057541	0
0.060774	0
0.055988	0
0.060698	0
0.058511	0
0.431136	1
0.060317	0
0.059898	0
0.06468	0
0.056547	0
0.057164	0
0.633207	0
0.057044	0
0.061003	0
0.058515	0
0.057509	0
0.05787	0
0.059932	0
0.060123	0
0.072897	0
0.060776	0
0.05988	0
0.079026	0
0.059667	0
0.059986	0
0.49275	0
0.06039	0
0.61892	1
0.057835	0
0.057417	0
0.439542	0
0.058361	0
0.058234	0
0.297666	0
0.07283	0
0.056428	0
0.064179	0
0.056067	0
0.068275	0
0.063356	0
0.058349	0
0.058806	0
0.060096	0
0.056903	0
0.058063	0
0.063118	0
0.060662	0
0.057958	0
0.060699	0
0.060628	0
0.057705	0
0.064549	0
0.640343	1
0.62859	1
0.060338	0
0.605792	0
0.056112	0
0.058386	0
0.056835	0
0.057954	0
0.056012	0
0.059916	0
0.058829	0
0.072799	0
0.059771	0
0.059767	0
0.059495	0
0.0631	0
0.059914	0
0.130819	0
0.056526	0
0.058245	0
0.064788	0
0.056792	0
0.05652	0
0.554707	1
0.068385	0
0.627792	1
0.057473	0
0.056987	0
0.056148	0
0.060466	0
0.061351	0
0.058325	0
0.346951	0
0.059174	0
0.056434	0
0.067277	0
0.058962	0
0.075688	0
0.059475	0
0.056365	0
0.059408	0
0.05775	0
0.06414	0
0.058431	0
0.060097	0
0.639472	1
0.060644	0
0.057632	0
0.069883	0
0.056576	0
0.056335	0
0.068308	0
0.057307	0
0.06644	0
0.099013	0
0.060811	0
0.061466	0
0.069726	0
0.142518	1
0.055941	0
0.058333	0
0.058893	0
0.082108	0
0.056711	0
0.641162	1
0.059892	0
0.06721	0
0.057521	0
0.085531	0
0.604687	1
0.060199	0
0.061891	0
0.057153	0
0.057361	0
0.063036	0
0.055721	0
0.059115	0
0.066326	0
0.056957	0
0.057313	0
0.058702	0
0.059421	0
0.057959	0
0.070267	0
0.057379	0
0.073954	0
0.059865	0
0.055728	0
0.068496	0
0.061062	0
0.065612	0
0.061355	0
0.130692	1
0.617548	0
0.071635	0
0.066278	0
0.061507	0
0.057725	0
0.059687	0
0.058516	0
0.057788	0
0.0616	0
0.059545	0
0.32989	1
0.060771	0
0.059883	0
0.063474	0
0.06091	0
0.062065	0
0.632097	1
0.057748	0
0.058621	0
0.057661	0
0.058675	0
0.639529	1
0.057642	0
0.057722	0
0.063873	0
0.061102	0
0.059582	0
0.058269	0
0.057467	0
0.058395	0
0.05876	0
0.058212	0
0.055793	0
0.05518	0
0.056135	0
0.406186	0
0.05773	0
0.055423	0
0.055325	0
0.05913	0
0.058423	0
0.057026	0
0.057866	0
0.057303	0
0.057796	0
0.058804	0
0.05794	0
0.069162	0
0.059714	0
0.061629	0
0.05855	0
0.063447	0
0.0623	0
0.06177	0
0.063469	0
0.058743	0
0.066003	0
0.058201	0
0.060826	0
0.061146	0
0.058521	0
0.060031	0
0.056503	0
0.058838	0
0.078471	0
0.05908	0
0.056176	0
0.057841	0
0.060893	0
0.066063	0
0.059713	0
0.061206	0
0.06292	0
0.634656	0
0.056662	0
0.058937	0
0.056776	0
0.606461	0
0.056445	0
0.056135	0
0.056424	0
0.108779	0
0.057734	0
0.057179	0
0.070282	0
0.0576	0
0.242135	0
0.057384	0
0.058041	0
0.058781	0
0.056649	0
0.057766	0
0.0577	0
0.068156	0
0.060805	0
0.060041	0
0.059172	0
0.056288	0
0.193154	0
0.067181	0
0.06004	0
0.060259	0
0.291411	1
0.0561	0
0.058842	0
0.057648	0
0.059656	0
0.633728	0
0.056266	0
0.058336	0
0.063798	0
0.061152	0
0.074178	0
0.063834	0
0.06174	0
0.069727	0
0.057224	0
0.056889	0
0.062522	0
0.062325	0
0.069925	0
0.059134	0
0.060333	0
0.064641	0
0.071956	0
0.061127	0
0.058552	0
0.063422	0
0.161028	1
0.058273	0
0.058431	0
0.061274	0
0.060907	0
0.058242	0
0.060457	0
0.058401	0
0.062642	0
0.059414	0
0.061521	0
0.060729	0
0.066938	0
0.617385	1
0.05734	0
0.057487	0
0.057074	0
0.060202	0
0.056969	0
0.064662	0
0.638893	1
0.056947	0
0.610562	0
0.05869	0
0.062946	0
0.057957	0
0.064181	0
0.066335	0
0.062081	0
0.05695	0
0.059816	0
0.075064	0
0.060285	0
0.0607	0
0.066289	0
0.061291	0
0.070485	0
0.058635	0
0.061488	0
0.061266	0
0.059465	0
0.057655	0
0.09646	0
0.060578	0
0.057985	0
0.058961	0
0.633349	1
0.076249	0
0.055858	0
0.058338	0
0.058652	0
0.059983	0
0.07068	0
0.059048	0
0.058556	0
0.058295	0
0.451329	1
0.061183	0
0.629575	0
0.058917	0
0.059212	0
0.06066	0
0.060825	0
0.058572	0
0.063626	0
0.0632	0
0.115449	0
0.064343	0
0.059749	0
0.057645	0
0.059693	0
0.056487	0
0.065259	0
0.05993	0
0.058837	0
0.097248	0
0.056849	0
0.075457	0
0.061759	0
0.059846	0
0.061487	0
0.066091	0
0.075043	0
0.059122	0
0.057353	0
0.057276	0
0.055869	0
0.061441	0
0.073174	0
0.058325	0
0.057222	0
0.06096	0
0.059487	0
0.056858	0
0.061264	0
0.46037	1
0.071822	0
0.07097	0
0.059091	0
0.068078	0
0.058882	0
0.061871	0
0.088531	0
0.062019	0
0.058419	0
0.062851	0
0.06363	0
0.056473	0
0.057899	0
0.058714	0
0.057811	0
0.065003	0
0.060484	0
0.058561	0
0.062812	0
0.074415	0
0.058334	0
0.056425	0
0.08956	0
0.0706	0
0.058372	0
0.057498	0
0.060193	0
0.076395	0
0.058734	0
0.628011	0
0.05846	0
0.062222	0
0.057985	0
0.057938	0
0.056759	0
0.062097	0
0.061062	0
0.060934	0
0.620021	1
0.062181	0
0.056225	0
0.0565	0
0.063318	0
0.061562	0
0.056481	0
0.061162	0
0.070667	0
0.060854	0
0.494921	1
0.057035	0
0.058287	0
0.060083	0
0.057018	0
0.056203	0
0.056118	0
0.605735	0
0.057516	0
0.067696	0
0.056361	0
0.080244	0
0.065829	0
0.622744	1
0.057823	0
0.057865	0
0.060585	0
0.055809	0
0.058176	0
0.061036	0
0.057443	0
0.066128	0
0.061783	0
0.088258	0
0.070982	0
0.061148	0
0.057641	0
0.062649	0
0.084944	0
0.058094	0
0.062161	0
0.057709	0
0.056796	0
0.05971	0
0.056322	0
0.06347	0
0.057163	0
0.059991	0
0.06139	0
0.057369	0
0.062523	0
0.065484	0
0.057402	0
0.05914	0
0.06124	0
0.0603	0
0.618282	1
0.061121	0
0.059092	0
0.057186	0
0.063006	0
0.058114	0
0.062668	0
0.057695	0
0.06999	0
0.057695	0
0.05817	0
0.060367	0
0.060952	0
0.058879	0
0.060226	0
0.066291	0
0.075504	0
0.283295	0
0.059371	0
0.082097	0
0.058137	0
0.05717	0
0.061559	0
0.410533	0
0.059198	0
0.057068	0
0.06009	0
0.073011	0
0.062051	0
0.056097	0
0.061791	0
0.056855	0
0.057841	0
0.056694	0
0.383435	0
0.057858	0
0.324579	0
0.057293	0
0.057448	0
0.062287	0
0.061662	0
0.056591	0
0.061609	0
0.060526	0
0.059256	0
0.060968	0
0.061071	0
0.080554	0
0.057282	0
0.058592	0
0.056237	0
0.057289	0
0.067125	0
0.057444	0
0.059427	0
0.631837	1
0.058417	0
0.059704	0
0.059971	0
0.063358	0
0.072012	0
0.058855	0
0.064286	0
0.055749	0
0.059403	0
0.068225	0
0.062271	0
0.638137	1
0.059463	0
0.05859	0
0.333041	0
0.05705	0
0.060565	0
0.062155	0
0.637453	1
0.063383	0
0.057282	0
0.056468	0
0.40135	1
0.073926	0
0.068126	0
0.057506	0
0.146036	1
0.059367	0
0.066325	0
0.063081	0
0.61221	1
0.08237	0
0.623847	1
0.058847	0
0.057052	0
0.064534	0
0.057639	0
0.05665	0
0.058839	0
0.056232	0
0.086291	0
0.073007	0
0.062816	0
0.058305	0
0.485739	1
0.071286	0
0.056841	0
0.059957	0
0.530293	0
0.060086	0
0.05846	0
0.059201	0
0.056442	0
0.058255	0
0.058495	0
0.079213	0
0.058152	0
0.062295	0
0.060089	0
0.057881	0
0.058458	0
0.304103	1
0.060398	0
0.058795	0
0.064143	0
0.413248	0
0.059647	0
0.063294	0
0.060041	0
0.076803	0
0.056912	0
0.05699	0
0.057237	0
0.067831	0
0.057247	0
0.288694	1
0.060902	0
0.057329	0
0.129158	0
0.057428	0
0.058207	0
0.615073	1
0.058814	0
0.060682	0
0.058132	0
0.056564	0
0.057823	0
0.059666	0
0.057479	0
0.059413	0
0.061574	0
0.064091	0
0.061872	0
0.061257	0
0.057309	0
0.058917	0
0.057236	0
0.058954	0
0.062343	0
0.05841	0
0.057021	0
0.613233	1
0.060644	0
0.058707	0
0.538072	1
0.06264	0
0.057497	0
0.415492	0
0.061545	0
0.080303	0
0.058419	0
0.065958	0
0.164616	0
0.06026	0
0.056708	0
0.063102	0
0.057611	0
0.060433	0
0.350805	1
0.06122	0
0.058399	0
0.060943	0
0.056948	0
0.056357	0
0.060385	0
0.061024	0
0.056636	0
0.08729	0
0.05659	0
0.067589	0
0.062584	0
0.562952	1
0.059591	0
0.058299	0
0.057904	0
0.064537	0
0.05857	0
0.061447	0
0.060475	0
0.613709	1
0.060521	0
0.0578	0
0.058964	0
0.057374	0
0.062358	0
0.535782	1
0.059021	0
0.079189	0
0.061255	0
0.068879	0
0.073806	0
0.181104	0
0.057059	0
0.059044	0
0.279079	1
0.279109	0
0.066751	0
0.058507	0
0.057921	0
0.057673	0
0.058091	0
0.057349	0
0.069298	0
0.530387	0
0.073344	0
0.075957	0
0.062672	0
0.56658	1
0.059927	0
0.399462	0
0.056379	0
0.05867	0
0.061603	0
0.062167	0
0.059494	0
0.063473	0
0.077232	0
0.060943	0
0.058356	0
0.060313	0
0.05716	0
0.067412	0
0.064095	0
0.056581	0
0.067598	0
0.058734	0
0.059415	0
0.061443	0
0.058005	0
0.0661	0
0.089567	0
0.089625	1
0.055959	0
0.060164	0
0.057619	0
0.636192	1
0.612349	1
0.061619	0
0.228816	1
0.056324	0
0.057115	0
0.605321	1
0.141314	0
0.058965	0
0.059415	0
0.075905	0
0.058567	0
0.060852	0
0.061279	0
0.05768	0
0.058221	0
0.058264	0
0.486756	0
0.05825	0
0.636772	1
0.068773	0
0.058145	0
0.060072	0
0.426173	1
0.058448	0
0.068599	0
0.056862	0
0.061518	0
0.058413	0
0.465357	1
0.056638	0
0.058973	0
0.515642	1
0.059311	0
0.05812	0
0.063558	0
0.059517	0
0.062355	0
0.063514	0
0.058802	0
0.06398	0
0.059803	0
0.059351	0
0.056633	0
0.058852	0
0.06312	0
0.056915	0
0.061489	0
0.490068	1
0.579054	0
0.058318	0
0.072049	0
0.066427	0
0.059845	0
0.057438	0
0.056842	0
0.059101	0
0.059088	0
0.067459	0
0.057343	0
0.057203	0
0.064279	0
0.06653	0
0.057726	0
0.058584	0
0.059342	0
0.058667	0
0.064403	0
0.379841	0
0.059219	0
0.058098	0
0.594201	1
0.056885	0
0.069031	0
0.066496	0
0.057925	0
0.071	0
0.622531	1
0.057734	0
0.109667	0
0.060209	0
0.060506	0
0.060856	0
0.065165	0
0.197402	0
0.057783	0
0.069039	0
0.058879	0
0.05803	0
0.062196	0
0.061324	0
0.607454	1
0.064066	0
0.065966	0
0.062856	0
0.058839	0
0.063543	0
0.070317	0
0.061489	0
0.057341	0
0.057259	0
0.619063	0
0.061016	0
0.059105	0
0.060151	0
0.056443	0
0.055563	0
0.055946	0
0.060427	0
0.241253	1
0.060938	0
0.05889	0
0.479559	0
0.05629	0
0.057621	0
0.063195	0
0.075648	0
0.081682	0
0.062546	0
0.30384	0
0.060392	0
0.058929	0
0.060575	0
0.061627	0
0.06313	0
0.06647	0
0.05773	0
0.060515	0
0.426152	0
0.056448	0
0.062664	0
0.598828	1
0.058426	0
0.060692	0
0.0592	0
0.058795	0
0.06016	0
0.067765	0
0.057927	0
0.058987	0
0.058121	0
0.084284	0
0.058216	0
0.073053	0
0.065582	0
0.062467	0
0.058743	0
0.067291	0
0.058111	0
0.061094	0
0.056516	0
0.062045	0
0.057813	0
0.058533	0
0.067878	0
0.060543	0
0.058175	0
0.056894	0
0.059875	0
0.055692	0
0.06171	0
0.058881	0
0.05838	0
0.067727	0
0.060052	0
0.071676	0
0.059081	0
0.060971	0
0.059502	0
0.061074	0
0.06015	0
0.064538	0
0.065562	0
0.0659	0
0.057823	0
0.059773	0
0.061823	0
0.059173	0
0.069633	0
0.600331	0
0.066673	0
0.057604	0
0.059164	0
0.05797	0
0.073506	0
0.059124	0
0.059446	0
0.066897	0
0.058797	0
0.059699	0
0.057117	0
0.080255	0
0.056866	0
0.070836	0
0.056883	0
0.615002	1
0.063152	0
0.081024	0
0.055357	0
0.059729	0
0.058102	0
0.057817	0
0.07533	0
0.295896	0
0.056515	0
0.058536	0
0.062139	0
0.058083	0
0.466093	1
0.062257	0
0.056582	0
0.062472	0
0.063995	0
0.062939	0
0.05858	0
0.636445	0
0.209398	1
0.068853	0
0.056621	0
0.05815	0
0.063662	0
0.059407	0
0.067777	0
0.058186	0
0.06622	0
0.057684	0
0.058606	0
0.05739	0
0.076043	0
0.067102	0
0.059539	0
0.057041	0
0.602732	1
0.062827	0
0.110457	0
0.057157	0
0.058235	0
0.057672	0
0.058549	0
0.059507	0
0.060066	0
0.058284	0
0.05967	0
0.061432	0
0.056229	0
0.058904	0
0.074878	0
0.071487	0
0.057637	0
0.062914	0
0.068036	0
0.056777	0
0.056779	0
0.057804	0
0.05801	0
0.062855	0
0.613797	0
0.063537	0
0.056181	0
0.062577	0
0.062125	0
0.056869	0
0.05839	0
0.057498	0
0.07202	0
0.328335	0
0.057718	0
0.059162	0
0.062299	0
0.057963	0
0.061243	0
0.058262	0
0.064754	0
0.059389	0
0.05623	0
0.06266	0
0.055506	0
0.058042	0
0.057871	0
0.056966	0
0.07551	0
0.058003	0
0.057471	0
0.057397	0
0.589284	0
0.062916	0
0.062276	0
0.061124	0
0.065124	0
0.059437	0
0.058783	0
0.061321	0
0.073172	0
0.065405	0
0.065786	0
0.063833	0
0.056654	0
0.057974	0
0.059629	0
0.182716	0
0.066428	0
0.078089	0
0.058174	0
0.056979	0
0.060885	0
0.400257	1
0.058773	0
0.057928	0
0.060294	0
0.058509	0
0.061845	0
0.057562	0
0.086891	0
0.061253	0
0.067381	0
0.057907	0
0.058265	0
0.057277	0
0.057364	0
0.056376	0
0.059697	0
0.057929	0
0.496581	1
0.633109	0
0.610043	1
0.063215	0
0.057226	0
0.057125	0
0.060404	0
0.063643	0
0.057758	0
0.586463	1
0.058665	0
0.0638	0
0.061888	0
0.060682	0
0.057936	0
0.059804	0
0.05917	0
0.062558	0
0.059894	0
0.06206	0
0.058566	0
0.056423	0
0.056967	0
0.069414	0
0.057268	0
0.078383	0
0.549849	1
0.058044	0
0.321985	0
0.056361	0
0.059019	0
0.058791	0
0.06451	0
0.057417	0
0.061659	0
0.069505	0
0.059719	0
0.265228	0
0.058166	0
0.059112	0
0.057854	0
0.059436	0
0.060184	0
0.059555	0
0.06224	0
0.056357	0
0.634293	0
0.056667	0
0.058002	0
0.067456	0
0.080363	0
0.064281	0
0.058543	0
0.060317	0
0.058614	0
0.060054	0
0.057414	0
0.060721	0
0.057387	0
0.068455	0
0.059466	0
0.075774	0
0.05797	0
0.111437	0
0.059613	0
0.492312	1
0.061151	0
0.096687	0
0.058486	0
0.060036	0
0.059413	0
0.058246	0
0.068594	0
0.060131	0
0.05998	0
0.062535	0
0.058367	0
0.065551	0
0.375986	1
0.057699	0
0.093485	0
0.061353	0
0.059264	0
0.058789	0
0.062325	0
0.061052	0
0.056452	0
0.057872	0
0.059592	0
0.18425	0
0.060101	0
0.060499	0
0.058027	0
0.079792	0
0.353766	1
0.063637	0
0.062514	0
0.059119	0
0.057727	0
0.075886	0
0.061606	0
0.066855	0
0.062359	0
0.061969	0
0.276466	1
0.598809	1
0.060094	0
0.059276	0
0.064036	0
0.058464	0
0.057263	0
0.065627	0
0.058737	0
0.056958	0
0.062033	0
0.058897	0
0.059987	0
0.058256	0
0.062711	0
0.10111	0
0.059327	0
0.059963	0
0.060755	0
0.318482	0
0.063391	0
0.090203	0
0.061289	0
0.062608	0
0.059113	0
0.056247	0
0.063538	0
0.094967	0
0.063895	0
0.291197	1
0.058177	0
0.057744	0
0.067237	0
0.057398	0
0.058259	0
0.061951	0
0.065195	0
0.057063	0
0.059382	0
0.056179	0
0.067086	0
0.058921	0
0.062767	0
0.064017	0
0.056371	0
0.057317	0
0.057348	0
0.056602	0
0.069784	0
0.060059	0
0.526668	1
0.060238	0
0.05837	0
0.059345	0
0.058768	0
0.063176	0
0.061496	0
0.613259	0
0.056851	0
0.058897	0
0.057378	0
0.057016	0
0.0574	0
0.057868	0
0.05961	0
0.059961	0
0.059421	0
0.056915	0
0.059928	0
0.058553	0
0.058934	0
0.058602	0
0.059578	0
0.055956	0
0.064872	0
0.056548	0
0.058114	0
0.078039	0
0.062084	0
0.060835	0
0.059362	0
0.059319	0
0.497138	1
0.056721	0
0.059957	0
0.057842	0
0.05801	0
0.057129	0
0.057449	0
0.059592	0
0.074966	0
0.056988	0
0.189197	0
0.380557	1
0.090558	0
0.058354	0
0.626321	1
0.058675	0
0.057502	0
0.057289	0
0.057865	0
0.061433	0
0.061292	0
0.059068	0
0.057126	0
0.059089	0
0.061131	0
0.056819	0
0.058269	0
0.055845	0
0.061391	0
0.060799	0
0.061314	0
0.07239	0
0.06042	0
0.056578	0
0.056008	0
0.058401	0
0.058865	0
0.06034	0
0.059757	0
0.060778	0
0.060232	0
0.061161	0
0.062871	0
0.612456	0
0.057399	0
0.057747	0
0.059792	0
0.058825	0
0.6339	1
0.058316	0
0.059105	0
0.05721	0
0.123818	0
0.061565	0
0.057277	0
0.064921	0
0.632888	0
0.061158	0
0.063397	0
0.058394	0
0.059558	0
0.060443	0
0.059759	0
0.060249	0
0.058701	0
0.628429	0
0.059853	0
0.061423	0
0.05686	0
0.05913	0
0.058188	0
0.058031	0
0.061213	0
0.058437	0
0.059683	0
0.057226	0
0.608098	1
0.057607	0
0.057474	0
0.061153	0
0.05982	0
0.060019	0
0.061013	0
0.103709	0
0.057059	0
0.05738	0
0.061953	0
0.060007	0
0.232623	0
0.059583	0
0.05864	0
0.059238	0
0.061689	0
0.057643	0
0.057749	0
0.061163	0
0.059641	0
0.066029	0
0.060534	0
0.058891	0
0.061572	0
0.058545	0
0.555239	0
0.067689	0
0.59924	1
0.061206	0
0.056621	0
0.066077	0
0.379473	1
0.057469	0
0.059995	0
0.061142	0
0.630713	1
0.06068	0
0.061884	0
0.062066	0
0.059339	0
0.056803	0
0.056563	0
0.057642	0
0.167933	0
0.056015	0
0.060364	0
0.158084	0
0.059521	0
0.061315	0
0.072118	0
0.057753	0
0.305882	0
0.058355	0
0.070591	0
0.05879	0
0.071387	0
0.057655	0
0.056722	0
0.058974	0
0.062232	0
0.060116	0
0.058254	0
0.073899	0
0.063102	0
0.057169	0
0.061777	0
0.194685	1
0.061942	0
0.05672	0
0.056956	0
0.081269	0
0.057901	0
0.058323	0
0.067582	0
0.057148	0
0.070499	0
0.058867	0
0.058934	0
0.056059	0
0.059754	0
0.057545	0
0.060719	0
0.057995	0
0.058236	0
0.05827	0
0.059949	0
0.057315	0
0.056842	0
0.065524	0
0.056192	0
0.059982	0
0.067221	0
0.058712	0
0.634041	1
0.064766	0
0.058502	0
0.112719	0
0.058039	0
0.167691	0
0.05834	0
0.057818	0
0.057125	0
0.097936	0
0.063304	0
0.083804	0
0.070779	0
0.060291	0
0.057038	0
0.61167	1
0.060282	0
0.062144	0
0.064492	0
0.057686	0
0.061772	0
0.080575	0
0.057363	0
0.058621	0
0.186504	0
0.056322	0
0.057718	0
0.611504	1
0.05969	0
0.055483	0
0.058003	0
0.05715	0
0.069294	0
0.367348	0
0.058638	0
0.058233	0
0.05947	0
0.058476	0
0.059325	0
0.075484	0
0.064377	0
0.062375	0
0.05823	0
0.058806	0
0.056571	0
0.058262	0
0.067048	0
0.058607	0
0.057473	0
0.05902	0
0.061059	0
0.057016	0
0.06013	0
0.061376	0
0.064029	0
0.061292	0
0.062853	0
0.057708	0
0.05746	0
0.062485	0
0.058596	0
0.057125	0
0.060107	0
0.070758	0
0.057478	0
0.063396	0
0.058344	0
0.05867	0
0.063168	0
0.056679	0
0.063055	0
0.063534	0
0.06464	0
0.060785	0
0.056691	0
0.065801	0
0.058761	0
0.057774	0
0.610221	1
0.056527	0
0.059841	0
0.631541	1
0.059734	0
0.061867	0
0.073663	0
0.058078	0
0.621857	0
0.058035	0
0.062131	0
0.059354	0
0.059109	0
0.057505	0
0.062726	0
0.059405	0
0.071657	0
0.057347	0
0.055912	0
0.056358	0
0.117793	0
0.056742	0
0.058302	0
0.067773	0
0.057761	0
0.059951	0
0.075043	0
0.059437	0
0.057714	0
0.057016	0
0.058531	0
0.098494	0
0.05773	0
0.057298	0
0.058019	0
0.05904	0
0.059627	0
0.058131	0
0.067923	0
0.05702	0
0.063323	0
0.062571	0
0.058702	0
0.512886	1
0.072871	0
0.058912	0
0.059054	0
0.061928	0
0.062515	0
0.425361	0
0.601318	1
0.058059	0
0.061206	0
0.603366	0
0.065961	0
0.477145	0
0.619594	0
0.064682	0
0.060948	0
0.072752	0
0.061792	0
0.056787	0
0.061263	0
0.061559	0
0.05647	0
0.057107	0
0.056396	0
0.05842	0
0.0608	0
0.058119	0
0.064115	0
0.061204	0
0.060101	0
0.061561	0
0.057677	0
0.059073	0
0.059386	0
0.061213	0
0.057579	0
0.626519	1
0.122687	0
0.635073	1
0.059763	0
0.056334	0
0.05642	0
0.057953	0
0.260372	0
0.243913	0
0.060016	0
0.060516	0
0.058151	0
0.057864	0
0.629875	0
0.060764	0
0.056959	0
0.056832	0
0.063484	0
0.06277	0
0.065435	0
0.058219	0
0.085789	0
0.620869	0
0.062497	0
0.057088	0
0.060778	0
0.059903	0
0.058238	0
0.057327	0
0.063692	0
0.094355	0
0.056826	0
0.058772	0
0.059726	0
0.574767	1
0.056273	0
0.057538	0
0.057999	0
0.06744	0
0.060652	0
0.057576	0
0.060586	0
0.07221	0
0.0581	0
0.060765	0
0.061393	0
0.072851	0
0.60153	1
0.056587	0
0.057758	0
0.05985	0
0.06161	0
0.532538	0
0.05724	0
0.059575	0
0.057107	0
0.063203	0
0.059585	0
0.056454	0
0.223321	1
0.062644	0
0.056916	0
0.058485	0
0.056646	0
0.057322	0
0.060667	0
0.060545	0
0.057083	0
0.059151	0
0.063639	0
0.059756	0
0.059479	0
0.062002	0
0.089183	0
0.069393	0
0.061315	0
0.635697	1
0.102885	0
0.061791	0
0.062343	0
0.058971	0
0.05664	0
0.109682	1
0.058339	0
0.057233	0
0.059704	0
0.057772	0
0.062808	0
0.056701	0
0.061873	0
0.056869	0
0.062963	0
0.064004	0
0.062819	0
0.059122	0
0.615922	0
0.060257	0
0.470914	1
0.064047	0
0.387508	0
0.055991	0
0.05516	0
0.057213	0
0.056175	0
0.063219	0
0.05946	0
0.094225	0
0.062329	0
0.057094	0
0.060024	0
0.063114	0
0.452489	1
0.06213	0
0.059298	0
0.059618	0
0.068412	0
0.619894	0
0.058732	0
0.056705	0
0.075134	0
0.069803	0
0.064293	0
0.057906	0
0.064233	0
0.058117	0
0.058258	0
0.069713	0
0.06225	0
0.062019	0
0.059101	0
0.059866	0
0.058034	0
0.057114	0
0.059577	0
0.057191	0
0.057419	0
0.060534	0
0.056777	0
0.060019	0
0.099792	0
0.063426	0
0.615567	0
0.610006	1
0.060662	0
0.144424	0
0.060999	0
0.058413	0
0.057643	0
0.058071	0
0.057766	0
0.057423	0
0.058219	0
0.057959	0
0.060344	0
0.05762	0
0.057281	0
0.058109	0
0.063891	0
0.057458	0
0.061185	0
0.059696	0
0.056805	0
0.06024	0
0.058813	0
0.060556	0
0.063202	0
0.619605	1
0.059296	0
0.590342	1
0.06038	0
0.067875	0
0.058264	0
0.056762	0
0.066188	0
0.056637	0
0.059047	0
0.056417	0
0.057367	0
0.057346	0
0.060292	0
0.061092	0
0.610812	1
0.062235	0
0.0648	0
0.058656	0
0.057065	0
0.057145	0
0.070854	0
0.059734	0
0.060468	0
0.061753	0
0.056231	0
0.324536	0
0.058359	0
0.057115	0
0.059583	0
0.058262	0
0.061044	0
0.058119	0
0.061373	0
0.057519	0
0.058697	0
0.057771	0
0.057208	0
0.060605	0
0.453255	1
0.220714	0
0.061793	0
0.062388	0
0.058142	0
0.05793	0
0.05732	0
0.05723	0
0.06041	0
0.085021	0
0.059272	0
0.064168	0
0.057186	0
0.071066	0
0.05829	0
0.061707	0
0.063085	0
0.058757	0
0.056059	0
0.057918	0
0.084116	0
0.059284	0
0.056438	0
0.061253	0
0.074576	0
0.059853	0
0.058851	0
0.057672	0
0.061653	0
0.061863	0
0.058466	0
0.058859	0
0.056901	0
0.057681	0
0.060615	0
0.059866	0
0.058311	0
0.057433	0
0.063337	0
0.059299	0
0.058199	0
0.057663	0
0.121206	0
0.058028	0
0.061158	0
0.058557	0
0.06066	0
0.061728	0
0.056077	0
0.057896	0
0.061383	0
0.060083	0
0.063654	0
0.36263	0
0.060939	0
0.058981	0
0.060219	0
0.056706	0
0.067011	0
0.059853	0
0.06272	0
0.061658	0
0.056684	0
0.060165	0
0.061774	0
0.090716	0
0.069005	0
0.058346	0
0.061777	0
0.071097	0
0.059645	0
0.084671	0
0.062637	0
0.059522	0
0.414888	1
0.065274	0
0.058977	0
0.055607	0
0.622954	0
0.058045	0
0.075899	0
0.058954	0
0.068896	0
0.057728	0
0.070564	0
0.057986	0
0.059624	0
0.073175	0
0.05753	0
0.079146	0
0.063858	0
0.06432	0
0.061488	0
0.061654	0
0.061402	0
0.057766	0
0.057893	0
0.072039	0
0.06295	0
0.056343	0
0.072589	0
0.092229	0
0.387933	1
0.620835	1
0.141427	0
0.056931	0
0.058494	0
0.059021	0
0.060869	0
0.056551	0
0.065593	0
0.064541	0
0.056949	0
0.058527	0
0.059973	0
0.123424	0
0.630497	1
0.068724	0
0.221764	0
0.057327	0
0.077488	0
0.060188	0
0.060349	0
0.06248	0
0.06848	0
0.063615	0
0.059286	0
0.058013	0
0.624639	1
0.05779	0
0.063672	0
0.056475	0
0.057146	0
0.063205	0
0.068507	0
0.059079	0
0.056557	0
0.061261	0
0.056222	0
0.060324	0
0.057125	0
0.057051	0
0.057838	0
0.058576	0
0.05815	0
0.057494	0
0.066854	0
0.632938	1
0.05635	0
0.067607	0
0.064007	0
0.617955	1
0.059759	0
0.334479	1
0.060676	0
0.060068	0
0.058376	0
0.061291	0
0.065847	0
0.122178	0
0.056559	0
0.060624	0
0.635828	0
0.078488	1
0.065844	0
0.056207	0
0.108836	0
0.05971	0
0.059542	0
0.637209	1
0.058266	0
0.069436	0
0.057931	0
0.05679	0
0.064882	0
0.058532	0
0.057646	0
0.071662	0
0.06015	0
0.074406	0
0.074723	0
0.061164	0
0.057443	0
0.059515	0
0.065314	0
0.060267	0
0.158709	0
0.058573	0
0.056486	0
0.06358	0
0.056811	0
0.056334	0
0.130079	0
0.079749	0
0.060683	0
0.059926	0
0.070905	0
0.057343	0
0.06224	0
0.056684	0
0.058324	0
0.072641	0
0.058631	0
0.06027	0
0.069185	0
0.057112	0
0.058326	0
0.097915	0
0.061419	0
0.058213	0
0.057994	0
0.085681	0
0.058995	0
0.06619	0
0.058105	0
0.059664	0
0.077515	0
0.060201	0
0.05788	0
0.065206	0
0.065072	0
0.065013	0
0.055873	0
0.06039	0
0.476965	1
0.474341	0
0.06408	0
0.063866	0
0.057724	0
0.056883	0
0.060101	0
0.065052	0
0.058245	0
0.064353	0
0.059083	0
0.064677	0
0.059611	0
0.056438	0
0.056557	0
0.062088	0
0.062153	0
0.06274	0
0.056135	0
0.064015	0
0.059935	0
0.057665	0
0.06381	0
0.061543	0
0.056895	0
0.063642	0
0.057258	0
0.056903	0
0.055408	0
0.401039	0
0.057684	0
0.058947	0
0.057973	0
0.056609	0
0.061647	0
0.056619	0
0.058797	0
0.062757	0
0.448032	0
0.060372	0
0.056667	0
0.072111	0
0.062685	0
0.062713	0
0.062462	0
0.057374	0
0.064919	0
0.058833	0
0.06261	0
0.057676	0
0.061298	0
0.067726	0
0.058504	0
0.065666	0
0.056789	0
0.07908	0
0.057943	0
0.057915	0
0.057217	0
0.626268	1
0.059511	0
0.062327	0
0.0761	0
0.182234	0
0.05609	0
0.058653	0
0.056987	0
0.138041	0
0.060906	0
0.060358	0
0.06136	0
0.080677	0
0.071913	0
0.057785	0
0.143413	0
0.05593	0
0.056822	0
0.059633	0
0.060637	0
0.062771	0
0.056542	0
0.060309	0
0.072763	0
0.059122	0
0.060031	0
0.060487	0
0.062545	0
0.059646	0
0.593741	0
0.643168	0
0.063587	0
0.068328	0
0.057161	0
0.06159	0
0.067933	0
0.058429	0
0.058756	0
0.058042	0
0.199578	0
0.05754	0
0.056387	0
0.058399	0
0.060096	0
0.058133	0
0.059285	0
0.057309	0
0.069587	0
0.059402	0
0.619791	1
0.057971	0
0.056703	0
0.064621	0
0.061214	0
0.05741	0
0.061003	0
0.058259	0
0.067946	0
0.056303	0
0.057372	0
0.168425	0
0.058225	0
0.058181	0
0.059895	0
0.122987	0
0.056315	0
0.064275	0
0.05815	0
0.0611	0
0.054975	0
0.059507	0
0.071474	0
0.075297	0
0.060474	0
0.065365	0
0.061381	0
0.06172	0
0.082001	0
0.056365	0
0.059111	0
0.06437	0
0.081349	0
0.060239	0
0.056766	0
0.062486	0
0.066057	0
0.062413	0
0.057181	0
0.057347	0
0.079085	0
0.080493	0
0.099447	0
0.067513	0
0.623034	0
0.06542	0
0.059835	0
0.05702	0
0.058746	0
0.059463	0
0.057004	0
0.069786	0
0.626882	0
0.060994	0
0.09422	0
0.060332	0
0.442132	1
0.059256	0
0.059819	0
0.057096	0
0.634727	1
0.062731	0
0.215618	0
0.059329	0
0.057299	0
0.059198	0
0.059996	0
0.06009	0
0.061493	0
0.086376	0
0.05886	0
0.060256	0
0.064571	0
0.05826	0
0.060494	0
0.059001	0
0.059277	0
0.058834	0
0.063206	0
0.056479	0
0.258971	0
0.060045	0
0.534213	1
0.060649	0
0.059859	0
0.059337	0
0.480731	1
0.056263	0
0.31204	0
0.056956	0
0.072743	0
0.05884	0
0.091206	0
0.063436	0
0.060917	0
0.09625	0
0.058765	0
0.064158	0
0.056973	0
0.066748	0
0.073479	0
0.061089	0
0.559077	1
0.536392	1
0.058141	0
0.062177	0
0.063095	0
0.112764	0
0.067645	0
0.057931	0
0.199017	0
0.569805	0
0.399111	0
0.062929	0
0.066459	0
0.058683	0
0.058763	0
0.058027	0
0.633405	1
0.634365	0
0.05782	0
0.059696	0
0.059993	0
0.059697	0
0.057879	0
0.058249	0
0.071744	0
0.058701	0
0.062716	0
0.062294	0
0.382625	1
0.056289	0
0.060219	0
0.056504	0
0.060431	0
0.060865	0
0.074872	0
0.067847	0
0.069058	0
0.426288	1
0.134741	0
0.5891	0
0.057133	0
0.071808	0
0.058877	0
0.058129	0
0.058108	0
0.060375	0
0.065246	0
0.072296	0
0.116851	0
0.070274	0
0.162264	0
0.058579	0
0.059764	0
0.646246	1
0.05629	0
0.058722	0
0.064069	0
0.06048	0
0.057197	0
0.07574	0
0.058135	0
0.057481	0
0.087378	0
0.072245	0
0.059674	0
0.059675	0
0.059515	0
0.068799	0
0.064212	0
0.060186	0
0.058372	0
0.062353	0
0.138767	0
0.059016	0
0.056804	0
0.060696	0
0.058855	0
0.065585	0
0.057068	0
0.613234	1
0.056493	0
0.637498	1
0.062856	0
0.063671	0
0.61168	0
0.058905	0
0.061496	0
0.058156	0
0.058154	0
0.636533	0
0.059223	0
0.058492	0
0.057641	0
0.059674	0
0.059061	0
0.057957	0
0.071571	0
0.058794	0
0.061301	0
0.057845	0
0.057795	0
0.359438	1
0.068143	0
0.060171	0
0.057089	0
0.065641	0
0.059365	0
0.058708	0
0.059154	0
0.064144	0
0.0573	0
0.058041	0
0.056926	0
0.056904	0
0.061139	0
0.059393	0
0.055862	0
0.082268	0
0.0606	0
0.062313	0
0.058218	0
0.059372	0
0.056201	0
0.057601	0
0.057594	0
0.06109	0
0.05911	0
0.069337	0
0.066437	0
0.059585	0
0.05783	0
0.056336	0
0.056995	0
0.057242	0
0.059548	0
0.058922	0
0.058136	0
0.057327	0
0.059669	0
0.632675	1
0.060321	0
0.068375	0
0.599787	0
0.063352	0
0.057805	0
0.064581	0
0.06011	0
0.098317	0
0.059428	0
0.059108	0
0.055468	0
0.059485	0
0.059572	0
0.059379	0
0.055861	0
0.060337	0
0.058706	0
0.06048	0
0.056433	0
0.057507	0
0.062263	0
0.063029	0
0.056319	0
0.057998	0
0.072678	0
0.275501	0
0.058243	0
0.058152	0
0.068472	0
0.088366	0
0.059303	0
0.058214	0
0.065663	0
0.059614	0
0.057692	0
0.055874	0
0.320343	1
0.064215	0
0.086549	0
0.064302	0
0.064007	0
0.058125	0
0.634783	0
0.53308	1
0.084403	0
0.10197	0
0.056978	0
0.063649	0
0.062016	0
0.056033	0
0.0627	0
0.060414	0
0.058807	0
0.058041	0
0.058024	0
0.055932	0
0.058285	0
0.056699	0
0.061538	0
0.057895	0
0.061271	0
0.068101	0
0.060381	0
0.057988	0
0.05662	0
0.059784	0
0.064198	0
0.062798	0
0.065306	0
0.065667	0
0.059128	0
0.062791	0
0.058054	0
0.059087	0
0.084024	0
0.061832	0
0.066503	0
0.060844	0
0.058	0
0.539829	1
0.065073	0
0.056751	0
0.057032	0
0.057626	0
0.058262	0
0.058663	0
0.294707	0
0.058934	0
0.064081	0
0.058808	0
0.057205	0
0.056986	0
0.065353	0
0.056067	0
0.05994	0
0.058306	0
0.136612	0
0.059249	0
0.060323	0
0.608126	1
0.613184	1
0.060068	0
0.058281	0
0.057717	0
0.057183	0
0.062992	0
0.061767	0
0.062492	0
0.058865	0
0.605482	1
0.063575	0
0.058793	0
0.058926	0
0.065043	0
0.058205	0
0.084246	0
0.059064	0
0.058918	0
0.057009	0
0.060058	0
0.0569	0
0.056463	0
0.058215	0
0.05673	0
0.060343	0
0.060518	0
0.05887	0
0.057812	0
0.079381	0
0.05704	0
0.057913	0
0.599377	0
0.554515	1
0.581912	1
0.064691	0
0.097605	0
0.05591	0
0.056579	0
0.061902	0
0.07952	0
0.059124	0
0.058516	0
0.059903	0
0.068256	0
0.057581	0
0.056642	0
0.057308	0
0.057364	0
0.058927	0
0.060213	0
0.058731	0
0.061549	0
0.060479	0
0.057865	0
0.073179	0
0.060103	0
0.058008	0
0.623371	0
0.063674	0
0.074253	0
0.061095	0
0.071846	0
0.058839	0
0.055422	0
0.613075	0
0.058006	0
0.092416	0
0.063669	0
0.059461	0
0.454397	1
0.072116	0
0.056793	0
0.058282	0
0.058493	0
0.060424	0
0.10239	0
0.061543	0
0.321297	1
0.636733	1
0.410606	1
0.05785	0
0.075012	0
0.061483	0
0.065267	0
0.24376	0
0.060352	0
0.059103	0
0.063432	0
0.058488	0
0.073009	0
0.604595	1
0.059628	0
0.077684	0
0.06291	0
0.056522	0
0.061269	0
0.057818	0
0.067712	0
0.067726	0
0.058368	0
0.057101	0
0.079482	0
0.062485	0
0.064679	0
0.059191	0
0.063342	0
0.057508	0
0.059266	0
0.063633	0
0.060337	0
0.061165	0
0.056224	0
0.077853	0
0.059747	0
0.059958	0
0.063411	1
0.061126	0
0.074241	1
0.058617	0
0.102542	0
0.061822	0
0.485352	1
0.061089	0
0.059955	0
0.058255	0
0.05968	0
0.060115	0
0.061414	0
0.074321	0
0.061578	0
0.05984	0
0.418764	0
0.056823	0
0.41724	1
0.062109	0
0.060644	0
0.069609	0
0.063779	0
0.065864	0
0.059417	0
0.06058	0
0.056881	0
0.065972	0
0.058125	0
0.066633	0
0.057236	0
0.059093	0
0.064007	0
0.057265	0
0.068635	0
0.065776	0
0.063319	0
0.056769	0
0.062489	0
0.05759	0
0.05603	0
0.067605	0
0.057709	0
0.060864	0
0.061938	0
0.065733	0
0.056808	0
0.058596	0
0.059323	0
0.063566	0
0.05907	0
0.059337	0
0.059744	0
0.056132	0
0.112633	0
0.059954	0
0.059201	0
0.056852	0
0.060374	0
0.058108	0
0.061216	0
0.057019	0
0.058264	0
0.087144	0
0.058796	0
0.063362	0
0.061595	0
0.078208	0
0.43953	1
0.06178	0
0.063692	0
0.26062	0
0.058457	0
0.056037	0
0.058121	0
0.057663	0
0.061391	0
0.071194	0
0.05783	0
0.056388	0
0.057589	0
0.064363	0
0.060971	0
0.073212	0
0.058473	0
0.058104	0
0.058726	0
0.056579	0
0.060395	0
0.106806	0
0.059995	0
0.062708	0
0.061251	0
0.068014	0
0.085953	0
0.057154	0
0.061245	0
0.063661	0
0.057758	0
0.083108	0
0.057493	0
0.05878	0
0.061334	0
0.074702	0
0.060485	0
0.373686	1
0.061212	0
0.059485	0
0.066399	0
0.056924	0
0.063126	0
0.058388	0
0.06378	0
0.057105	0
0.611722	1
0.056745	0
0.056544	0
0.062865	0
0.056395	0
0.056004	0
0.056775	0
0.056992	0
0.059541	0
0.057623	0
0.058436	0
0.056516	0
0.056078	0
0.059679	0
0.071722	0
0.07596	0
0.058726	0
0.05576	0
0.057976	0
0.068599	0
0.065698	0
0.064173	0
0.05711	0
0.057096	0
0.059798	0
0.056748	0
0.058287	0
0.062419	0
0.477682	0
0.060626	0
0.057246	0
0.05731	0
0.058068	0
0.073771	0
0.065762	0
0.059833	0
0.071224	0
0.54106	1
0.143255	0
0.060345	0
0.08177	0
0.079651	0
0.063417	0
0.080553	0
0.07343	0
0.059981	0
0.561488	0
0.057565	0
0.057447	0
0.057947	0
0.056521	0
0.064209	0
0.637593	1
0.237222	1
0.641409	1
0.070935	0
0.060295	0
0.055899	0
0.066824	0
0.59015	0
0.069714	0
0.057656	0
0.069394	0
0.061083	0
0.057295	0
0.057697	0
0.061689	0
0.088449	0
0.206206	0
0.061801	0
0.061184	0
0.069469	0
0.061895	0
0.055972	0
0.59898	1
0.057176	0
0.05759	0
0.062733	0
0.060854	0
0.060652	0
0.058747	0
0.057825	0
0.058551	0
0.058461	0
0.058052	0
0.593243	0
0.055714	0
0.061809	0
0.062763	0
0.059099	0
0.057303	0
0.058	0
0.063899	0
0.061212	0
0.056816	0
0.059724	0
0.062405	0
0.060977	0
0.059896	0
0.608892	0
0.057438	0
0.056731	0
0.058318	0
0.157285	1
0.061138	0
0.056218	0
0.055792	0
0.058713	0
0.495256	0
0.056961	0
0.058048	0
0.059178	0
0.060349	0
0.059447	0
0.057496	0
0.059059	0
0.056676	0
0.057421	0
0.061955	0
0.057904	0
0.064836	0
0.058498	0
0.061912	0
0.065894	0
0.055805	0
0.061312	0
0.630109	0
0.055909	0
0.061366	0
0.058891	0
0.608554	0
0.628545	1
0.061913	0
0.058068	0
0.058982	0
0.060694	0
0.060706	0
0.064152	0
0.060654	0
0.064799	0
0.060089	0
0.058479	0
0.062449	0
0.637446	1
0.063564	0
0.056528	0
0.057599	0
0.060654	0
0.060396	0
0.058074	0
0.062086	0
0.059492	0
0.061209	0
0.061997	0
0.057919	0
0.06073	0
0.064325	0
0.056436	0
0.097131	0
0.058332	0
0.059014	0
0.05668	0
0.203624	0
0.062	0
0.058364	0
0.057335	0
0.056718	0
0.061988	0
0.056935	0
0.063028	0
0.057961	0
0.059796	0
0.058083	0
0.0599	0
0.059612	0
0.059098	0
0.063988	0
0.057474	0
0.06056	0
0.058364	0
0.058624	0
0.056958	0
0.059907	0
0.062327	0
0.085572	0
0.06013	0
0.059115	0
0.062697	0
0.071662	0
0.064283	0
0.057227	0
0.058644	0
0.059545	0
0.058049	0
0.09876	0
0.058603	0
0.099422	0
0.058675	0
0.064602	0
0.056525	0
0.058904	0
0.059209	0
0.060975	0
0.059759	0
0.063051	0
0.067741	0
0.05533	0
0.061332	0
0.061001	0
0.056358	0
0.05846	0
0.070979	0
0.064557	0
0.06155	0
0.056521	0
0.062058	0
0.061274	0
0.491192	1
0.066457	0
0.056403	0
0.057572	0
0.05748	0
0.056846	0
0.058188	0
0.06051	0
0.056002	0
0.056665	0
0.056689	0
0.067212	0
0.057622	0
0.061005	0
0.055897	0
0.057519	0
0.061353	0
0.38903	0
0.066517	0
0.057288	0
0.069624	0
0.057148	0
0.058974	0
0.059566	0
0.085018	0
0.095444	0
0.07651	0
0.057337	0
0.057193	0
0.058679	0
0.235199	0
0.065552	0
0.058982	0
0.055949	0
0.05959	0
0.384051	1
0.060024	0
0.060144	0
0.058884	0
0.632448	1
0.057386	0
0.060372	0
0.071391	0
0.112828	0
0.066029	0
0.058962	0
0.058201	0
0.057593	0
0.071997	0
0.061185	0
0.059611	0
0.058448	0
0.057408	0
0.067194	0
0.06156	0
0.062392	0
0.608792	1
0.10649	0
0.065182	0
0.059357	0
0.058362	0
0.065707	0
0.058316	0
0.058258	0
0.061832	0
0.060717	0
0.057498	0
0.061342	0
0.057662	0
0.058955	0
0.058861	0
0.056553	0
0.059074	0
0.056772	0
0.055841	0
0.063043	0
0.058044	0
0.057829	0
0.061687	0
0.061238	0
0.058346	0
0.066793	0
0.076038	0
0.638924	0
0.357787	1
0.064432	0
0.060717	0
0.059031	0
0.059005	0
0.066906	0
0.061356	0
0.058561	0
0.058511	0
0.065512	0
0.05906	0
0.057479	0
0.060774	0
0.059733	0
0.059358	0
0.057599	0
0.060355	0
0.059072	0
0.057113	0
0.063443	0
0.060743	0
0.626592	0
0.062149	0
0.062163	0
0.062914	0
0.057472	0
0.267298	0
0.057757	0
0.061028	0
0.058262	0
0.056302	0
0.077774	0
0.058614	0
0.066438	0
0.061763	0
0.063813	0
0.064234	0
0.056798	0
0.070548	0
0.069731	0
0.058292	0
0.094224	0
0.059736	0
0.605588	0
0.089705	0
0.059491	0
0.060999	0
0.612823	0
0.055698	0
0.061476	0
0.056209	0
0.060943	0
0.092486	0
0.246113	0
0.057812	0
0.105671	0
0.079231	0
0.0598	0
0.057402	0
0.056986	0
0.104986	0
0.058617	0
0.06137	0
0.283716	0
0.059502	0
0.062348	0
0.058084	0
0.058969	0
0.058062	0
0.062815	0
0.55405	0
0.062939	0
0.062605	0
0.057716	0
0.05781	0
0.06102	0
0.059129	0
0.057202	0
0.618223	0
0.062155	0
0.058532	0
0.059598	0
0.074296	0
0.176802	0
0.057079	0
0.088337	0
0.626532	0
0.059886	0
0.058176	0
0.061925	0
0.057746	0
0.061067	0
0.056398	0
0.058155	0
0.062457	0
0.45443	0
0.057359	0
0.057654	0
0.056023	0
0.059552	0
0.063326	0
0.073344	0
0.062073	0
0.061154	0
0.056855	0
0.056342	0
0.057691	0
0.060108	0
0.058841	0
0.057832	0
0.631635	1
0.060373	0
0.059372	0
0.062762	0
0.057679	0
0.060274	0
0.057341	0
0.064924	0
0.058071	0
0.059769	0
0.061828	0
0.056538	0
0.059804	0
0.057767	0
0.058548	0
0.067842	0
0.570628	1
0.057527	0
0.060311	0
0.061259	0
0.057838	0
0.629257	1
0.057975	0
0.464359	0
0.056263	0
0.063932	0
0.057672	0
0.058988	0
0.059825	0
0.057696	0
0.057885	0
0.0611	0
0.057597	0
0.058385	0
0.057432	0
0.061962	0
0.05778	0
0.126453	0
0.094332	0
0.633075	1
0.059758	0
0.05937	0
0.063173	0
0.062193	0
0.074065	0
0.058014	0
0.058066	0
0.056691	0
0.056478	0
0.059369	0
0.056453	0
0.056339	0
0.109655	0
0.057468	0
0.060998	0
0.082071	0
0.059249	0
0.058064	0
0.05926	0
0.291839	1
0.059028	0
0.066623	0
0.059563	0
0.517227	0
0.421762	0
0.421931	1
0.058529	0
0.073675	0
0.057762	0
0.614137	1
0.057962	0
0.629082	1
0.062494	0
0.057143	0
0.057132	0
0.05785	0
0.064944	0
0.056347	0
0.073608	0
0.056816	0
0.059691	0
0.060642	0
0.064099	0
0.062173	0
0.056869	0
0.596331	1
0.05794	0
0.071082	1
0.058788	0
0.056151	0
0.058332	0
0.057367	0
0.062598	0
0.060138	0
0.058673	0
0.05773	0
0.056418	0
0.063203	0
0.065045	0
0.401431	1
0.057306	0
0.057348	0
0.056918	0
0.063045	0
0.05566	0
0.057078	0
0.067921	0
0.06213	0
0.286772	1
0.057515	0
0.117966	0
0.07089	0
0.070658	0
0.272105	1
0.074955	0
0.503489	1
0.058245	0
0.065215	0
0.105451	0
0.060448	0
0.057512	0
0.05743	0
0.059825	0
0.062758	0
0.449852	0
0.060492	0
0.059241	0
0.060248	0
0.059313	0
0.057861	0
0.063244	0
0.626076	1
0.057015	0
0.082735	0
0.056905	0
0.064054	0
0.057067	0
0.056476	0
0.061706	0
0.063812	0
0.056389	0
0.062278	0
0.067246	0
0.061799	0
0.056256	0
0.061735	0
0.061132	0
0.06036	0
0.059792	0
0.088954	0
0.063453	0
0.065436	0
0.059347	0
0.060119	0
0.063208	0
0.060352	0
0.063903	0
0.057752	0
0.057643	0
0.058789	0
0.057488	0
0.056599	0
0.082443	0
0.055897	0
0.058652	0
0.056917	0
0.056446	0
0.056984	0
0.063147	0
0.059071	0
0.065112	0
0.073941	0
0.057332	0
0.059757	0
0.364282	0
0.061043	0
0.057073	0
0.069667	0
0.059071	0
0.059394	0
0.067923	0
0.059731	0
0.057996	0
0.057304	0
0.485567	1
0.639764	1
0.056792	0
0.057766	0
0.08801	0
0.057382	0
0.077582	0
0.056613	0
0.638013	1
0.058125	0
0.05918	0
0.060392	0
0.058782	0
0.061869	0
0.056486	0
0.057662	0
0.083283	0
0.066775	0
0.488551	1
0.22084	0
0.058275	0
0.061092	0
0.059396	0
0.062526	0
0.060497	0
0.059374	0
0.058183	0
0.060618	0
0.060512	0
0.057373	0
0.055947	0
0.057161	0
0.065801	0
0.058492	0
0.066496	0
0.057169	0
0.060852	0
0.070425	0
0.060425	0
0.059267	0
0.060141	0
0.064085	0
0.059008	0
0.061928	0
0.09006	0
0.058828	0
0.073477	0
0.630352	1
0.056559	0
0.066623	0
0.058162	0
0.055863	0
0.058013	0
0.533887	1
0.610114	1
0.065179	0
0.078825	0
0.059718	0
0.060153	0
0.05665	0
0.067413	0
0.058345	0
0.062424	0
0.064103	0
0.059451	0
0.055924	0
0.05797	0
0.062543	0
0.058211	0
0.05842	0
0.106698	0
0.057986	0
0.064226	0
0.057821	0
0.057613	0
0.087302	0
0.448724	1
0.061397	0
0.589467	0
0.061586	0
0.061635	0
0.062533	0
0.067148	0
0.059129	0
0.073023	0
0.058872	0
0.059656	0
0.056481	0
0.062865	0
0.064776	0
0.057552	0
0.059434	0
0.061364	0
0.063395	0
0.058466	0
0.060243	0
0.637361	0
0.065447	0
0.060715	0
0.063061	0
0.075498	0
0.057943	0
0.061461	0
0.063875	0
0.062689	0
0.614665	1
0.067372	0
0.057725	0
0.064376	0
0.382072	1
0.059239	0
0.058802	0
0.31873	0
0.066223	0
0.057581	0
0.070017	0
0.058961	0
0.062979	0
0.061245	0
0.058562	0
0.067247	0
0.057397	0
0.078026	0
0.056266	0
0.059021	0
0.072352	0
0.057267	0
0.058403	0
0.055943	0
0.057311	0
0.202957	1
0.060631	0
0.059803	0
0.056432	0
0.061257	0
0.058078	0
0.057854	0
0.068975	0
0.058892	0
0.09045	0
0.058463	0
0.462301	1
0.06726	0
0.065397	0
0.05891	0
0.627599	1
0.062026	0
0.064005	0
0.616561	1
0.058107	0
0.069451	0
0.067817	0
0.067385	0
0.057677	0
0.063416	0
0.069906	0
0.057879	0
0.183429	1
0.626781	1
0.05707	0
0.056654	0
0.057154	0
0.484025	1
0.440803	1
0.05868	0
0.074549	0
0.610017	1
0.202693	1
0.056074	0
0.58195	0
0.059503	0
0.055711	0
0.059788	0
0.061911	0
0.065098	0
0.061028	0
0.05988	0
0.058115	0
0.056918	0
0.05904	0
0.058311	0
0.060198	0
0.060914	0
0.059744	0
0.059368	0
0.605017	1
0.057436	0
0.060801	0
0.063433	0
0.05756	0
0.062327	0
0.077502	0
0.067608	0
0.057032	0
0.058089	0
0.058528	0
0.059458	0
0.06117	0
0.091846	0
0.057231	0
0.341305	0
0.063636	0
0.061121	0
0.608496	0
0.06999	0
0.058002	0
0.059483	0
0.058296	0
0.06024	0
0.059042	0
0.060034	0
0.059965	0
0.058637	0
0.059143	0
0.06135	0
0.06249	0
0.057636	0
0.06018	0
0.061033	0
0.06038	0
0.604764	1
0.058385	0
0.058292	0
0.071627	0
0.068254	0
0.060869	0
0.057549	0
0.059244	0
0.058516	0
0.144087	0
0.068054	0
0.417353	1
0.071688	0
0.057433	0
0.061923	0
0.060614	0
0.088452	0
0.204867	0
0.057962	0
0.069328	0
0.099322	0
0.059034	0
0.615118	1
0.628199	0
0.062504	0
0.066711	0
0.063159	0
0.05814	0
0.061123	0
0.058984	0
0.069003	0
0.058542	0
0.059587	0
0.058839	0
0.056777	0
0.060778	0
0.056584	0
0.075269	0
0.057643	0
0.058737	0
0.06078	0
0.058583	0
0.058793	0
0.062491	0
0.062046	0
0.082359	0
0.059842	0
0.057775	0
0.057255	0
0.545713	1
0.059441	0
0.071188	0
0.148811	0
0.074173	0
0.07681	0
0.060815	0
0.638891	1
0.057358	0
0.062732	0
0.065072	0
0.060664	0
0.057298	0
0.059503	0
0.064659	0
0.057039	0
0.059492	0
0.075302	0
0.068081	0
0.069972	0
0.072443	0
0.444957	0
0.056753	0
0.060756	0
0.059561	0
0.059938	0
0.057829	0
0.062964	0
0.055489	0
0.058485	0
0.057721	0
0.056831	0
0.057712	0
0.590411	1
0.08164	0
0.058984	0
0.058663	0
0.057774	0
0.058677	0
0.058078	0
0.056438	0
0.06371	0
0.056281	0
0.072585	0
0.060941	0
0.059862	0
0.579541	0
0.059833	0
0.05794	0
0.061187	0
0.06521	0
0.0633	0
0.057326	0
0.065897	0
0.057399	0
0.058692	0
0.058341	0
0.611083	0
0.061453	0
0.058946	0
0.060134	0
0.064868	0
0.056722	0
0.057403	0
0.057723	0
0.061078	0
0.058077	0
0.058409	0
0.411014	1
0.065948	0
0.057682	0
0.06456	0
0.058024	0
0.058509	0
0.062343	0
0.060013	0
0.058163	0
0.057666	0
0.056812	0
0.496814	0
0.060051	0
0.056619	0
0.063008	0
0.063132	0
0.059764	0
0.063165	0
0.060175	0
0.063001	0
0.056372	0
0.062795	0
0.059621	0
0.073983	0
0.063029	0
0.05795	0
0.061644	0
0.058327	0
0.061166	0
0.057238	0
0.536181	1
0.063868	0
0.057254	0
0.061878	0
0.061837	0
0.063331	0
0.070079	0
0.059862	0
0.074106	0
0.390302	1
0.056714	0
0.059992	0
0.635722	1
0.056906	0
0.060317	0
0.0602	0
0.064096	0
0.637552	0
0.634626	0
0.056849	0
0.061276	0
0.061155	0
0.063312	0
0.066593	0
0.06329	0
0.058348	0
0.056362	0
0.059671	0
0.059055	0
0.062606	0
0.062551	0
0.059744	0
0.061661	0
0.061414	0
0.058334	0
0.059982	0
0.064705	0
0.067829	0
0.407964	1
0.062584	0
0.573732	1
0.060028	0
0.064817	0
0.057264	0
0.061055	0
0.056664	0
0.056364	0
0.628652	1
0.057222	0
0.060147	0
0.059158	0
0.058338	0
0.0608	0
0.056573	0
0.058304	0
0.090018	0
0.056457	0
0.058044	0
0.057048	0
0.487105	1
0.059323	0
0.057034	0
0.069574	0
0.060597	0
0.075596	0
0.056372	0
0.098	0
0.065136	0
0.208025	0
0.058384	0
0.059587	0
0.057918	0
0.060476	0
0.058849	0
0.064553	0
0.059158	0
0.058028	0
0.164107	0
0.064361	0
0.06508	0
0.066268	0
0.203629	0
0.623239	0
0.06453	0
0.058544	0
0.059845	0
0.058056	0
0.060621	0
0.060017	0
0.056292	0
0.057917	0
0.063255	0
0.057119	0
0.056579	0
0.059915	0
0.625869	1
0.059772	0
0.072758	0
0.055286	0
0.058404	0
0.064807	0
0.060999	0
0.058712	0
0.059111	0
0.066044	0
0.060261	0
0.061046	0
0.314226	1
0.06033	0
0.061112	0
0.057855	0
0.058344	0
0.056933	0
0.056033	0
0.289597	1
0.058166	0
0.060807	0
0.058937	0
0.059629	0
0.0628	0
0.058503	0
0.056624	0
0.061982	0
0.060049	0
0.086876	0
0.062134	0
0.063194	0
0.056406	0
0.060121	0
0.05723	0
0.059545	0
0.558735	0
0.55737	0
0.061692	0
0.374987	1
0.061073	0
0.059963	0
0.067882	0
0.059496	0
0.064347	0
0.061715	0
0.061978	0
0.058	0
0.07977	0
0.058013	0
0.066892	0
0.062356	0
0.061691	0
0.061889	0
0.279372	0
0.089041	0
0.063809	0
0.059742	0
0.056703	0
0.060038	0
0.059429	0
0.059219	0
0.094734	0
0.057104	0
0.059653	0
0.06641	0
0.072823	0
0.059445	0
0.082083	0
0.077588	0
0.060618	0
0.062402	0
0.060087	0
0.058067	0
0.060332	0
0.061218	0
0.060592	0
0.063753	0
0.061626	0
0.349528	0
0.057462	0
0.057331	0
0.058742	0
0.076644	0
0.067082	0
0.063787	0
0.065665	0
0.057876	0
0.058277	0
0.05933	0
0.059862	0
0.058629	0
0.068269	0
0.082185	0
0.064359	0
0.05817	0
0.059686	0
0.057371	0
0.061024	0
0.057999	0
0.062066	0
0.056811	0
0.061916	0
0.059244	0
0.05859	0
0.064174	0
0.056585	0
0.070366	0
0.067392	0
0.058107	0
0.059485	0
0.320109	0
0.059319	0
0.057332	0
0.063761	0
0.38422	0
0.384226	0
0.595081	0
0.070224	0
0.059491	0
0.06295	0
0.088683	0
0.056716	0
0.062441	0
0.057961	0
0.298572	0
0.055717	0
0.057569	0
0.433843	0
0.070402	0
0.06206	0
0.058462	0
0.06229	0
0.091305	0
0.063857	0
0.456356	1
0.057699	0
0.056578	0
0.616685	1
0.057052	0
0.25299	1
0.061853	0
0.059432	0
0.058125	0
0.055797	0
0.057754	0
0.064423	0
0.070461	0
0.063087	0
0.057227	0
0.06081	0
0.143389	0
0.063877	0
0.057753	0
0.070111	0
0.060245	0
0.063834	0
0.06364	0
0.05693	0
0.082763	0
0.061564	0
0.06012	0
0.058779	0
0.060527	0
0.060589	0
0.641607	1
0.061039	0
0.088224	0
0.059996	0
0.059302	0
0.060425	0
0.135349	0
0.063054	0
0.345632	0
0.078603	0
0.056891	0
0.378972	1
0.083983	0
0.059614	0
0.197175	1
0.065587	0
0.062251	0
0.058182	0
0.057228	0
0.056341	0
0.061129	0
0.634745	1
0.057936	0
0.057486	0
0.079702	0
0.063186	0
0.05736	0
0.058898	0
0.05743	0
0.057306	0
0.061162	0
0.057148	0
0.065136	0
0.058945	0
0.189914	0
0.057319	0
0.05856	0
0.057739	0
0.055598	0
0.202211	1
0.618419	0
0.057462	0
0.05785	0
0.320785	1
0.057288	0
0.060765	0
0.060855	0
0.069141	0
0.05615	0
0.055468	0
0.062659	0
0.058004	0
0.124122	1
0.058113	0
0.059437	0
0.056334	0
0.058594	0
0.092689	1
0.059823	0
0.057786	0
0.057498	0
0.057285	0
0.061602	0
0.061704	0
0.057933	0
0.05726	0
0.064214	0
0.059203	0
0.060037	0
0.523239	1
0.060404	0
0.060656	0
0.057501	0
0.058556	0
0.058847	0
0.057618	0
0.059665	0
0.056573	0
0.057311	0
0.05728	0
0.076454	0
0.058228	0
0.461413	0
0.414157	1
0.626092	1
0.061327	0
0.062477	0
0.229004	0
0.058999	0
0.057226	0
0.066603	0
0.059369	0
0.058415	0
0.058202	0
0.618792	1
0.061061	0
0.065675	0
0.063701	0
0.063585	0
0.059286	0
0.059548	0
0.059338	0
0.059291	0
0.118482	0
0.057896	0
0.060698	0
0.479718	1
0.060116	0
0.063295	0
0.071297	0
0.056644	0
0.062607	0
0.056653	0
0.065677	0
0.058644	0
0.061104	0
0.057531	0
0.120654	0
0.057714	0
0.058981	0
0.059843	0
0.061174	0
0.062817	0
0.057398	0
0.069373	0
0.059922	0
0.064212	0
0.063731	0
0.057481	0
0.057937	0
0.05865	0
0.058226	0
0.063058	0
0.058378	0
0.057574	0
0.098728	0
0.062369	0
0.05614	0
0.060989	0
0.058733	0
0.073879	0
0.057421	0
0.057281	0
0.063434	0
0.069073	0
0.057535	0
0.059831	0
0.059113	0
0.057815	0
0.057532	0
0.058825	0
0.061336	0
0.065135	0
0.05811	0
0.059607	0
0.063825	0
0.064513	0
0.06295	0
0.249803	1
0.255131	0
0.062345	0
0.059597	0
0.059731	0
0.05833	0
0.063058	0
0.074686	0
0.070013	0
0.061928	0
0.062152	0
0.058509	0
0.059947	0
0.056703	0
0.209517	0
0.062659	0
0.078613	0
0.058618	0
0.057176	0
0.05922	0
0.062384	0
0.058263	0
0.05768	0
0.060495	0
0.062375	0
0.062021	0
0.06478	0
0.313302	1
0.056578	0
0.087014	0
0.076687	0
0.063108	0
0.066948	0
0.065645	0
0.095526	0
0.063	0
0.624973	0
0.629499	1
0.057209	0
0.225774	0
0.057128	0
0.061117	0
0.060552	0
0.057	0
0.059517	0
0.057906	0
0.063132	0
0.058953	0
0.060199	0
0.063288	0
0.062916	0
0.056678	0
0.06513	0
0.06702	0
0.058249	0
0.067534	0
0.060664	0
0.07294	0
0.060212	0
0.632527	1
0.058882	0
0.0593	0
0.059769	0
0.616216	1
0.06396	0
0.579614	0
0.059512	0
0.062037	0
0.417856	1
0.254188	0
0.058232	0
0.060638	0
0.055273	0
0.062635	0
0.059915	0
0.058359	0
0.055637	0
0.058834	0
0.05814	0
0.057012	0
0.068012	0
0.20214	0
0.059048	0
0.056271	0
0.056943	0
0.05889	0
0.06204	0
0.058401	0
0.058572	0
0.059363	0
0.068295	0
0.062252	0
0.058896	0
0.172408	0
0.604437	0
0.059595	0
0.221356	1
0.065516	0
0.057454	0
0.06285	0
0.056367	0
0.059259	0
0.058124	0
0.059585	0
0.069967	0
0.062798	0
0.391433	1
0.056114	0
0.05898	0
0.222933	0
0.059022	0
0.060006	0
0.100566	0
0.067873	0
0.602745	1
0.061577	0
0.05847	0
0.070615	0
0.068329	0
0.05877	0
0.058845	0
0.059476	0
0.059732	0
0.633177	0
0.078988	0
0.064053	0
0.613274	1
0.486152	1
0.060501	0
0.05704	0
0.063869	0
0.069511	0
0.05602	0
0.059569	0
0.094973	0
0.057644	0
0.068043	0
0.603207	1
0.059501	0
0.059728	0
0.057573	0
0.064035	0
0.057238	0
0.059152	0
0.05684	0
0.061402	0
0.060575	0
0.063266	0
0.057868	0
0.059115	0
0.057315	0
0.062757	0
0.063031	0
0.057389	0
0.058005	0
0.056451	0
0.056889	0
0.523901	1
0.063008	0
0.058466	0
0.261008	0
0.072659	0
0.058681	0
0.057609	0
0.062959	0
0.292903	0
0.056565	0
0.056823	0
0.060889	0
0.068668	0
0.073897	0
0.069228	0
0.060931	0
0.057945	0
0.062107	0
0.062589	0
0.057998	0
0.057181	0
0.059425	0
0.060361	0
0.058832	0
0.056892	0
0.061316	0
0.061084	0
0.473164	1
0.056143	0
0.057473	0
0.056846	0
0.061001	0
0.05842	0
0.056175	0
0.068461	0
0.059666	0
0.057971	0
0.088404	0
0.06258	0
0.065	0
0.057301	0
0.058355	0
0.059867	0
0.057985	0
0.059034	0
0.057947	0
0.065105	0
0.056192	0
0.057248	0
0.070379	0
0.056059	0
0.059529	0
0.063597	0
0.058635	0
0.062373	0
0.057724	0
0.058945	0
0.599134	1
0.056943	0
0.060758	0
0.058221	0
0.064823	0
0.063655	0
0.056484	0
0.057928	0
0.071884	0
0.058494	0
0.07499	0
0.093899	0
0.056458	0
0.057352	0
0.06251	0
0.056095	0
0.056351	0
0.061647	0
0.440309	0
0.070479	0
0.069109	0
0.061257	0
0.543975	1
0.056952	0
0.075089	0
0.058845	0
0.065566	0
0.058412	0
0.269427	0
0.055763	0
0.059047	0
0.061619	0
0.056719	0
0.627183	1
0.067308	0
0.067316	0
0.061561	0
0.056754	0
0.058602	0
0.067505	0
0.057382	0
0.056815	0
0.058856	0
0.060118	0
0.629008	0
0.060077	0
0.057964	0
0.060353	0
0.074899	0
0.062071	0
0.059827	0
0.064914	0
0.062151	0
0.440657	1
0.058763	0
0.079913	0
0.065293	0
0.066685	0
0.071094	0
0.636059	1
0.060064	0
0.059079	0
0.430177	1
0.056501	0
0.06151	0
0.060453	0
0.593196	0
0.100024	1
0.0648	0
0.058656	0
0.636399	0
0.060059	0
0.059611	0
0.056704	0
0.060123	0
0.057742	0
0.059806	0
0.059012	0
0.059613	0
0.633388	1
0.060178	0
0.077282	0
0.05648	0
0.062174	0
0.058349	0
0.084379	0
0.057184	0
0.06443	0
0.05728	0
0.057096	0
0.059371	0
0.057295	0
0.134452	0
0.058128	0
0.067032	0
0.056816	0
0.061401	0
0.061045	0
0.058749	0
0.065101	0
0.059008	0
0.058366	0
0.057105	0
0.056845	0
0.055801	0
0.058906	0
0.058847	0
0.059597	0
0.059728	0
0.058155	0
0.056663	0
0.062778	0
0.074106	0
0.056539	0
0.058008	0
0.066425	0
0.059467	0
0.062308	0
0.056754	0
0.060228	0
0.346376	1
0.05776	0
0.062586	0
0.058203	0
0.0568	0
0.05717	0
0.057835	0
0.059869	0
0.067032	0
0.058491	0
0.42336	1
0.058906	0
0.177135	0
0.057911	0
0.06799	0
0.235146	0
0.057565	0
0.060266	0
0.061058	0
0.069043	0
0.058706	0
0.059075	0
0.056253	0
0.059226	0
0.060323	0
0.077475	0
0.061473	0
0.6014	0
0.063021	0
0.063578	0
0.056029	0
0.061342	0
0.063975	0
0.058584	0
0.058388	0
0.059513	0
0.621402	1
0.059617	0
0.637248	1
0.058894	0
0.058524	0
0.060273	0
0.132867	0
0.061004	0
0.06392	0
0.056614	0
0.060671	0
0.060695	0
0.064086	0
0.064218	0
0.056206	0
0.061903	0
0.057427	0
0.063219	0
0.057785	0
0.055792	0
0.057578	0
0.057555	0
0.056636	0
0.059848	0
0.056311	0
0.270682	0
0.059703	0
0.057012	0
0.065384	0
0.05981	0
0.056568	0
0.066893	0
0.057218	0
0.059116	0
0.058794	0
0.065048	0
0.063469	0
0.062162	0
0.143567	0
0.056343	0
0.3208	0
0.562064	0
0.061944	0
0.056407	0
0.074304	0
0.057505	0
0.059603	0
0.058784	0
0.059013	0
0.056734	0
0.057445	0
0.057917	0
0.058118	0
0.058661	0
0.058659	0
0.068647	0
0.057303	0
0.085403	0
0.058811	0
0.069934	0
0.586504	1
0.061108	0
0.058581	0
0.057482	0
0.056632	0
0.058828	0
0.05918	0
0.063505	0
0.058418	0
0.057386	0
0.058658	0
0.059542	0
0.057785	0
0.059731	0
0.07087	0
0.060406	0
0.05966	0
0.057359	0
0.056866	0
0.057303	0
0.057812	0
0.078685	0
0.058071	0
0.192084	0
0.104043	0
0.061619	0
0.060965	0
0.06431	0
0.066367	0
0.070104	0
0.057134	0
0.057109	0
0.058421	0
0.057579	0
0.085512	0
0.060834	0
0.06479	0
0.638874	0
0.056756	0
0.057549	0
0.059253	0
0.061772	0
0.063412	0
0.055743	0
0.597173	1
0.056518	0
0.056353	0
0.063658	0
0.059376	0
0.057666	0
0.062682	0
0.625818	0
0.068643	0
0.059374	0
0.066869	0
0.062412	0
0.057747	0
0.057646	0
0.065418	0
0.056461	0
0.056701	0
0.203527	0
0.058763	0
0.059509	0
0.05869	0
0.05816	0
0.060976	0
0.409192	1
0.056355	0
0.062495	0
0.057274	0
0.072772	0
0.065391	0
0.072216	0
0.07261	0
0.057729	0
0.058847	0
0.058748	0
0.056218	0
0.072295	0
0.062455	0
0.062312	0
0.058582	0
0.059164	0
0.06769	0
0.065437	0
0.06171	0
0.058375	0
0.056497	0
0.075372	0
0.061485	0
0.060297	0
0.056459	0
0.059485	0
0.062257	0
0.064418	0
0.058151	0
0.077255	1
0.058318	0
0.056604	0
0.067892	0
0.061125	0
0.065267	0
0.058664	0
0.261988	1
0.058774	0
0.610191	0
0.063243	0
0.06412	0
0.056879	0
0.070846	0
0.057345	0
0.061859	0
0.060176	0
0.057252	0
0.061875	0
0.130342	0
0.061074	0
0.062376	0
0.058962	0
0.055956	0
0.381788	0
0.058487	0
0.05814	0
0.056234	0
0.060157	0
0.064255	0
0.059393	0
0.059187	0
0.218649	0
0.058114	0
0.0615	0
0.059815	0
0.059336	0
0.056722	0
0.058213	0
0.056214	0
0.057575	0
0.059279	0
0.058906	0
0.058506	0
0.058944	0
0.05839	0
0.056602	0
0.057724	0
0.05706	0
0.318789	1
0.060173	0
0.073748	0
0.089719	0
0.061301	0
0.05757	0
0.064297	0
0.056594	0
0.057112	0
0.058597	0
0.626589	0
0.060142	0
0.058559	0
0.064389	0
0.06098	0
0.05653	0
0.056645	0
0.057174	0
0.06036	0
0.057204	0
0.062148	0
0.071012	0
0.065348	0
0.059351	0
0.099796	0
0.059265	0
0.05853	0
0.060326	0
0.059777	0
0.057899	0
0.059102	0
0.057104	0
0.060856	0
0.058648	0
0.060332	0
0.057409	0
0.060719	0
0.058246	0
0.062585	0
0.05719	0
0.569575	1
0.057804	0
0.624152	1
0.082877	0
0.070541	0
0.068126	0
0.490211	1
0.059103	0
0.058351	0
0.062693	0
0.06219	0
0.056092	0
0.060313	0
0.062344	0
0.057708	0
0.446246	1
0.070255	0
0.086728	0
0.056933	0
0.058678	0
0.059393	0
0.062862	0
0.057337	0
0.065069	0
0.057284	0
0.259108	0
0.059389	0
0.065666	0
0.069529	0
0.062103	0
0.064645	0
0.061665	0
0.059408	0
0.11428	0
0.287269	0
0.333187	0
0.058488	0
0.059462	0
0.06201	0
0.063295	0
0.060437	0
0.059845	0
0.062137	0
0.05767	0
0.059183	0
0.0576	0
0.066114	0
0.057948	0
0.055761	0
0.061941	0
0.058823	0
0.059052	0
0.057011	0
0.05996	0
0.061243	0
0.058251	0
0.058616	0
0.067383	0
0.059168	0
0.056963	0
0.059988	0
0.057315	0
0.056128	0
0.081106	0
0.060641	0
0.606779	1
0.055222	0
0.056771	0
0.058706	0
0.06085	0
0.060229	0
0.403131	1
0.112018	0
0.05908	0
0.057146	0
0.05957	0
0.056077	0
0.056256	0
0.066618	0
0.07297	0
0.058504	0
0.065209	0
0.60531	0
0.062672	0
0.05692	0
0.056054	0
0.059433	0
0.628347	1
0.057436	0
0.624474	1
0.061177	0
0.060162	0
0.058426	0
0.057164	0
0.06219	0
0.05913	0
0.629699	0
0.058254	0
0.057091	0
0.057952	0
0.088035	0
0.061271	0
0.602278	0
0.067928	0
0.061214	0
0.636322	1
0.062155	0
0.061597	0
0.066119	0
0.332348	0
0.30451	1
0.058004	0
0.05849	0
0.057612	0
0.057449	0
0.055895	0
0.316658	0
0.059672	0
0.127377	0
0.05688	0
0.058226	0
0.059118	0
0.087384	0
0.061447	0
0.060022	0
0.065356	0
0.06318	0
0.063056	0
0.632286	1
0.08032	0
0.070558	0
0.059754	0
0.462553	1
0.592776	0
0.611808	0
0.63135	0
0.067228	0
0.057173	0
0.058163	0
0.59102	0
0.057229	0
0.065544	0
0.057678	0
0.057618	0
0.059141	0
0.063192	0
0.057388	0
0.063572	0
0.057994	0
0.058476	0
0.057819	0
0.057439	0
0.059495	0
0.058014	0
0.06692	0
0.066549	0
0.584016	1
0.061804	0
0.080261	0
0.05891	0
0.061711	0
0.059057	0
0.081695	0
0.065526	0
0.061606	0
0.059428	0
0.058683	0
0.061244	0
0.056643	0
0.058847	0
0.061858	0
0.056923	0
0.061574	0
0.637641	1
0.064426	0
0.069746	0
0.055672	0
0.093386	0
0.058562	0
0.059437	0
0.061851	0
0.062099	0
0.056121	0
0.072548	0
0.058668	0
0.056552	0
0.058019	0
0.060525	0
0.058155	0
0.058579	0
0.056848	0
0.058892	0
0.059855	0
