9.2326	0
39.9993	1
35.2289	0
24.322	1
39.9993	1
39.9993	1
36.989	0
39.9993	1
20.1877	0
30.4586	0
15.8783	1
18.5231	0
22.0803	0
20.9239	0
2.2432	0
22.1533	0
33.98	1
21.0323	1
35.2289	0
100	1
35.2289	1
27.9605	0
36.989	1
28.2408	1
33.9806	1
10.1265	0
100	1
33.0111	1
39.9993	1
29.2094	1
28.2408	1
100	1
39.9993	1
39.9993	1
5.7175	0
23.2841	1
33.98	0
39.9993	0
33.98	0
21.1435	0
10.2212	0
24.0935	0
13.4599	0
26.0233	0
7.1128	0
33.9793	0
39.9993	1
21.8117	0
30.0011	0
29.587	0
39.9993	1
36.989	1
29.5872	0
33.98	1
4.4922	0
30.0011	0
33.0111	0
23.4713	0
28.8618	0
4.8463	0
33.0111	1
39.9993	0
33.0111	1
36.989	0
39.9993	1
30.969	1
36.989	1
30.0011	0
36.989	0
36.9903	0
25.0898	0
31.5498	1
26.78	1
33.98	1
1.3326	0
35.2289	0
100	1
31.5498	1
39.9993	0
2.4388	0
100	1
35.2289	0
16.5997	1
35.2289	1
26.3852	0
100	1
33.0106	1
16.4455	0
29.2094	0
35.2289	1
21.1395	0
36.989	1
35.2289	1
6.6392	0
39.9993	0
39.9993	0
100	0
36.989	1
32.2195	1
35.2289	0
35.2289	1
27.9605	1
27.9607	0
39.9993	1
33.0111	0
3.4833	0
33.0111	0
30.0011	1
25.0897	1
39.9993	1
6.9837	0
36.9903	1
100	1
100	1
30.97	1
19.7985	0
100	1
100	1
36.989	1
15.1902	0
28.862	0
15.1758	0
22.6819	0
100	0
11.6744	0
33.98	0
26.2004	0
100	1
31.5498	0
7.2684	0
11.9681	0
32.2195	1
39.9993	0
28.862	0
30.0008	0
100	0
100	1
23.7721	1
35.2289	1
39.9993	0
39.9993	1
39.9993	0
35.2289	1
14.2305	0
35.2289	0
100	1
36.989	0
39.9993	0
39.9993	1
36.989	1
19.2574	0
35.2289	0
28.2406	0
2.3942	0
100	0
16.8212	1
100	1
21.2001	0
36.989	0
2.3417	0
32.2191	0
26.5782	1
16.7801	0
39.9993	1
29.5872	1
30.4583	0
33.98	1
39.9993	0
100	1
100	1
35.2289	0
36.9903	0
100	1
39.9993	0
3.8249	0
35.2289	0
33.0111	0
14.2098	0
31.5498	1
17.3019	0
23.4728	0
100	1
35.2289	0
36.989	1
100	1
29.5872	1
15.5588	0
15.3339	0
23.9837	0
36.989	1
39.9993	1
28.8616	0
39.9993	1
16.9685	0
36.989	0
39.9993	0
36.989	0
36.989	1
25.688	0
24.8185	0
15.7964	0
21.0323	1
29.2094	1
100	1
20.6642	1
36.9903	1
24.6888	1
100	1
25.853	1
31.5498	0
2.9597	0
39.9993	0
100	0
13.5552	1
100	1
100	1
100	1
23.9833	0
23.2813	0
39.9993	0
16.2778	0
39.9993	1
100	1
29.5872	0
39.9993	1
100	1
39.9993	1
100	1
36.989	1
30.97	1
39.9993	0
30.97	0
25.0898	1
100	1
39.9993	1
33.98	1
39.9993	0
39.9993	1
39.9993	0
100	1
29.5872	1
100	1
30.0011	0
39.9993	1
26.3853	1
3.1018	0
39.9993	1
36.989	1
100	0
1.7968	0
33.9806	0
33.9806	1
39.9993	0
39.9993	1
35.2289	0
33.9806	1
33.98	0
30.4583	1
100	1
39.9993	0
35.2289	0
33.0111	1
39.9993	1
100	1
27.4491	0
36.989	0
39.9993	1
35.2289	1
28.5402	0
33.98	1
36.989	1
10.0422	0
100	1
28.5402	1
100	1
39.9993	0
100	0
39.9993	1
22.8456	0
35.2289	1
39.9993	0
100	0
10.7297	0
100	1
30.4583	0
39.9993	1
100	1
32.2195	1
33.0111	1
26.78	1
100	1
27.4491	1
39.9993	0
36.989	1
100	1
100	1
30.0011	0
33.0111	1
29.2094	1
5.5418	0
33.9806	1
35.2289	1
36.989	1
33.0111	1
30.0011	1
39.9993	1
31.5498	1
100	0
21.5566	0
28.5402	1
29.5872	0
31.5498	1
11.3643	0
27.4491	0
23.0156	0
39.9993	1
35.2289	1
23.8764	0
33.9806	1
36.989	1
39.9993	0
33.0111	0
14.1984	0
100	0
2.2716	0
35.2289	1
100	1
36.989	0
100	1
18.6794	0
100	1
35.2289	1
39.9993	0
100	1
100	1
39.9993	0
36.989	1
39.9993	1
25.232	0
36.989	0
33.0111	0
27.6974	1
100	1
39.9993	0
33.9806	1
39.9993	0
32.2186	0
18.1135	0
31.5498	1
22.8455	0
31.5498	1
27.6974	1
39.9993	1
100	1
26.78	1
100	1
39.9993	1
100	1
100	1
33.9806	1
27.4494	0
100	1
30.0008	1
100	1
100	1
18.7434	1
39.9993	1
39.9993	0
36.989	1
27.2146	0
36.989	1
33.0106	1
100	1
30.0011	0
17.4427	1
39.9993	1
27.2145	1
100	1
22.5242	0
39.9993	1
28.862	0
30.0011	0
39.9993	0
6.8209	0
100	1
16.389	1
23.5703	1
28.5402	1
32.2195	1
28.2406	0
16.5801	1
35.2289	1
100	0
100	1
31.5498	0
35.2289	0
2.7731	1
39.9993	1
36.989	1
33.0111	1
39.9993	1
100	1
4.8618	0
39.9993	1
100	1
39.9993	1
10.6131	0
33.9806	1
100	1
30.97	0
32.2186	0
33.98	1
16.5219	0
100	1
30.0011	1
35.2289	1
100	1
36.989	1
100	0
100	1
33.98	0
39.9993	1
100	0
25.6894	1
35.2289	0
26.992	0
23.9837	1
39.9993	1
39.9993	1
36.989	0
27.6974	1
4.6787	0
35.2289	1
36.989	1
39.9993	0
100	1
33.0111	1
36.989	1
33.98	0
28.5402	0
7.0036	0
20.2789	1
33.0106	0
39.9993	1
15.5588	0
39.9993	0
31.5498	1
100	1
25.6892	0
15.0239	0
100	1
35.2289	0
39.9993	0
36.989	1
33.9806	0
35.2289	1
39.9993	1
36.989	1
21.0323	0
9.6266	0
29.2094	1
32.2191	1
26.2001	0
29.2094	0
3.2538	1
100	1
100	0
9.3124	0
100	1
36.989	0
28.2406	0
36.989	0
27.2146	0
29.5872	1
39.9993	1
36.989	0
30.4583	0
29.5872	1
13.2669	0
1.6122	0
39.9993	1
30.0011	1
33.0111	1
36.989	0
35.2289	0
33.0111	0
35.2289	1
31.5498	1
33.0111	0
36.989	1
39.9993	1
36.989	1
100	0
39.9993	1
35.2289	1
29.5872	0
100	1
5.9549	1
35.2289	1
100	1
33.9806	1
100	1
100	1
27.2146	1
27.4491	1
26.5781	0
35.2289	1
31.5498	0
100	1
39.9993	1
100	1
22.1533	1
33.0111	1
100	1
36.9903	0
21.6823	0
33.0111	1
100	1
35.2289	1
33.0111	1
30.97	1
19.7177	1
39.9993	1
26.5781	0
28.862	0
28.2406	0
32.2191	1
39.9993	0
24.6888	1
39.9993	0
39.9993	1
39.9993	0
28.8618	0
29.5872	0
100	1
39.9993	0
11.5233	0
100	0
39.9993	1
36.989	1
35.2289	1
100	1
36.989	1
100	1
39.9993	1
36.989	1
15.7478	0
39.9993	1
36.989	1
21.1434	0
39.9993	0
39.9993	0
30.0011	0
23.67	1
39.9993	0
100	1
39.9993	1
100	1
33.0111	0
28.2406	1
32.2191	0
36.989	1
35.2289	0
20.4195	0
100	1
27.9607	1
21.9451	0
29.5872	1
33.0111	0
31.5498	0
35.2289	1
39.9993	1
35.2289	0
22.8456	1
39.9993	1
33.0111	0
35.2289	1
14.0338	0
36.989	1
39.9993	1
100	1
35.2289	1
100	1
39.9993	1
36.9903	1
30.97	0
17.8958	1
100	1
100	1
36.989	0
33.0106	1
100	1
33.9793	0
30.97	1
33.0111	1
39.9993	1
35.2289	0
35.2289	1
33.0111	0
27.9607	1
36.989	1
35.2289	1
32.2191	1
100	1
39.9993	1
36.989	1
3.2386	0
35.2289	1
2.804	0
26.5781	1
28.8618	0
39.9993	1
19.3309	1
35.2289	0
27.9605	1
100	1
100	1
33.9806	1
36.989	1
39.9993	1
33.9806	1
32.2195	0
100	1
36.989	1
35.2289	1
36.989	1
35.2289	1
23.8766	0
35.2289	0
100	1
100	1
100	1
10.0749	0
30.97	1
28.2408	1
28.2406	0
16.8837	0
32.2191	1
100	1
24.6888	0
27.9605	1
3.1349	0
32.2186	0
33.0111	0
36.989	1
100	1
39.9993	0
32.2195	1
22.1533	0
27.96	0
39.9993	0
29.5872	1
39.9993	1
24.0936	0
35.2289	0
100	1
36.989	1
39.9993	1
35.2289	1
100	1
33.9806	1
36.989	1
100	1
33.0111	1
33.0111	1
28.5402	1
100	1
22.763	1
33.9806	1
21.2575	1
39.9993	1
100	1
35.2289	0
30.4583	1
100	0
39.9993	0
36.989	1
3.7952	0
100	1
4.7605	0
30.97	1
26.3836	1
100	1
100	0
30.97	1
39.9993	1
39.9993	0
39.9993	1
30.4583	0
4.6229	0
33.9806	1
22.4469	0
39.9993	1
100	1
39.9993	1
36.989	1
100	0
39.9993	1
39.9993	1
18.1415	1
30.0011	1
35.2289	0
100	1
22.6023	1
39.9993	0
25.6894	1
31.5498	1
26.3852	0
39.9993	0
27.6974	1
39.9993	0
25.232	0
21.619	1
39.9993	0
19.2212	1
36.989	0
28.8618	1
39.9993	0
36.989	0
100	1
36.989	1
100	1
35.2289	1
17.8694	0
39.9993	1
21.9427	0
39.9993	0
29.5872	0
39.9993	0
39.9993	1
39.9993	1
30.0011	0
100	1
36.9903	0
100	1
36.989	1
33.0111	1
39.9993	0
13.134	0
32.2191	1
26.2005	0
36.989	1
31.5498	1
17.7909	0
39.9993	1
39.9993	0
35.2289	0
35.2289	1
39.9993	0
35.2289	1
36.989	1
10.8995	1
100	1
39.9993	1
39.9993	1
100	1
14.9565	0
18.432	0
36.9903	0
39.9993	0
36.9903	1
39.9993	0
30.0011	1
36.989	1
39.9993	1
100	0
100	0
26.5781	1
21.6821	0
100	0
36.989	1
30.4583	0
32.2191	1
26.78	1
100	1
33.98	0
35.2289	1
36.989	1
29.5872	0
35.2289	0
33.0111	1
18.7113	0
29.2094	0
27.6974	1
35.2289	0
27.4491	0
28.862	1
36.989	1
28.8618	0
20.1877	0
29.2094	1
33.0111	1
35.2289	1
23.67	0
35.2289	1
100	0
100	1
100	1
22.225	1
22.0828	1
100	1
39.9993	0
39.9993	0
28.2406	1
36.989	0
35.2289	0
31.5498	1
100	1
11.5711	0
39.9993	1
39.9993	1
35.2289	0
21.9452	1
23.4727	1
39.9993	1
1.5441	0
29.2094	0
35.2289	1
39.9993	0
35.2289	0
31.5498	1
39.9993	1
30.97	1
35.2289	0
36.989	1
100	1
29.5872	1
31.5498	1
36.989	1
14.697	0
35.2289	1
1.7084	0
31.5498	1
17.3716	0
36.989	1
39.9993	1
39.9993	1
39.9993	1
36.989	1
1.7687	1
32.2191	1
100	1
36.989	1
39.9993	1
100	1
100	1
32.2191	0
35.2289	1
39.9993	0
35.2289	1
23.5702	0
31.5498	1
36.989	1
39.9993	1
19.3304	0
17.6634	1
27.6974	1
39.9993	1
26.0233	1
36.989	1
100	1
25.5315	0
23.67	0
39.9993	1
19.1497	1
25.3791	1
35.2289	1
17.7909	0
39.9993	1
27.9607	0
39.9993	1
39.9993	1
27.2146	1
35.2289	1
35.2289	0
35.2289	1
39.9993	1
100	1
100	1
24.0935	1
22.2979	1
36.989	0
33.0111	1
28.5402	1
28.5402	0
23.4728	1
100	1
33.0111	0
6.0561	0
29.2094	1
100	1
32.2195	1
27.6974	0
100	0
39.9993	1
36.989	0
28.862	0
100	1
5.0294	0
22.0828	0
23.9835	0
39.9993	1
21.5566	0
30.97	0
100	1
100	1
39.9993	1
39.9993	1
35.2289	0
33.0111	0
39.9993	1
16.1174	0
100	1
39.9993	1
33.98	0
35.2289	0
36.989	1
22.5242	0
100	0
36.989	1
3.0595	0
32.2191	0
32.2195	1
39.9993	0
39.9993	1
100	1
39.9993	1
35.2289	1
35.2289	1
100	1
18.1134	1
39.9993	1
100	1
10.3983	0
39.9993	1
31.5498	1
27.6974	1
33.9806	1
20.0109	1
39.9993	1
100	1
39.9993	1
100	1
32.2191	1
100	1
39.9993	0
28.2408	1
35.2289	1
100	1
39.9993	0
28.2406	0
30.97	0
33.9806	1
100	1
36.989	0
33.0111	1
33.0111	1
25.5315	1
100	0
100	1
7.0989	0
33.0111	0
35.2289	1
36.989	0
35.2289	0
29.5872	1
26.5782	1
30.0008	1
39.9993	1
15.7317	0
27.4491	0
100	1
35.2289	1
33.9806	1
24.5631	1
33.0111	0
36.989	1
31.5498	1
39.9993	0
24.6888	1
100	0
100	1
35.2289	0
36.989	0
30.97	1
100	1
33.98	0
33.0111	0
18.4319	0
14.8225	0
100	0
7.2172	0
1.8375	0
3.543	0
33.0111	1
39.9993	1
39.9993	0
15.1063	0
39.9993	0
36.989	0
7.3804	0
100	1
39.9993	1
100	0
26.5781	0
28.2406	0
35.2289	1
36.989	0
39.9993	1
100	1
36.989	1
100	1
27.4491	1
39.9993	0
35.2289	0
33.0111	0
100	0
9.3605	0
35.2289	0
33.0106	0
39.9993	0
100	1
33.0111	0
39.9993	1
35.2289	1
36.989	0
100	1
36.9903	1
24.4409	1
100	1
27.2146	1
100	1
100	1
36.989	1
18.679	0
3.5023	0
33.9806	1
1.9378	0
36.9903	0
39.9993	0
19.4054	0
2.2845	0
22.4473	0
39.9993	0
100	1
39.9993	1
36.989	1
33.9806	1
39.9993	1
26.992	1
33.9806	1
100	1
21.4345	0
22.2979	0
13.5843	1
39.9993	0
100	1
27.4491	1
25.3791	1
26.2005	1
35.2289	1
36.989	1
39.9993	0
35.2289	1
100	1
39.9993	1
29.2094	0
100	1
24.6888	0
26.5781	0
39.9993	1
36.989	0
30.0008	0
100	1
39.9993	1
100	1
100	1
2.5027	0
3.3144	0
31.5498	1
39.9993	0
39.9993	1
21.2001	0
39.9993	1
5.2557	0
35.2289	0
35.2289	1
36.9903	0
100	1
33.9806	0
33.9806	1
31.5494	0
36.989	1
35.2289	1
4.0319	0
39.9993	0
5.7955	0
33.0111	0
33.0106	0
30.4583	0
31.5498	1
31.5498	1
36.989	1
100	1
22.8453	1
33.9806	1
36.9903	0
16.1703	0
31.5498	0
100	1
36.989	1
29.2094	0
13.1689	1
26.0233	0
33.0111	1
35.2289	1
4.1358	0
39.9993	0
100	1
26.78	0
39.9993	1
31.5498	1
20.5647	0
35.2289	1
16.0823	1
39.9993	1
100	1
20.4194	1
8.004	0
35.2289	1
39.9993	0
100	1
33.0111	0
3.2014	0
33.0111	0
27.9605	0
100	1
36.989	0
36.9903	0
33.0111	1
23.4728	1
6.7199	0
21.3746	0
26.5782	1
100	1
39.9993	1
27.9607	1
35.2289	0
31.5498	1
19.841	0
100	1
39.9993	1
36.989	1
10.2639	1
21.0875	1
36.989	0
36.989	1
35.2289	1
100	1
16.389	1
100	1
33.9806	1
25.853	0
21.0872	1
32.2195	1
39.9993	1
33.0111	0
26.78	0
27.6972	0
22.2248	1
36.989	1
100	1
100	1
35.2289	1
1.2868	0
39.9993	1
26.5781	0
39.9993	1
39.9993	0
26.9917	0
24.6888	0
100	0
3.1453	0
100	0
31.5498	1
36.989	0
33.9806	1
39.9993	0
21.2575	1
39.9993	0
35.2289	1
9.3969	0
30.0011	0
7.0552	0
100	1
36.989	1
14.6345	0
36.989	1
26.0233	1
100	1
100	1
18.113	0
7.3758	0
33.0111	0
33.98	1
39.9993	0
33.0111	1
39.9993	1
33.98	1
20.2786	0
39.9993	1
32.2191	1
36.989	1
100	1
35.2289	1
100	1
30.97	1
33.9806	0
26.5782	0
39.9993	1
33.9806	0
35.2289	1
39.9993	1
35.2289	0
36.989	1
100	1
35.2289	1
32.2191	0
30.4583	0
39.9993	1
33.98	1
33.9806	1
35.2289	1
33.0111	0
1.4024	0
36.989	1
39.9993	1
33.98	1
100	1
36.989	0
39.9993	1
30.97	1
25.3791	0
39.9993	1
100	1
36.989	1
35.2289	1
36.989	1
100	1
100	1
35.2289	0
39.9993	1
100	1
30.4583	1
36.989	1
26.9917	1
28.862	1
36.989	0
9.0389	0
39.9993	1
36.989	0
31.5498	1
19.0097	0
21.1434	1
36.989	1
25.5313	1
36.989	0
32.2191	1
39.9993	1
35.2289	0
100	1
30.4586	0
100	1
26.78	0
26.5782	1
39.9993	1
100	1
39.9993	1
100	1
8.1569	0
35.2289	1
33.98	0
39.9993	1
33.0111	0
35.2289	1
39.9993	1
100	0
39.9993	1
15.9287	0
13.722	1
36.989	1
33.0111	1
35.2289	0
100	1
39.9993	1
35.2289	1
100	1
36.989	1
100	0
36.989	1
36.989	1
14.0446	0
36.989	1
100	1
100	0
31.5498	0
100	1
10.1282	0
26.2005	0
36.989	0
31.5498	1
13.5548	0
36.989	1
24.3218	0
100	1
36.989	0
33.0111	1
31.5498	1
26.992	0
30.4583	0
100	1
100	0
100	1
100	1
100	1
100	1
30.0011	1
28.5402	0
29.5872	1
23.2831	0
33.0101	0
33.0111	1
22.9299	1
29.5872	0
39.9993	1
100	1
33.9806	0
36.989	1
33.0106	1
100	0
31.5498	0
39.9993	1
27.4494	0
26.2005	0
15.2043	1
29.5872	1
25.3791	0
35.2289	1
36.989	0
36.989	0
32.2195	0
100	1
35.2289	0
36.989	1
36.989	0
39.9993	1
11.164	1
36.989	0
36.989	1
30.4583	0
100	1
36.989	1
39.9993	1
100	1
100	1
39.9993	1
36.9903	1
29.5872	0
5.2342	0
39.9993	1
39.9993	0
24.0926	0
35.2289	1
39.9993	0
33.9806	1
100	1
35.2289	1
100	1
11.8118	0
39.9993	1
100	1
10.8191	0
26.78	1
100	1
25.0898	0
8.9824	0
39.9993	1
33.9806	1
35.2289	1
32.2191	0
3.3093	0
9.5194	0
31.5498	1
30.4583	1
100	0
39.9993	1
36.989	1
100	1
32.2191	0
100	1
39.9993	0
36.989	1
100	1
39.9993	1
100	1
39.9993	1
35.2289	1
100	1
39.9993	1
100	1
39.9993	1
30.0011	1
9.9083	0
32.2186	1
29.5872	0
25.3791	0
33.9806	1
39.9993	0
39.9993	1
100	1
30.97	1
33.0111	0
17.1654	0
16.3136	0
25.232	1
6.671	0
35.2289	0
39.9993	1
30.97	1
11.5469	1
10.2828	0
39.9993	0
4.2476	0
35.2289	1
3.9594	0
23.7721	0
100	1
39.9993	1
35.2289	1
26.3852	1
20.3721	0
28.862	1
21.6823	1
33.0111	1
36.989	1
18.4924	0
100	1
39.9993	0
30.0008	0
23.5699	0
39.9993	1
39.9993	0
33.0111	0
17.4191	1
100	1
100	1
100	1
100	0
36.989	0
36.989	1
100	1
32.2195	0
100	1
36.9903	1
25.853	0
33.0111	1
39.9993	1
100	1
29.5861	0
100	1
31.5498	1
100	1
9.7405	0
36.989	1
25.853	1
35.2289	0
100	1
100	1
100	1
100	0
30.97	0
35.2289	1
30.4583	1
20.9777	0
36.989	1
27.9607	0
18.1697	0
100	1
9.0491	0
2.6486	0
10.784	0
14.1536	0
100	1
13.3577	1
39.9993	1
36.989	1
100	1
33.9806	0
39.9993	1
33.9806	1
36.989	1
33.9806	1
100	1
35.2289	0
39.9993	1
35.2289	0
32.2191	0
100	1
6.1713	0
23.4726	0
32.2191	1
26.2005	0
33.0111	0
36.989	0
33.98	1
36.989	1
39.9993	1
36.989	1
39.9993	1
39.9993	1
39.9993	1
20.3252	0
35.2289	1
28.862	1
31.5498	0
39.9993	1
33.0111	1
20.8707	0
16.5606	1
36.989	1
13.7726	0
8.5491	0
39.9993	1
28.862	0
39.9993	1
33.0111	1
33.0111	1
35.2289	0
6.0526	0
33.98	1
31.5498	1
100	1
100	1
100	1
25.232	0
24.4409	1
31.5498	0
39.9993	1
36.989	1
29.2094	0
28.2406	0
31.5498	0
23.1927	0
36.989	1
35.2289	0
35.2289	0
100	1
30.0011	1
39.9993	1
9.5821	0
100	1
100	1
36.989	0
24.2063	1
100	1
28.862	1
32.2195	1
17.1209	0
39.9993	1
35.2289	1
100	0
36.989	1
26.0232	1
22.8455	1
26.0233	0
29.5872	0
36.989	0
24.6888	1
35.2289	0
27.449	1
27.9605	1
39.9993	0
27.9607	1
39.9993	1
39.9993	0
24.322	1
36.989	1
23.0156	0
39.9993	1
35.2289	1
30.4583	0
35.2289	1
35.2289	1
32.2191	0
36.989	1
26.2004	0
39.9993	1
33.0111	1
28.5402	0
100	1
30.0011	1
100	1
33.9806	1
33.98	0
35.2289	1
100	1
100	1
24.8184	0
18.8085	0
1.3032	1
100	1
39.9993	1
17.8169	0
39.9993	1
39.9993	1
33.0111	1
27.2146	1
36.989	1
29.2094	1
21.945	1
27.9607	0
31.5498	1
27.9602	0
100	0
35.2289	0
39.9993	0
39.9993	1
100	1
30.4583	1
25.0897	0
100	1
39.9993	1
100	1
23.1927	1
39.9993	1
39.9993	1
100	1
100	1
24.4408	0
23.3773	0
12.3343	0
39.9993	1
31.5498	1
21.0875	0
25.5315	1
25.853	0
9.0067	0
26.2005	0
33.9806	0
100	1
39.9993	0
100	1
33.98	0
39.9993	1
35.2289	1
32.2195	1
100	1
35.2289	1
2.8582	0
36.989	0
39.9993	1
100	1
28.5391	0
17.4909	0
28.5402	1
39.9993	0
6.1987	0
31.5498	1
36.989	1
33.0106	1
31.5498	1
100	1
39.9993	1
18.9081	1
100	1
36.989	1
14.6345	1
39.9993	0
6.8104	0
35.2289	0
100	1
100	1
27.449	1
12.2556	0
36.989	1
35.2289	1
35.2289	0
100	0
39.9993	0
21.4344	0
100	1
100	1
30.4583	1
32.2186	0
39.9993	1
36.989	0
33.0111	0
35.2289	1
35.2289	1
33.9806	1
28.5402	1
36.989	1
19.7584	1
31.5498	1
100	1
36.989	1
32.2195	0
18.2554	0
33.9806	1
39.9993	1
100	1
39.9993	0
4.937	0
100	1
16.9259	0
27.9607	0
35.2289	1
27.4491	1
100	1
29.2094	0
9.0853	0
39.9993	1
36.989	1
30.97	1
30.97	1
35.2289	1
36.989	1
23.0989	0
17.4909	1
36.989	1
30.4583	0
20.3253	0
39.9993	1
100	1
35.2289	0
7.1128	0
36.989	1
27.2145	1
28.5402	1
30.4586	0
100	1
22.4473	1
30.0008	0
39.9993	1
100	1
36.989	1
16.4644	0
39.9993	0
29.2094	0
33.0106	0
33.9806	0
36.989	1
100	1
39.9993	1
30.0011	0
39.9993	1
7.5645	0
39.9993	1
32.2191	0
1.3434	0
25.3791	1
28.5402	0
39.9993	1
100	1
28.5402	0
11.3945	0
29.2096	0
12.5903	0
36.989	0
100	1
33.0111	0
35.2289	1
25.0897	0
27.6974	0
100	1
27.449	0
21.2001	0
29.5872	0
29.5872	0
33.98	1
33.0101	0
35.2289	1
32.2191	1
3.1855	0
21.8117	0
9.1553	0
31.5498	0
100	1
33.98	0
24.2063	0
100	1
30.97	0
100	1
36.989	0
35.2289	0
39.9993	0
26.78	1
35.2289	1
3.4933	0
19.841	1
33.0111	1
33.9806	0
32.2195	1
39.9993	1
36.989	1
39.9993	1
27.9607	0
15.6839	0
39.9993	1
32.2195	1
35.2289	1
39.9993	1
35.2289	1
32.2195	1
35.2289	1
100	1
36.989	1
35.2289	1
39.9993	0
29.5872	1
36.989	1
39.9993	0
39.9993	1
100	1
33.9806	0
36.989	1
39.9993	1
18.4924	0
30.97	0
100	1
39.9993	1
100	1
28.2404	0
39.9993	1
25.5315	0
39.9993	1
100	1
100	1
100	1
100	1
100	1
8.8007	0
21.3747	0
35.2289	1
33.0111	1
35.2289	1
36.989	0
36.989	1
39.9993	0
36.989	1
33.98	1
36.989	1
29.2094	0
36.989	1
2.1249	0
33.9806	1
26.3853	1
39.9993	1
100	1
39.9993	1
26.992	0
20.6143	1
39.9993	1
39.9993	0
26.3852	0
29.2092	0
100	0
35.2289	1
33.0111	0
39.9993	1
28.862	1
29.2094	1
36.989	1
25.6892	0
100	1
33.9806	1
15.7962	0
39.9993	1
35.2289	1
39.9993	1
100	1
26.992	1
35.2289	0
36.989	1
100	0
35.2289	1
32.2191	1
36.989	1
39.9993	0
27.9605	1
100	1
39.9993	0
100	1
100	1
100	0
10.3225	0
29.5872	0
100	1
39.9993	1
100	1
32.2191	1
18.3427	1
35.2289	1
100	1
100	1
100	0
26.3852	0
100	1
36.989	1
30.97	0
35.2289	0
30.0011	0
2.6122	0
30.4583	0
30.97	0
100	0
33.98	1
3.2892	0
100	1
39.9993	1
3.6139	1
25.853	0
8.9463	0
36.989	1
12.5563	1
2.1167	0
21.1433	0
36.989	1
25.3791	1
36.989	1
100	1
33.0111	1
36.989	1
29.5872	0
36.989	1
31.5498	0
100	1
1.7641	0
36.989	1
33.9806	1
14.7861	0
24.9517	0
39.9993	1
36.989	1
39.9993	0
30.97	1
18.679	0
30.4583	0
25.6892	1
1.6056	0
27.9607	0
29.5872	1
100	1
100	1
33.0111	0
39.9993	1
33.0111	0
100	1
1.5025	0
100	0
39.9993	1
100	1
100	1
8.1101	0
24.2049	0
36.989	1
100	0
100	1
25.8529	0
33.0111	1
35.2289	0
36.989	1
33.9806	1
100	1
39.9993	0
35.2289	1
32.2195	1
39.9993	1
7.3544	0
35.2289	1
23.0157	0
36.989	1
36.9903	0
100	1
100	0
33.98	0
39.9993	1
100	1
100	1
36.989	0
39.9993	1
30.0008	0
39.9993	1
36.989	1
100	1
33.0111	0
30.97	1
39.9993	1
36.989	1
30.4586	1
36.989	1
32.2195	1
3.4751	0
3.0356	1
100	1
39.9993	1
39.9993	1
36.989	1
100	0
39.9993	1
39.9993	1
100	1
35.2289	1
31.5498	1
100	1
35.2289	1
35.2289	1
33.9806	0
39.9993	1
31.5498	1
36.9903	1
100	1
22.2249	1
29.5872	1
32.2191	0
8.3549	0
39.9993	0
100	1
16.0825	0
100	1
100	1
35.2289	1
100	0
16.1527	0
32.2191	1
28.8618	1
31.5498	0
36.989	0
29.2094	0
39.9993	0
100	1
4.1855	1
23.3774	0
33.0111	1
36.989	1
39.9993	1
33.98	1
100	1
39.9993	1
19.0792	0
39.9993	1
100	1
39.9993	1
36.989	0
26.78	1
39.9993	0
39.9993	1
29.5872	1
35.2289	1
100	1
39.9993	1
29.5872	1
100	0
16.2601	0
31.5498	1
100	1
35.2289	1
31.5498	1
36.989	1
26.2005	1
28.8618	1
39.9993	1
36.989	0
33.9806	1
100	1
22.0134	0
36.989	1
35.2289	0
22.763	1
100	1
33.98	1
33.9806	1
36.989	1
33.9806	1
2.528	0
39.9993	1
26.5781	1
33.98	0
33.9806	1
100	1
32.2191	1
36.989	1
14.4762	0
39.9993	1
36.989	1
33.9806	0
33.9806	1
33.0111	1
29.5872	0
9.8595	0
100	1
28.5402	1
39.9993	1
100	1
33.98	0
39.9993	0
39.9993	1
39.9993	1
100	1
3.0503	0
26.3852	1
100	1
33.9806	0
18.432	0
36.989	0
23.3762	0
100	1
33.0111	1
39.9993	1
39.9993	0
39.9993	0
36.989	1
39.9993	0
36.989	1
36.989	0
39.9993	1
36.989	1
39.9993	1
100	1
26.3853	1
33.0111	1
36.989	1
30.0006	1
39.9993	1
26.3852	0
25.5315	0
36.989	0
100	1
100	0
100	1
36.989	0
36.989	1
39.9993	1
100	1
39.9993	1
19.4054	0
25.853	0
32.2191	1
39.9993	0
36.9903	0
100	0
20.7149	0
100	1
25.853	0
100	0
23.8765	1
23.2795	0
39.9993	0
29.2094	1
100	1
5.9718	1
100	1
28.2408	0
100	1
100	1
23.9837	1
39.9993	1
2.097	0
100	1
36.989	1
27.4491	0
26.5781	1
36.989	1
24.0935	0
35.2289	1
8.6041	0
32.2195	0
31.5498	1
33.0111	0
100	1
33.0111	0
26.3852	1
39.9993	0
39.9993	1
25.2288	0
33.0111	1
21.2	1
30.97	1
5.9116	0
28.5402	1
36.989	1
27.4491	0
39.9993	1
33.9806	1
39.9993	0
25.6892	1
30.4583	1
36.989	1
39.9993	0
3.3933	0
36.989	1
35.2289	0
30.4583	1
27.2141	0
39.9993	0
23.1033	0
100	1
100	1
31.5494	0
22.2248	1
22.1533	0
6.4096	0
35.2289	1
36.989	1
35.2289	1
36.989	1
24.0934	1
35.2289	1
30.97	0
100	0
100	1
3.6722	0
100	0
33.0111	1
28.8618	0
100	1
24.8184	0
19.01	0
25.0897	0
39.9993	1
100	1
39.9993	1
10.889	0
100	1
36.989	1
30.4583	0
21.4951	0
39.9993	0
33.9806	0
28.2406	1
20.9239	0
33.0111	1
14.5974	1
28.5402	0
100	1
100	0
36.989	1
5.8883	0
35.2289	1
29.587	0
35.2289	0
23.1876	0
36.989	0
31.5498	1
39.9993	0
35.2289	0
39.9993	0
100	1
33.9806	1
100	0
8.9386	0
39.9993	1
100	1
28.2406	0
100	1
18.432	0
100	1
39.9993	0
39.9993	1
14.232	0
39.9993	1
35.2289	1
36.989	0
39.9993	0
100	1
26.78	0
29.5872	1
31.5498	1
21.0323	1
14.2322	0
100	0
100	0
1.5156	0
22.2979	0
36.989	1
35.2289	1
25.232	0
25.6892	0
100	0
33.98	0
36.989	0
100	0
36.989	1
100	1
100	1
35.2289	0
33.9806	1
27.6974	0
39.9993	1
100	1
35.2289	1
39.9993	1
30.4586	0
100	0
26.2004	0
36.989	0
28.862	1
8.5716	0
29.5872	1
9.9359	0
28.862	0
39.9993	0
36.989	1
26.2004	1
31.5498	1
36.989	1
35.2289	1
25.0895	1
28.862	1
39.9993	1
100	1
16.8837	0
33.0111	1
28.2404	0
100	1
29.5872	1
35.2289	1
30.4586	1
39.9993	0
28.8618	0
2.5321	0
36.989	1
39.9993	1
13.5168	1
35.2289	0
1.6932	0
27.4491	1
19.4428	0
33.0111	1
39.9993	0
26.3853	0
39.9993	1
22.8454	1
35.2289	1
100	1
28.862	1
2.6515	0
36.989	1
100	1
28.862	1
33.0111	0
35.2289	1
19.9677	0
10.9361	0
26.2005	0
39.9993	1
32.2195	0
35.2289	1
27.2145	1
3.2573	0
24.563	1
36.989	1
17.817	1
100	1
36.989	1
39.9993	0
36.989	1
2.1915	0
35.2289	0
36.989	0
29.2094	0
22.2976	0
39.9993	1
39.9993	0
13.9194	0
39.9993	1
39.9993	1
14.8247	0
19.9677	0
39.9993	1
39.9993	1
33.0111	0
100	1
35.2289	1
39.9993	0
33.0111	1
3.1076	0
30.0008	0
100	1
25.3791	0
30.4583	1
24.0935	0
100	1
100	1
27.9607	0
100	0
32.2186	0
39.9993	1
36.989	1
100	1
14.6956	0
36.9903	1
33.9806	0
28.2408	1
39.9993	0
39.9993	1
39.9993	1
33.0111	1
33.0111	1
22.4474	0
100	1
21.1435	1
100	0
100	1
36.989	1
36.989	1
100	1
30.0008	1
100	1
28.5402	1
36.989	0
100	0
100	0
32.2195	0
39.9993	1
18.0306	1
27.4491	0
12.3705	1
3.3147	0
36.989	0
15.9793	0
35.2289	1
28.5402	1
35.2289	0
39.9993	1
13.4601	0
22.8455	1
27.2145	1
35.2289	1
39.9993	1
36.989	1
36.989	0
100	0
36.989	1
33.0111	0
23.5692	0
14.9299	1
100	0
39.9993	1
1.4088	1
15.4076	0
39.9993	0
36.989	1
36.989	1
100	1
31.5498	1
39.9993	0
36.989	1
100	0
39.9993	1
33.0106	0
39.9993	1
100	1
19.0793	0
8.7627	0
100	1
24.9518	1
15.9286	0
31.5498	1
23.3773	1
33.98	1
36.9903	1
39.9993	1
100	1
36.989	1
33.98	1
33.0111	1
100	1
39.9993	1
36.989	1
20.2331	1
100	1
26.2004	1
36.989	1
100	1
36.9903	1
36.989	1
36.9903	0
11.9158	0
30.0011	0
100	1
39.9993	0
36.989	1
36.989	0
29.2094	0
100	1
33.9806	1
36.989	1
23.4728	0
33.9806	1
36.989	0
39.9993	0
39.9993	1
35.2289	0
20.3251	0
16.9471	0
100	1
22.225	0
33.0111	1
7.201	0
100	1
27.2145	0
100	0
31.5498	1
100	1
36.989	0
22.763	0
100	1
36.989	0
21.3156	0
39.9993	0
25.379	0
33.0111	1
35.2289	0
39.9993	1
30.4583	1
35.2289	0
29.5872	0
39.9993	0
29.2096	1
33.9806	1
100	1
39.9993	0
17.3954	1
24.8184	1
36.9903	1
39.9993	1
27.4491	1
5.7512	0
36.989	0
1.3873	0
36.989	1
39.9993	1
100	0
39.9993	1
39.9993	1
100	1
100	1
22.763	0
29.2094	0
100	1
22.2978	0
100	1
23.1927	0
36.9903	1
36.989	0
35.2289	1
24.563	0
24.4409	1
100	1
33.0111	1
13.3853	0
39.9993	1
4.2011	0
36.989	1
100	0
10.5943	1
26.0231	1
39.9993	1
100	1
26.0233	1
33.0111	0
31.5498	1
11.9615	0
36.989	1
39.9993	1
25.0897	0
35.2289	1
39.9993	1
31.5498	1
100	1
36.989	1
36.9903	1
29.2096	1
6.8836	0
100	1
31.5498	1
100	1
100	1
35.2289	0
100	0
35.2289	1
100	0
30.97	1
31.5498	0
100	1
30.97	1
35.2289	1
100	1
11.571	1
18.3427	0
1.5648	0
36.989	1
22.4474	1
14.7208	0
33.0111	1
33.98	0
36.989	1
100	0
32.2191	0
35.2289	1
36.989	0
25.232	0
100	1
35.2289	1
4.9777	1
17.8429	0
25.379	0
35.2289	1
30.4583	0
36.989	0
100	0
100	1
28.8618	0
100	0
36.989	0
100	1
36.989	1
36.989	0
39.9993	1
39.9993	0
29.2094	0
100	1
39.9993	1
2.7734	0
36.989	0
39.9993	1
39.9993	0
21.0323	0
100	1
36.989	1
32.2195	1
39.9993	1
31.5498	0
33.98	1
39.9993	1
100	1
35.2289	0
35.2289	0
36.989	1
23.2841	0
36.989	1
29.2094	1
26.7799	0
36.989	1
39.9993	1
100	1
28.2408	1
39.9993	1
39.9993	0
39.9993	1
100	1
39.9993	1
36.989	1
8.5323	1
100	1
23.8765	1
22.5235	0
36.9903	0
29.5872	0
32.2195	0
39.9993	1
30.4583	1
22.9298	0
39.9993	1
100	1
21.2001	0
39.9993	1
35.2289	1
13.2044	0
29.5872	1
22.2979	0
39.9993	0
100	1
23.8761	0
100	1
33.0111	1
28.2408	0
39.9993	0
30.0011	1
28.862	1
39.9993	1
39.9993	0
100	1
30.97	1
35.2289	0
36.989	1
36.989	1
36.989	1
25.3791	1
25.5315	1
28.5402	0
33.0111	0
25.0898	0
26.992	0
23.5701	0
33.98	0
36.989	0
36.989	1
29.2094	1
36.989	1
29.2094	1
100	1
21.1435	0
39.9993	1
29.5872	1
100	1
39.9993	0
3.5247	1
39.9993	1
39.9993	1
39.9993	1
33.98	1
100	1
100	1
20.6644	1
36.989	0
31.5498	0
33.0111	1
36.9903	0
100	1
35.2289	1
27.6974	1
39.9993	1
21.5539	1
10.0389	1
27.9605	1
35.2289	1
100	1
31.5498	1
33.9806	1
13.5361	0
3.1464	0
1.7313	0
100	0
35.2289	0
25.379	0
39.9993	1
30.97	0
100	1
23.2839	0
29.2092	1
36.989	0
39.9993	1
100	1
35.2289	0
100	1
100	0
100	1
100	0
19.7178	0
23.1033	1
39.9993	1
35.2289	1
100	1
36.989	0
100	1
33.0111	1
25.5315	1
35.2289	1
28.862	0
32.2191	1
100	0
100	1
35.2289	0
39.9993	1
29.5872	1
30.97	0
24.952	1
25.5315	0
3.3298	0
100	1
39.9993	1
32.2191	0
39.9993	1
39.9993	1
18.8744	1
36.989	1
35.2289	1
39.9993	1
25.6894	0
35.2289	1
21.6823	0
11.4937	0
28.5402	1
23.772	0
33.0111	0
39.9993	0
39.9993	1
20.6644	0
25.6892	0
39.9993	0
100	0
5.4962	0
21.3156	0
22.0828	0
12.564	0
100	1
26.5782	0
18.9418	0
23.4727	0
39.9993	1
30.0011	0
30.4583	0
100	1
39.9993	1
100	0
39.9993	1
16.9681	0
39.9993	0
28.5402	0
39.9993	0
36.989	0
33.9793	0
39.9993	1
15.7318	0
33.9806	1
100	1
36.989	0
39.9993	1
27.6974	0
100	0
21.2575	0
33.9806	0
100	1
100	1
36.989	1
100	1
7.809	0
39.9993	0
23.5702	1
31.5498	1
12.1577	0
35.2289	0
35.2289	1
30.97	0
30.0008	0
35.2289	1
3.0767	0
9.516	0
100	1
25.8526	0
35.2289	0
36.989	0
35.2289	1
39.9993	1
26.3852	0
39.9993	1
22.1533	0
22.8456	0
33.98	1
32.2191	0
35.2289	1
36.989	1
30.97	1
100	0
28.2406	0
9.4163	0
100	1
28.2406	1
100	1
100	1
35.2289	1
28.2408	0
3.5805	0
100	1
25.3791	0
12.0619	1
100	1
100	1
26.0214	0
7.6214	1
35.2289	0
100	1
17.2557	1
39.9993	0
36.9903	1
39.9993	1
39.9993	1
22.7628	0
100	1
27.4491	0
39.9993	1
24.0936	0
39.9993	1
36.989	1
35.2289	1
29.2096	1
100	1
30.0011	1
39.9993	0
23.0157	0
100	1
100	1
3.0634	0
36.989	1
100	1
35.2289	0
100	1
33.0111	1
35.2289	1
33.9806	1
100	1
36.989	1
33.0111	0
4.2178	0
100	1
23.67	1
35.2289	1
100	1
100	1
39.9993	1
35.2289	1
39.9993	1
39.9993	1
36.989	1
28.5402	1
26.0233	1
30.97	0
32.2191	0
31.5498	1
36.9903	0
35.2289	1
30.0008	0
22.4474	1
100	1
22.5242	0
9.6152	0
36.989	1
33.9806	0
33.9806	0
23.67	0
35.2289	0
31.5498	0
5.9074	1
30.4583	1
16.3333	0
18.5538	0
33.0106	0
39.9993	1
30.4583	0
100	1
22.9298	0
12.6877	0
30.97	0
39.9993	0
39.9993	1
21.5566	0
27.6974	1
39.9993	1
35.2289	0
39.9993	0
100	1
36.9903	0
39.9993	0
26.78	0
100	0
33.9806	1
29.2096	1
13.134	0
33.0111	1
28.862	0
100	0
26.5779	0
35.2289	0
32.2195	0
8.2522	0
36.989	1
30.97	0
39.9993	1
27.2146	0
100	1
33.0111	0
36.989	0
24.0935	0
100	1
36.989	1
10.9621	1
5.8551	0
39.9993	1
30.0008	1
33.0111	1
39.9993	1
29.2094	1
39.9993	1
22.9298	1
33.9806	0
100	1
100	1
100	1
26.9913	1
3.125	0
3.7227	0
30.4583	0
27.4491	0
36.989	0
32.2191	1
39.9993	0
22.1533	1
26.992	1
1.3869	0
2.8432	0
8.2519	0
27.9607	0
35.2289	1
17.7908	0
100	1
33.98	1
33.0111	1
100	1
100	1
100	1
32.2191	0
20.6142	1
100	1
100	1
100	1
100	1
100	1
5.7459	0
30.97	1
29.5872	1
3.3236	0
32.2195	0
100	1
36.989	0
27.2145	0
30.0011	1
36.989	0
39.9993	0
16.6983	0
21.6822	1
35.2289	0
100	1
2.5769	0
33.9806	0
100	1
35.2289	1
16.1344	0
21.5567	0
39.9993	1
100	1
100	0
100	1
21.8779	1
30.97	1
31.5498	1
24.8184	0
39.9993	1
100	1
29.5872	1
100	1
100	1
12.8394	0
30.97	1
2.1216	0
39.9993	1
39.9993	0
33.0111	1
31.5498	0
39.9993	1
33.0111	0
30.4583	1
100	0
100	1
100	1
22.6023	0
28.5402	1
100	0
2.3337	0
3.401	0
20.8707	1
24.0912	0
36.989	1
100	1
100	1
4.3337	0
35.2289	0
100	1
35.2289	1
35.2289	0
36.989	0
100	1
36.989	1
35.2289	1
36.9903	0
39.9993	0
14.9527	0
33.0111	1
33.0111	1
33.9806	0
39.9993	1
100	1
36.989	1
20.2331	0
36.989	1
15.9286	1
33.0111	1
39.9993	1
100	1
28.862	1
28.2408	1
36.989	1
100	1
15.7964	1
29.587	0
100	1
39.9993	1
100	1
39.9993	1
3.1496	1
39.9993	1
39.9993	1
39.9993	1
32.2195	1
26.2004	0
100	1
36.989	1
8.3252	0
24.563	1
24.9519	1
36.989	0
31.5498	1
39.9993	0
100	1
39.9993	0
29.587	1
36.989	1
39.9993	0
5.2956	0
12.1027	0
100	1
21.0875	1
100	1
100	1
36.989	1
100	0
100	1
29.5872	0
36.989	0
39.9993	1
17.4668	0
100	1
29.5872	1
100	1
22.225	1
36.989	1
22.1533	0
100	1
36.989	1
18.0033	0
39.9993	1
28.8618	1
33.0111	0
100	1
35.2289	0
39.9993	1
33.0111	0
13.0649	0
100	1
33.0111	1
36.989	1
20.0543	0
31.5498	1
36.989	1
36.989	0
39.9993	1
100	1
100	1
33.9806	0
24.8185	0
39.9993	1
39.9993	1
39.9993	1
100	1
29.587	0
100	0
13.0138	0
100	1
39.9993	1
29.5872	0
39.9993	0
39.9993	1
29.5872	0
36.989	1
36.989	1
33.0111	1
100	1
100	1
39.9993	0
35.2289	1
32.2195	1
30.4583	0
36.989	1
36.989	1
39.9993	1
13.7323	1
100	0
33.9806	0
8.7144	0
29.2094	1
30.4583	1
39.9993	0
39.9993	1
100	1
35.2289	1
100	1
31.5498	1
30.4583	1
100	1
100	1
28.5402	0
1.9361	0
100	1
9.9551	0
25.5313	1
100	0
10.5234	0
20.0108	1
28.5402	1
35.2289	1
100	1
33.0111	1
100	1
100	1
33.0111	0
39.9993	1
100	1
39.9993	0
21.619	0
33.98	1
1.5269	0
33.0111	1
100	1
30.4583	1
39.9993	1
100	0
100	0
100	1
14.7861	0
35.2289	0
36.989	1
31.5498	0
5.8543	1
39.9993	0
100	1
39.9993	1
100	1
36.989	1
36.989	0
5.0941	0
25.5313	0
36.989	1
23.3773	1
39.9993	1
33.0106	0
100	1
27.4494	1
33.9806	0
36.989	0
36.989	1
23.7721	1
10.7688	0
33.98	1
2.2768	1
100	1
32.2195	0
36.989	0
33.98	1
36.989	1
33.0111	1
100	1
26.0233	0
19.2574	0
100	1
39.9993	1
39.9993	1
35.2289	1
36.989	1
35.2289	0
27.6972	1
39.9993	0
100	0
26.78	1
15.9286	0
35.2289	1
100	0
36.989	1
24.563	1
36.989	1
36.989	1
33.0106	0
36.9903	0
39.9993	1
100	1
23.67	0
39.9993	1
33.0111	0
100	1
2.7067	1
22.9299	1
39.9993	1
36.989	1
33.0111	0
100	1
36.989	1
100	1
7.6129	1
32.2191	0
22.372	1
100	1
11.4643	0
33.9806	1
35.2289	0
36.989	1
33.0111	1
23.67	1
23.4727	1
10.3361	0
39.9993	1
39.9993	1
39.9993	1
29.5872	0
17.1654	0
36.989	1
100	1
23.9837	0
100	1
100	1
100	1
26.0233	0
39.9993	0
31.5498	0
28.5402	0
39.9993	0
33.98	0
39.9993	0
35.2289	1
39.9993	1
5.2875	0
100	1
31.5498	0
100	0
14.3109	0
35.2289	0
14.3932	1
25.0897	1
30.0011	1
33.0111	0
24.952	0
22.6818	0
39.9993	0
33.9806	0
39.9993	1
36.9903	0
17.325	0
20.6142	0
100	1
27.9605	1
28.862	0
36.989	1
36.989	0
35.2289	1
6.4972	0
25.5315	0
12.3125	0
31.5498	0
25.232	1
30.4583	1
100	1
26.992	1
26.9917	1
36.989	0
36.989	0
100	1
29.5872	1
35.2289	0
100	1
36.989	1
13.4786	0
5.1413	0
20.5143	0
100	0
39.9993	0
1.4404	0
100	1
15.9623	0
20.3721	0
19.8803	0
33.0111	1
16.0997	0
3.8337	0
24.3207	1
31.5498	0
28.5402	1
30.97	0
33.9806	1
39.9993	1
36.989	1
23.0157	0
35.2289	0
27.2145	1
24.0935	0
30.0011	0
36.989	0
36.989	1
8.0461	0
100	1
39.9993	1
36.989	1
33.0111	1
36.989	1
2.0966	0
35.2289	0
22.6024	0
24.4409	0
24.2063	1
12.9632	1
26.992	0
31.5498	1
36.989	1
32.2195	1
30.97	1
39.9993	1
30.4583	0
100	1
30.4586	0
100	1
36.989	1
100	0
100	1
33.0111	0
100	0
35.2289	0
39.9993	0
100	1
32.2191	1
33.0111	1
33.0111	0
36.989	1
39.9993	1
26.3852	0
32.2195	1
25.0897	1
26.5781	1
23.9837	0
24.9519	1
36.989	0
19.5588	1
29.2092	0
30.0011	1
36.989	1
100	0
100	1
100	1
3.7694	0
26.2005	1
22.5242	0
36.989	0
100	1
2.57	0
33.0111	0
36.989	0
33.0111	0
39.9993	0
14.4405	0
33.0111	0
31.5498	0
35.2289	1
4.8246	0
35.2289	0
100	1
32.2195	0
36.989	1
39.9993	1
36.9903	0
100	1
100	1
32.2191	1
21.1435	1
100	1
21.8117	1
39.9993	1
36.989	1
32.2195	1
33.9806	1
100	0
12.2271	0
24.9517	0
25.0897	0
29.5872	0
26.9911	0
13.1944	1
29.5872	0
1.4702	0
35.2289	0
22.6815	1
5.491	0
30.97	0
100	0
30.0011	0
100	0
29.2094	1
20.5648	1
35.2289	1
26.3852	0
33.0111	0
36.989	1
100	1
36.989	0
100	1
36.989	1
24.6889	1
100	1
36.989	1
30.0011	1
39.9993	1
29.5872	1
39.9993	1
24.0935	0
12.3628	0
39.9993	1
100	1
36.989	1
28.862	1
100	0
33.98	0
36.989	1
36.989	0
31.5498	1
27.4494	1
23.1033	1
100	1
39.9993	1
39.9993	1
33.9806	1
39.9993	1
33.98	1
100	1
26.78	1
35.2289	0
18.9757	0
29.5872	0
39.9993	0
35.2289	1
100	1
33.0111	1
17.4908	0
8.0995	0
39.9993	1
100	1
35.2289	1
36.989	1
39.9993	0
100	1
39.9993	1
39.9993	1
19.3309	0
28.2408	0
30.97	0
27.6974	0
29.2096	0
100	1
3.5045	0
30.97	1
39.9993	0
20.6142	0
39.9993	1
100	1
100	0
36.989	1
26.78	1
26.0233	0
29.5872	1
30.97	0
15.8952	0
36.989	1
33.9806	1
39.9993	0
36.989	1
100	1
100	1
31.5498	1
35.2289	1
18.0306	0
39.9993	0
39.9993	1
32.2195	1
35.2289	0
33.9806	0
17.7394	1
16.5799	0
100	1
17.3482	0
35.2289	0
36.989	0
39.9993	0
39.9993	1
33.0106	1
33.0111	0
100	0
36.9903	0
100	1
36.989	1
39.9993	1
27.9607	0
33.98	1
24.9519	0
39.9993	1
6.1521	0
100	1
35.2289	0
35.2289	0
16.5412	0
36.989	1
23.4727	0
39.9993	1
39.9993	1
23.5703	1
39.9993	0
36.989	1
36.989	1
28.862	0
31.5498	0
36.989	1
36.989	1
31.5498	1
39.9993	1
39.9993	1
6.9159	0
35.2289	0
35.2289	0
33.9806	0
35.2289	1
39.9993	0
100	0
33.9806	1
29.2094	1
100	1
22.0134	0
39.9993	1
23.772	0
100	1
35.2289	0
100	1
25.8526	0
35.2289	0
13.5553	0
100	1
100	1
39.9993	1
100	1
28.5402	0
33.98	0
39.9993	1
33.0111	1
30.0011	1
39.9993	0
39.9993	1
33.98	1
35.2289	1
39.9993	0
35.2289	0
36.989	1
36.989	1
100	1
100	1
100	0
100	1
39.9993	1
31.5498	1
100	1
39.9993	1
39.9993	0
100	1
100	1
24.3219	1
33.0111	1
39.9993	0
36.989	1
100	1
100	1
39.9993	1
39.9993	0
39.9993	1
39.9993	0
100	1
30.4583	1
33.0111	1
33.0111	1
39.9993	0
39.9993	0
100	1
36.989	1
36.989	0
39.9993	1
18.4621	0
21.3157	0
100	1
36.9903	0
36.989	0
39.9993	0
36.989	1
35.2289	0
36.989	1
35.2289	1
35.2289	0
100	0
20.8181	0
6.2355	0
22.763	0
30.97	0
36.989	0
100	1
100	1
33.9806	1
36.989	1
39.9993	1
36.989	1
39.9993	0
26.992	1
39.9993	1
39.9993	1
36.989	1
100	1
33.0111	0
100	1
100	1
100	1
30.0011	0
36.989	1
33.9806	0
36.989	0
33.0111	1
36.989	1
26.992	0
35.2289	1
35.2289	1
100	1
27.2145	1
100	1
100	1
21.0874	0
3.095	0
35.2289	0
39.9993	1
24.9518	1
33.98	1
2.9298	0
33.0111	1
22.763	0
31.5498	0
33.9806	1
39.9993	1
100	1
23.4726	0
33.9806	0
36.989	1
22.6023	0
39.9993	0
100	1
23.4727	0
16.3702	1
100	1
35.2289	1
16.7595	1
36.989	1
26.0233	1
100	1
3.8988	0
30.4577	0
100	1
36.989	0
35.2289	0
39.9993	0
100	1
35.2289	1
32.2195	1
33.0111	1
35.2289	1
26.0233	0
100	1
36.989	1
35.2289	1
26.78	1
36.989	0
33.0111	0
39.9993	1
31.5498	1
39.9993	0
100	0
36.989	1
2.3265	0
24.6888	0
16.4644	0
39.9993	0
25.853	0
100	0
100	0
39.9993	0
15.6523	0
100	1
100	1
39.9993	0
100	1
29.5872	0
29.5872	1
100	1
100	1
100	1
33.98	1
39.9993	1
28.862	1
39.9993	1
21.8779	0
6.8639	0
26.78	0
100	1
100	1
21.8117	1
39.9993	1
30.969	1
36.989	0
100	1
39.9993	1
100	1
100	1
8.7899	0
6.1158	0
100	1
3.4692	0
30.97	0
36.989	1
30.97	0
100	1
100	0
11.8189	0
39.9993	1
29.2094	1
39.9993	1
33.98	0
16.8628	0
39.9993	0
12.2624	0
100	0
39.9993	1
27.2145	0
24.8184	1
100	1
26.3853	0
33.0111	1
100	1
35.2289	1
30.4586	0
35.2289	1
33.0111	1
19.4815	0
100	1
36.989	0
33.0111	1
32.2191	1
39.9993	0
14.3235	0
100	0
5.3328	0
35.2289	0
39.9993	0
30.4583	0
27.9607	0
35.2289	1
100	1
100	1
100	1
32.2191	0
27.9607	1
36.989	1
25.853	1
39.9993	1
100	1
100	1
100	1
31.5498	0
32.2195	1
35.2289	0
36.989	1
100	1
100	1
33.98	0
35.2289	0
39.9993	0
13.6232	0
4.7976	0
39.9993	1
36.989	0
36.989	1
35.2289	1
39.9993	1
39.9993	1
20.1877	0
35.2289	1
28.862	0
36.989	1
35.2289	1
2.2322	0
100	0
28.5402	0
25.853	0
39.9993	1
13.4121	0
35.2289	0
33.9806	1
31.5498	0
100	1
24.0935	0
22.763	0
100	1
18.3428	0
100	1
36.989	0
20.8703	0
30.97	0
9.4363	0
39.9993	0
36.989	0
36.989	0
12.9549	0
16.224	0
27.4491	0
31.5498	0
36.989	0
100	1
22.9297	0
29.5872	0
30.4583	0
24.563	0
32.2191	1
1.3853	0
36.989	1
39.9993	1
100	1
3.4834	0
36.989	0
22.8456	0
36.989	1
7.0111	0
33.9806	1
100	1
100	1
36.989	1
35.2289	1
33.98	1
28.5402	1
39.9993	1
3.268	0
32.2191	1
100	1
39.9993	1
36.989	1
25.853	0
3.8646	0
39.9993	1
100	1
35.2289	1
20.054	0
36.989	1
39.9993	1
35.2289	1
36.989	1
100	1
33.0111	1
30.0008	1
100	1
39.9993	1
39.9993	1
35.2289	1
5.479	0
32.2195	1
35.2289	1
39.9993	1
36.989	1
36.989	1
36.989	0
30.0008	0
36.9903	0
39.9993	1
1.4837	0
35.2289	0
35.2289	1
33.98	1
100	1
36.989	1
35.2289	0
22.4474	0
23.3747	0
25.5315	0
39.9993	1
36.9903	1
31.5498	0
39.9993	0
19.0444	1
13.3208	0
39.9993	1
35.2289	1
39.9993	1
4.2345	0
8.5237	0
100	1
39.9993	0
30.97	0
100	1
35.2289	1
24.4409	1
6.9673	0
100	1
100	1
35.2289	1
36.989	1
100	1
100	1
18.7113	1
35.2289	0
39.9993	1
39.9993	0
100	1
39.9993	0
24.563	0
15.4975	1
39.9993	0
27.2145	1
100	1
100	1
30.97	1
39.9993	0
30.97	0
33.0111	0
36.989	1
33.0111	1
33.0111	1
33.9806	1
35.2289	1
33.98	0
39.9993	1
39.9993	0
25.6894	0
39.9993	1
39.9993	1
39.9993	1
1.578	0
27.2146	1
39.9993	1
25.3791	0
100	0
39.9993	0
24.8184	0
36.989	1
26.78	1
33.98	1
39.9993	0
35.2289	0
36.989	1
18.7758	1
6.9693	0
100	0
36.9903	1
23.0156	1
39.9993	1
36.9903	0
36.9903	1
100	1
33.98	1
39.9993	1
39.9993	1
39.9993	1
36.989	1
100	1
29.2094	1
33.9806	0
35.2289	0
39.9993	1
39.9993	0
39.9993	1
100	1
100	0
39.9993	1
39.9993	0
27.4491	1
35.2289	0
100	1
29.5872	1
29.2094	1
30.97	1
12.4584	0
36.989	1
100	1
39.9993	1
100	1
35.2289	0
28.862	0
39.9993	1
39.9993	1
39.9993	1
26.9917	1
100	0
100	1
33.0111	0
36.989	1
35.2289	1
21.9451	1
36.989	0
100	0
36.989	1
18.2554	0
35.2289	1
1.9174	0
39.9993	1
39.9993	1
39.9993	1
22.763	1
39.9993	1
100	0
33.0111	1
16.389	1
36.989	1
39.9993	0
30.4583	1
32.2191	0
27.6969	0
23.67	1
100	1
14.0663	0
100	1
36.989	0
39.9993	0
18.0031	1
35.2289	0
100	1
9.56	0
29.5872	1
100	1
17.7909	0
24.563	1
29.5872	0
36.9903	1
36.9903	1
100	1
30.0011	0
36.989	1
36.9903	0
36.989	1
20.9776	1
35.2289	1
30.97	1
100	1
29.5872	0
16.9258	0
20.9778	0
1.5979	0
35.2289	0
13.1778	0
27.9607	1
30.4583	0
17.0768	0
32.2191	0
28.2408	0
3.2707	0
6.9415	0
100	0
39.9993	0
100	1
29.5872	0
27.4491	1
100	1
100	1
100	1
20.3721	0
36.989	1
100	1
25.2319	0
28.2406	1
39.9993	1
29.5872	0
36.989	1
35.2289	0
35.2289	1
39.9993	1
39.9993	0
100	1
35.2289	1
39.9993	0
36.989	1
10.4995	0
100	1
39.9993	1
35.2289	1
39.9993	1
33.9806	1
39.9993	1
36.9903	0
39.9993	1
19.3571	1
32.2195	1
39.9993	0
35.2289	1
100	0
29.5872	0
39.9993	1
39.9993	1
100	1
25.3791	0
39.9993	1
100	1
39.9993	0
35.2289	1
28.862	1
33.0111	1
7.8507	0
14.3583	1
32.2195	0
35.2289	1
32.2195	1
33.0111	1
26.5781	1
26.2004	1
33.0111	0
100	1
29.2094	0
35.2289	0
24.9519	0
28.2408	1
17.6634	0
16.6989	0
36.989	0
100	1
26.3852	0
30.9694	0
100	0
2.6212	0
32.2195	1
4.3709	0
100	0
35.2289	0
26.0233	0
39.9993	1
36.989	1
35.2289	0
36.989	1
32.2195	0
13.5149	0
36.989	0
100	1
24.0935	1
39.9993	0
15.9787	1
35.2289	1
36.989	0
36.989	1
28.8608	0
39.9993	1
100	0
31.5498	1
100	1
15.3038	0
100	1
39.9993	0
1.727	1
39.9993	0
39.9993	1
100	1
39.9993	0
36.989	1
100	0
30.9694	0
16.6976	0
26.3853	0
100	1
39.9993	0
100	1
20.4672	1
31.5498	0
39.9993	1
100	1
35.2289	0
36.989	1
30.97	1
100	1
4.6658	0
39.9993	1
35.2289	1
39.9993	1
39.9993	1
100	1
24.0931	0
100	1
30.4583	1
3.2341	0
33.0106	1
28.5402	0
39.9993	1
23.8765	1
35.2289	1
15.0648	1
26.992	0
26.3853	1
100	1
100	1
24.2063	0
100	1
13.3487	1
33.0106	0
100	0
33.0101	0
27.9605	1
100	1
32.2191	0
33.98	0
100	1
31.5498	1
32.2191	1
100	0
28.2408	1
25.8531	1
39.9993	1
28.2406	1
11.0613	0
33.0111	1
26.5781	0
39.9993	0
28.2408	1
100	0
33.0111	1
6.4189	0
39.9993	1
18.198	0
35.2289	1
24.8184	1
16.9259	1
30.4583	1
100	1
24.8184	1
23.2841	0
21.1435	0
100	1
33.9806	1
100	1
100	1
100	1
21.8779	1
19.8825	0
39.9993	1
17.8959	1
28.5402	0
26.2005	0
36.989	0
100	0
33.0106	1
17.1208	0
39.9993	1
23.1927	0
36.989	1
39.9993	1
11.0782	0
23.3773	1
28.8618	0
36.989	1
17.4426	0
35.2289	0
35.2289	1
39.9993	0
36.989	1
10.7492	1
100	1
100	1
36.989	0
39.9993	1
100	1
21.2	0
32.2191	0
4.9051	1
33.0111	1
100	1
39.9993	1
24.4409	1
100	1
33.9806	1
39.9993	0
35.2289	1
39.9993	1
17.6631	0
11.4282	0
28.862	1
35.2289	1
11.2084	0
100	0
2.7598	0
20.4195	0
25.232	0
26.5781	0
31.5498	0
33.0111	0
31.5498	0
22.6817	1
33.0106	1
30.0011	0
29.2096	0
33.9806	1
36.989	1
32.2191	1
15.4825	1
36.989	1
28.5402	1
35.2289	0
36.989	1
19.4815	1
100	1
100	1
39.9993	1
28.2394	0
39.9993	0
39.9993	1
23.67	0
39.9993	0
33.0111	1
19.9677	1
33.0111	0
39.9993	1
19.4815	1
28.862	1
9.3676	0
36.989	1
100	1
31.5498	1
100	1
39.9993	1
100	1
21.4951	1
26.78	1
30.0011	1
100	1
100	0
32.2195	0
100	1
3.0765	1
27.2145	0
39.9993	1
26.0233	1
100	1
100	1
25.232	0
33.0111	0
39.9993	1
39.9993	1
100	1
39.9993	1
33.0111	0
36.989	1
20.7662	1
30.4583	1
33.0111	0
5.1864	0
31.5498	1
33.0111	1
39.9993	1
100	1
39.9993	1
29.2096	1
33.9806	1
100	0
100	1
36.989	1
100	1
100	1
15.8452	0
39.9993	0
33.0111	0
33.9806	0
31.5498	0
20.1876	1
26.78	1
100	1
33.0111	0
100	1
100	1
33.9806	1
100	0
3.5836	0
100	1
32.2191	0
27.2145	0
39.9993	0
36.989	1
36.989	0
39.9993	1
39.9993	1
17.3718	1
19.7584	0
33.9793	1
36.989	0
33.0111	0
32.2195	1
39.9993	1
30.97	0
39.9993	0
29.5872	1
100	1
28.2406	1
36.989	1
1.8453	0
33.0111	1
31.5498	1
39.9993	1
33.9806	1
100	1
12.4144	0
30.97	1
30.4583	1
33.9806	1
39.9993	0
31.5498	0
100	1
33.0111	1
36.989	1
26.1987	0
35.2289	1
39.9993	1
39.9993	0
35.2289	1
100	0
100	0
100	1
36.989	0
13.1677	0
100	1
7.6518	0
35.2289	0
1.4021	0
39.9993	1
39.9993	0
100	0
100	1
100	0
100	1
33.0111	1
35.2289	1
36.989	0
36.989	1
39.9993	1
24.0935	1
35.2289	0
25.0898	1
15.6366	0
30.97	1
100	1
25.3791	1
29.5872	0
32.2191	1
25.232	0
39.9993	0
29.2094	1
36.989	1
36.989	1
25.6892	0
35.2289	1
23.5701	0
32.2186	1
100	0
21.8117	0
33.0106	0
36.989	0
100	1
36.989	0
39.9993	1
14.4522	1
30.97	1
36.989	1
33.0111	1
39.9993	1
13.5359	0
35.2289	1
100	1
100	1
8.1023	0
33.0111	1
31.5498	0
35.2289	0
17.9225	1
39.9993	0
39.9993	1
39.9993	1
39.9993	1
32.2195	1
29.5872	1
39.9993	1
100	1
39.9993	1
36.989	1
31.5498	1
23.7721	1
36.989	1
2.1005	0
30.4583	1
23.2839	1
36.989	1
100	1
36.989	1
39.9993	1
30.97	0
36.9903	0
100	1
24.322	0
100	0
33.0111	1
36.989	1
30.4586	1
31.5498	1
33.0111	0
28.5402	1
36.989	1
100	1
100	1
27.4491	1
3.2838	0
35.2289	0
2.7667	0
100	0
100	1
100	1
28.8618	0
100	1
39.9993	1
32.2191	1
28.862	0
11.961	0
26.992	0
26.2004	1
27.9607	1
33.0111	1
100	1
100	1
33.0111	1
100	1
2.0052	0
21.8779	0
100	1
39.9993	1
35.2289	0
39.9993	0
100	1
100	0
33.9806	1
100	1
36.989	0
31.5498	1
33.0106	0
30.0008	0
100	1
35.2289	1
31.5498	0
36.9903	0
30.4583	1
100	1
100	1
26.9917	0
31.5498	1
100	1
28.5402	1
23.2841	0
30.0011	0
33.0111	1
24.9519	0
100	1
100	1
2.9818	0
100	1
31.5498	1
39.9993	0
100	1
39.9993	1
36.989	0
39.9993	1
100	0
39.9993	0
39.9993	1
39.9993	0
30.97	1
35.2289	1
36.989	0
35.2289	0
39.9993	1
35.2289	1
35.2289	0
29.5872	0
22.1533	0
100	1
36.989	1
35.2289	0
33.0111	1
100	0
28.862	1
33.0111	1
30.97	1
36.989	0
24.952	1
29.2094	1
36.989	1
15.4524	0
21.3156	0
39.9993	0
27.9605	1
33.0106	0
27.2143	1
31.5498	0
36.989	1
100	1
28.862	0
6.5229	1
33.0111	0
33.0111	1
31.5498	1
24.0935	0
100	1
33.9806	0
22.6024	0
36.989	1
35.2289	1
39.9993	1
33.0106	0
100	1
30.97	0
100	1
39.9993	0
100	1
39.9993	1
22.9298	0
100	1
35.2289	0
32.2191	1
39.9993	0
8.1827	0
17.301	0
100	1
33.98	1
17.3482	1
26.2005	0
36.989	0
100	1
25.8531	1
36.989	1
27.2145	1
39.9993	0
13.33	0
3.261	0
39.9993	0
2.3159	0
100	1
30.0008	1
100	1
100	1
39.9993	1
39.9993	1
39.9993	1
24.4409	0
31.5498	0
39.9993	0
35.2289	1
39.9993	0
7.9242	0
22.6023	0
39.9993	0
27.9602	0
100	1
27.2145	0
39.9993	0
36.989	0
36.989	0
36.9903	0
33.0111	1
3.3735	0
24.563	0
28.2406	0
100	1
33.0111	1
33.0111	0
100	1
22.2979	0
35.2289	1
100	1
35.2289	1
2.2496	0
39.9993	1
39.9993	0
35.2289	1
39.9993	1
36.989	0
39.9993	1
32.2191	0
39.9993	0
100	1
20.6143	0
16.6382	0
36.989	0
10.5697	0
2.2689	1
1.5124	0
100	0
36.9903	0
39.9993	1
2.1668	1
39.9993	1
24.952	0
35.2289	1
29.2092	1
39.9993	1
39.9993	0
2.6043	0
36.989	0
33.0111	0
30.0011	1
36.989	0
35.2289	0
26.78	1
100	1
12.5864	0
28.5402	0
28.5402	1
36.989	1
24.5631	0
39.9993	0
36.989	1
26.7789	0
100	1
39.9993	1
39.9993	0
36.989	1
21.4951	1
100	1
39.9993	1
26.78	1
19.6774	0
36.989	1
36.989	0
39.9993	1
36.989	1
30.97	0
100	1
100	1
39.9993	1
9.8491	1
16.0306	1
36.989	0
100	1
100	1
100	1
27.4491	0
30.0011	0
39.9993	1
30.0008	1
36.989	1
100	1
100	1
33.9806	1
39.9993	0
12.0082	0
10.1025	0
31.5498	1
31.5498	0
39.9993	1
26.5781	1
18.9418	0
100	1
39.9993	1
5.3643	0
39.9993	0
31.5498	0
13.9543	0
14.9031	0
10.7876	0
29.5872	0
100	1
39.9993	0
30.4583	1
13.7021	0
33.0111	0
33.0111	1
39.9993	1
36.989	1
29.5872	1
36.989	1
32.2195	1
18.9416	0
100	1
11.8316	0
26.7797	0
20.0982	1
29.5872	1
28.8618	0
39.9993	1
36.989	1
39.9993	0
100	1
39.9993	1
100	1
21.3157	0
39.9993	0
36.989	1
100	1
39.9993	1
25.0897	1
31.5498	1
27.2145	0
33.0111	1
23.4727	0
27.4491	0
33.0111	0
31.5498	1
30.97	0
36.989	1
100	1
33.0111	0
36.989	0
33.0111	0
26.5781	1
100	1
39.9993	0
26.78	1
25.3791	1
35.2289	1
36.989	1
36.989	1
35.2289	1
33.0111	0
36.989	0
29.2096	0
100	1
100	1
100	1
18.2266	0
36.989	1
25.0897	1
35.2289	1
100	1
26.2005	1
27.4494	1
36.989	1
36.989	1
36.989	1
29.5872	1
100	1
30.0011	0
36.989	1
35.2289	1
36.989	1
28.862	1
30.4583	1
35.2289	0
33.9806	1
20.1428	0
39.9993	1
27.2145	0
27.6974	1
39.9993	0
39.9993	1
100	1
33.0111	0
1.6259	0
100	0
100	1
100	1
100	0
16.5801	0
100	0
35.2289	1
20.2328	0
100	1
26.992	1
36.989	1
24.8184	1
30.4583	1
100	1
36.989	0
39.9993	1
36.989	1
39.9993	1
39.9993	1
36.989	1
39.9993	1
30.0011	1
100	0
39.9993	1
39.9993	1
39.9993	1
11.47	0
100	1
39.9993	1
28.862	1
39.9993	1
35.2289	0
36.989	1
36.989	1
36.989	0
100	1
12.5324	0
6.7258	0
35.2289	0
39.9993	1
32.2191	0
36.989	1
16.389	1
36.9903	0
26.3852	0
100	1
35.2289	0
25.5313	1
39.9993	1
26.78	1
39.9993	0
33.98	0
26.2005	1
33.98	0
33.0111	1
39.9993	1
36.989	1
39.9993	0
26.2005	1
100	1
7.9998	0
39.9993	0
32.2191	0
39.9993	0
100	0
15.3928	0
26.9917	1
26.5781	1
39.9993	0
31.549	0
100	0
16.8006	0
100	0
33.0111	0
39.9993	0
33.9806	1
36.989	1
39.9993	0
35.2289	1
100	1
16.9048	0
36.989	1
39.9993	1
100	1
36.989	1
39.9993	0
35.2289	0
35.2289	0
39.9993	1
100	0
26.3853	0
39.9993	1
24.6888	1
39.9993	1
100	1
36.989	1
24.9519	1
39.9993	1
30.97	0
27.6974	1
100	1
39.9993	1
100	1
39.9993	0
26.78	0
39.9993	1
100	1
35.2289	1
39.9993	1
35.2289	1
30.0011	1
14.0121	1
100	1
100	0
36.989	1
26.78	0
36.989	1
35.2289	1
100	1
33.9806	1
39.9993	1
36.989	1
27.4491	1
11.0289	0
100	1
35.2289	0
39.9993	0
36.989	1
100	1
100	1
33.0111	1
11.3772	0
39.9993	1
35.2289	0
39.9993	1
8.5201	0
36.989	0
39.9993	1
39.9993	1
24.6888	0
33.0111	1
100	1
31.5498	0
10.055	0
33.9806	1
39.9993	0
35.2289	0
28.5402	1
100	0
100	1
100	0
36.989	0
29.2094	0
33.0111	0
26.3844	0
27.4491	1
39.9993	0
27.6974	0
33.0111	0
31.5498	1
28.2406	0
16.3333	0
28.2408	0
36.989	1
39.9993	1
33.0111	0
30.4583	1
39.9993	0
17.6634	0
100	1
39.9993	0
39.9993	0
31.5498	1
39.9993	1
100	1
36.989	0
36.989	0
39.9993	0
36.989	0
100	1
32.2195	0
35.2289	1
100	1
12.6795	0
100	1
35.2289	0
28.5402	0
33.9806	1
100	1
100	1
31.5498	0
31.5498	1
35.2289	1
31.5498	1
100	1
33.9806	1
36.989	1
33.0111	1
100	0
39.9993	1
39.9993	1
100	1
29.5872	1
100	1
100	1
32.2191	1
32.2195	0
100	1
11.5471	0
39.9993	1
32.2195	1
25.6894	0
39.9993	1
3.7623	0
4.1109	0
13.0393	0
28.5402	0
18.6161	0
31.5498	0
39.9993	1
100	1
39.9993	0
33.0111	1
27.4491	0
32.2191	1
33.98	1
36.989	0
30.97	1
3.6974	0
35.2289	1
100	1
39.9993	0
36.989	1
15.2903	1
36.989	1
100	1
33.0111	1
39.9993	0
4.5071	0
35.2289	0
33.0106	1
24.0935	1
39.9993	0
2.4723	0
24.4409	0
39.9993	1
24.4409	0
27.4491	1
100	1
20.5155	0
10.2913	0
23.9837	1
16.6391	0
100	1
9.8595	0
100	1
32.2191	0
22.8455	0
18.3121	0
31.5498	0
39.9993	1
39.9993	1
100	1
9.085	0
39.9993	1
39.9993	0
26.78	1
100	1
32.2195	1
28.2406	1
15.1061	0
22.2977	0
18.2843	0
35.2289	1
18.3427	1
24.952	0
22.1533	0
20.3253	0
39.9993	0
31.5498	1
18.4923	0
12.2984	0
36.989	0
39.9993	1
100	0
30.97	0
31.5498	0
26.9917	0
39.9993	1
100	0
30.0011	1
32.2195	1
39.9993	0
39.9993	0
10.2564	1
7.7168	1
23.9837	0
33.0111	0
11.8574	0
4.4287	0
22.6819	0
4.6096	0
33.0111	0
32.2191	1
36.989	1
39.9993	0
36.989	1
39.9993	1
11.1752	0
22.4474	0
21.6823	1
35.2289	1
7.3076	0
3.8509	0
7.5072	1
32.2195	1
39.9993	0
28.2408	0
100	1
26.2004	0
36.989	0
24.2063	0
6.1954	0
25.5315	1
35.2289	1
28.8618	0
31.5498	0
21.5566	0
30.0008	1
18.5535	0
33.0111	0
33.0101	0
33.9806	1
31.5498	1
23.67	1
100	1
100	0
36.989	1
31.5498	1
100	1
39.9993	1
31.5498	0
39.9993	0
100	1
2.4496	0
19.6375	1
39.9993	0
31.5498	1
36.989	0
100	1
100	1
35.2289	0
3.2647	0
29.5872	1
27.2143	1
13.4885	1
33.9806	1
39.9993	1
36.989	1
100	1
33.0111	0
29.5872	0
33.0111	1
36.989	0
36.989	1
25.232	0
39.9993	1
26.992	0
35.2289	1
100	1
31.5498	1
8.6893	1
36.989	1
30.4583	1
35.2289	1
36.989	1
100	1
39.9993	1
13.432	1
100	1
35.2289	1
100	1
39.9993	1
39.9993	1
30.0008	1
30.4577	0
17.564	0
31.5498	1
39.9993	1
30.4583	0
100	1
35.2289	0
100	1
27.9602	1
100	0
36.989	1
33.0111	0
27.4491	0
31.5498	1
100	1
36.989	1
26.0233	0
39.9993	0
33.0111	1
100	1
100	1
23.8764	0
100	1
23.4727	0
36.989	1
36.9903	0
100	0
21.4341	0
100	1
35.2289	0
36.989	1
100	1
29.2092	0
39.9993	0
35.2289	0
16.5997	0
36.989	1
100	1
26.0233	1
10.0178	0
36.989	1
100	1
33.0111	1
39.9993	1
100	1
36.989	1
30.0011	0
20.5158	1
39.9993	0
36.989	1
33.0111	1
23.0157	1
36.989	1
26.0232	1
100	1
30.97	0
100	0
36.989	1
31.5498	1
31.5498	0
39.9993	1
36.989	1
23.2841	0
33.9806	0
100	1
31.5498	1
39.9993	1
35.2289	0
100	1
30.0011	1
28.5402	1
100	1
36.989	0
19.0444	0
39.9993	0
39.9993	1
28.862	0
39.9993	1
17.6885	1
39.9993	1
36.989	0
30.4583	0
39.9993	1
28.2408	0
11.8832	0
39.9993	1
3.8454	0
20.3243	0
100	0
35.2289	1
100	1
36.9903	0
100	1
23.1927	0
2.7325	0
2.0047	0
39.9993	0
39.9993	1
36.989	0
8.1205	0
35.2289	1
33.9806	1
25.379	0
100	1
21.2574	1
21.9451	0
39.9993	0
39.9993	1
26.3853	1
1.3608	0
29.2094	1
18.2554	0
36.989	1
36.989	0
35.2289	1
36.9903	0
24.9519	1
100	1
2.6297	0
36.989	1
33.0111	1
100	1
35.2289	0
100	1
35.2289	1
6.4649	0
33.0111	1
30.0011	1
36.989	1
29.5872	0
39.9993	0
39.9993	0
36.989	1
36.989	1
29.5872	1
33.0111	1
39.9993	1
35.2289	1
35.2289	1
39.9993	1
100	1
30.4583	1
36.989	1
17.1648	0
33.0111	1
28.2406	1
36.989	1
36.989	1
33.98	0
18.5231	0
23.8766	0
39.9993	1
6.1436	1
9.0001	0
39.9993	1
18.9072	1
36.989	1
100	1
33.0111	1
27.4491	1
30.97	1
39.9993	1
100	0
36.989	1
8.9853	0
39.9993	1
39.9993	1
35.2289	1
32.2191	0
25.379	1
25.0897	1
39.9993	1
20.1876	1
33.9806	1
31.5498	1
28.5402	1
11.0408	0
39.9993	1
11.8229	0
36.989	1
30.4583	1
33.0111	1
30.4583	0
33.9806	0
100	1
31.5498	1
35.2289	0
33.0111	1
100	1
23.8766	0
25.3791	1
35.2289	0
4.5799	1
35.2289	1
31.5498	0
100	1
36.989	1
29.2094	1
35.2289	1
36.989	1
25.6894	1
100	1
36.989	1
26.5781	0
25.5315	0
39.9993	1
17.2104	0
24.4409	1
25.232	0
36.989	0
11.0674	0
30.97	0
100	1
39.9993	0
39.9993	0
35.2289	0
100	0
23.1033	1
39.9993	0
36.989	1
39.9993	1
17.187	0
30.0011	1
100	1
100	1
100	1
30.97	1
39.9993	1
17.4909	1
39.9993	1
35.2289	0
36.989	1
35.2289	0
30.4583	1
33.0106	1
33.0111	1
6.7323	1
4.9446	0
32.2195	1
39.9993	0
39.9993	0
36.989	1
16.7192	0
39.9993	0
31.5498	0
36.9903	0
33.0111	1
35.2289	0
25.3789	0
36.989	1
35.2289	1
19.294	1
100	0
15.6207	0
7.7518	0
39.9993	1
25.3791	0
100	1
36.989	1
12.0959	0
15.0103	0
36.989	1
4.3481	0
39.9993	1
39.9993	1
36.989	1
39.9993	1
39.9993	1
39.9993	1
23.9835	1
33.0111	1
27.9607	1
16.58	0
39.9993	1
100	1
100	0
100	1
39.9993	0
39.9993	1
36.989	1
24.9519	0
1.6633	0
36.989	1
100	1
27.2145	1
32.2195	1
39.9993	0
25.0897	0
100	0
18.4607	0
28.5402	1
35.2289	1
39.9993	0
22.0134	0
39.9993	0
36.989	1
30.97	0
35.2289	0
33.0111	0
35.2289	1
36.9903	0
36.989	1
39.9993	1
35.2289	0
20.0543	1
30.97	1
33.9806	1
35.2289	1
100	1
5.7053	0
18.5231	0
36.989	1
35.2289	1
39.9993	0
100	1
33.98	1
31.5498	1
30.4583	0
1.994	0
100	1
100	1
39.9993	0
100	1
100	1
39.9993	1
39.9993	1
33.0111	0
39.9993	1
100	1
100	1
33.0111	0
39.9993	1
100	1
100	0
22.1533	1
6.0707	0
31.5498	0
20.1876	0
26.5762	0
39.9993	1
35.2289	0
100	1
39.9993	0
100	1
33.98	0
36.989	1
35.2289	0
11.7745	0
39.9993	1
17.843	0
39.9993	1
39.9993	0
36.989	1
35.2289	0
100	1
39.9993	1
36.989	1
22.763	0
23.67	1
19.5196	1
19.2572	1
100	1
35.2289	0
36.989	0
100	1
17.2787	1
100	1
33.0106	1
33.98	0
100	1
39.9993	1
33.98	1
100	1
35.2289	1
100	1
39.9993	0
29.2094	1
18.6475	1
21.4949	1
100	1
36.9903	1
33.0111	0
19.6374	1
23.0157	0
100	1
35.2289	1
31.5498	0
28.862	0
35.2289	0
100	1
24.322	0
27.2145	1
32.2195	1
31.5498	0
35.2289	1
20.2789	0
100	1
35.2289	1
36.989	1
36.989	0
35.2289	1
25.6892	1
36.9903	1
100	1
30.0008	0
28.5402	0
28.2406	1
29.5872	1
21.0875	0
23.1033	1
39.9993	1
16.6788	0
39.9993	0
39.9993	0
36.989	0
25.8531	0
36.989	1
100	1
35.2289	1
12.2983	0
21.1433	0
17.5151	0
35.2289	0
29.2094	1
21.3747	0
100	1
9.2466	0
33.0111	1
39.9993	0
35.2289	0
15.8786	0
35.2289	0
100	1
33.0111	1
39.9993	1
27.4491	1
36.989	1
20.4674	0
22.372	1
35.2289	0
100	1
100	1
100	1
100	1
35.2289	0
39.9993	1
100	1
35.2289	0
39.9993	1
8.622	0
39.9993	1
27.9605	0
28.2403	0
31.5498	0
9.4569	0
17.7394	0
35.2289	0
30.4586	0
39.9993	1
2.1497	0
39.9993	0
27.2145	1
39.9993	0
100	1
39.9993	1
36.989	1
5.7954	0
15.7157	0
100	0
35.2289	0
35.2289	0
39.9993	1
100	1
39.9993	0
39.9993	0
17.7652	0
33.0111	1
33.0111	1
100	0
24.2063	1
35.2289	1
31.5498	1
100	1
26.9917	0
18.7112	0
24.2063	1
35.2289	0
33.0111	1
39.9993	1
39.9993	0
31.5498	1
100	1
26.9917	1
39.9993	1
35.2289	0
17.8694	0
25.6894	0
10.7841	0
36.989	1
35.2289	1
100	1
100	1
39.9993	1
39.9993	0
35.2289	1
24.8184	0
36.9903	0
100	1
24.2046	0
100	1
100	1
39.9993	1
32.2195	1
100	1
39.9993	0
27.9607	1
100	1
39.9993	1
19.6775	0
35.2289	0
36.989	1
39.9993	0
11.6314	0
36.989	0
33.0111	0
17.7652	0
33.98	0
22.0134	0
100	1
36.989	1
12.4365	1
31.5498	0
15.2755	0
26.3853	1
35.2289	1
36.989	0
33.0111	0
28.2408	0
100	1
12.8232	0
100	1
21.2574	1
100	1
35.2289	0
39.9993	1
35.2289	1
29.5872	1
100	1
39.9993	1
35.2289	1
28.2406	1
36.9903	1
30.0011	1
31.5498	1
39.9993	1
39.9993	1
39.9993	0
100	1
31.5498	1
39.9993	1
33.0101	0
25.853	1
33.9806	1
36.989	1
100	1
35.2289	1
28.2406	1
27.9607	0
8.6386	0
39.9993	1
100	1
39.9993	1
30.97	1
24.8184	0
33.9806	1
100	0
27.2146	0
100	1
100	1
100	1
22.372	0
33.9806	0
1.8557	0
33.0111	1
31.5494	1
30.97	0
36.989	1
100	0
39.9993	1
21.8117	1
32.2191	1
36.989	0
33.0111	1
27.2145	0
39.9993	1
6.0744	0
39.9993	0
22.0134	1
16.9899	0
36.989	1
31.5498	1
100	1
39.9993	1
39.9993	1
36.989	1
35.2289	0
39.9993	0
35.2289	0
39.9993	0
26.992	0
33.98	0
100	0
39.9993	0
27.2146	1
100	1
39.9993	1
25.5315	0
33.0111	0
100	1
11.1525	0
100	0
33.9793	0
23.1034	0
27.9607	0
30.4586	0
23.2841	1
3.8579	0
27.96	0
32.2191	0
30.4583	1
28.5402	1
39.9993	0
100	1
36.989	1
30.4583	1
35.2289	0
33.0111	0
100	1
100	1
39.9993	0
33.0111	1
27.9607	0
17.6886	0
35.2289	1
26.992	1
36.989	1
7.7118	0
24.4409	0
100	0
36.989	0
27.6974	1
36.989	1
33.98	0
19.6376	0
2.277	0
39.9993	1
12.8968	0
39.9993	0
100	1
33.9806	1
36.989	0
39.9993	1
17.3953	0
100	1
4.8491	0
19.6775	0
35.2289	1
33.9806	1
35.2289	0
31.5498	1
39.9993	0
35.2289	0
39.9993	1
30.97	1
25.6892	1
27.9607	0
39.9993	1
15.3048	0
33.0111	1
100	1
100	1
9.4183	0
15.0924	0
100	1
35.2289	0
33.0111	1
39.9993	1
39.9993	1
21.3156	0
33.0111	0
100	1
27.2145	1
39.9993	1
100	1
33.0111	1
100	1
24.563	0
35.2289	0
100	1
30.0011	1
39.9993	1
26.992	1
100	1
100	1
13.8335	1
36.989	1
31.5498	0
35.2289	0
36.989	0
33.9806	1
36.989	1
35.2289	0
100	1
39.9993	1
30.97	1
35.2289	1
39.9993	1
8.714	0
14.9431	0
35.2289	0
36.989	1
39.9993	1
21.495	1
39.9993	1
27.6969	0
100	1
35.2289	1
36.989	1
35.2289	0
21.8117	1
39.9993	1
20.4195	0
39.9993	1
11.4701	0
100	1
33.0111	1
100	0
100	1
27.2146	1
100	1
6.1776	0
100	1
33.9806	0
100	0
20.3252	1
33.9806	0
39.9993	1
35.2289	0
36.989	1
36.989	1
100	1
30.0008	1
39.9993	0
39.9993	1
36.989	1
31.5498	1
39.9993	1
36.989	1
30.97	1
24.4409	0
100	0
39.9993	1
3.0398	0
25.0897	0
100	1
39.9993	0
35.2289	0
100	1
39.9993	0
33.98	0
100	1
21.6822	1
33.0111	1
35.2289	1
32.2191	0
36.989	1
33.0111	0
100	0
36.989	0
100	1
39.9993	1
35.2289	1
39.9993	1
39.9993	1
30.0011	1
5.5434	0
39.9993	1
100	1
28.2406	0
33.98	0
100	1
24.4409	0
27.9607	1
5.8622	0
30.4583	0
39.9993	1
100	0
39.9993	1
35.2289	0
4.8682	0
100	1
4.1535	0
100	0
16.439	0
100	1
36.989	0
36.989	1
35.2289	1
21.4345	1
33.0111	1
24.8184	0
7.9531	0
33.9806	0
7.8186	0
100	1
39.9993	1
35.2289	1
27.9607	1
100	1
25.3781	0
100	1
36.989	0
23.8764	0
5.754	0
29.2094	0
35.2289	1
30.4583	0
100	1
29.2096	1
36.989	1
28.862	1
27.9607	1
36.989	0
26.0233	1
100	1
35.2289	1
100	1
33.0111	1
33.0111	0
100	1
30.4583	0
33.9806	0
31.5494	0
31.5498	1
16.4453	1
32.2191	1
36.989	1
19.52	0
39.9993	1
25.3791	1
30.4583	0
39.9993	1
100	1
22.9299	1
28.2408	1
27.9607	1
35.2289	0
17.564	1
36.989	1
36.989	1
39.9993	1
28.2406	1
39.9993	1
28.5402	0
26.5781	1
35.2289	0
11.6982	0
14.4637	1
1.535	0
30.4583	0
36.989	1
100	1
39.9993	1
10.6947	0
100	0
100	0
36.989	1
29.5872	1
36.989	0
36.989	1
33.0111	1
36.989	1
30.97	1
32.2191	0
8.1937	1
36.989	1
36.989	0
13.1602	0
23.772	0
100	0
25.6894	1
28.8618	1
39.9993	1
20.818	0
30.97	1
39.9993	1
27.9607	1
33.0111	1
100	1
39.9993	1
36.989	1
35.2289	0
39.9993	0
39.9993	1
39.9993	1
14.221	0
25.853	1
39.9993	1
30.4583	1
27.6974	1
39.9993	1
39.9993	0
36.989	1
35.2289	0
100	1
25.5313	1
17.8956	0
28.8618	0
39.9993	1
15.7963	1
28.5402	1
39.9993	1
29.5872	0
100	0
100	1
35.2289	0
100	1
30.0011	0
33.0111	0
100	0
100	1
26.5781	0
35.2289	0
32.2195	1
100	0
36.989	1
100	0
35.2289	0
100	1
39.9993	0
3.1712	0
39.9993	1
35.2289	1
33.9806	1
100	1
39.9993	0
36.989	1
1.2978	0
30.0011	1
24.8184	0
2.0755	0
35.2289	1
100	1
35.2289	1
35.2289	1
36.989	0
24.322	0
39.9993	1
3.157	0
25.5315	1
100	0
36.9903	1
39.9993	0
30.4583	1
39.9993	1
25.0898	1
30.0008	0
100	1
26.0233	1
39.9993	1
23.9837	1
39.9993	1
35.2289	0
35.2289	0
33.0111	1
100	1
32.2191	1
30.4583	1
100	1
39.9993	0
36.989	1
39.9993	1
29.2094	1
30.97	1
26.5779	0
35.2289	0
39.9993	1
33.0111	1
32.2195	1
35.2289	1
5.59	0
33.0111	1
100	1
100	0
18.2266	0
4.0637	0
36.989	0
39.9993	0
33.0111	0
35.2289	1
22.8456	0
36.989	1
14.6844	0
17.7139	0
19.7993	0
33.0111	1
35.2289	0
1.5117	0
21.3747	1
33.0111	1
30.9694	0
26.0233	0
33.9793	0
30.4586	0
22.6818	1
21.9452	0
36.9903	1
35.2289	1
35.2289	0
36.989	1
39.9993	1
15.3926	0
28.2406	1
33.0111	1
12.3558	0
24.2063	0
39.9993	0
39.9993	1
25.232	0
36.989	0
33.9806	0
9.2532	0
26.2004	1
100	0
39.9993	1
5.1825	0
39.9993	1
39.9993	0
7.3336	1
20.9239	1
30.97	0
32.2191	0
39.9993	0
100	0
100	1
39.9993	0
13.565	1
39.9993	1
39.9993	0
36.9903	0
33.0111	1
36.989	1
100	1
36.989	1
39.9993	1
100	1
100	0
39.9993	1
31.5498	1
1.8255	0
39.9993	0
39.9993	1
36.989	0
30.0011	0
39.9993	0
9.3963	0
33.0111	1
100	1
33.9806	0
13.2222	0
39.9993	1
33.0111	1
32.2191	1
31.5498	1
35.2289	1
39.9993	0
36.989	0
100	1
35.2289	1
36.989	1
30.4583	1
100	1
100	1
32.2191	1
33.0111	0
100	0
18.743	0
36.989	1
39.9993	1
31.5498	1
36.989	1
33.98	0
39.9993	1
33.9806	0
33.9806	1
39.9993	1
100	1
1.5484	0
39.9993	1
100	0
30.4583	1
28.862	1
33.0111	1
100	0
22.6819	0
100	1
30.0011	0
30.4583	1
17.0988	0
3.6765	0
100	0
100	0
35.2289	1
35.2289	1
100	0
39.9993	1
36.989	0
36.989	1
39.9993	1
33.9806	1
9.1755	0
39.9993	1
100	0
39.9993	0
36.989	1
39.9993	1
39.9993	1
32.2195	0
21.1988	0
100	1
100	1
19.4051	1
36.989	1
4.9552	0
100	1
10.3227	0
28.862	1
36.989	1
33.0111	1
30.97	1
36.989	1
36.989	1
100	1
2.0651	0
24.0933	1
33.98	0
33.0111	1
32.2191	1
4.5574	0
36.989	1
35.2289	0
33.9806	1
36.989	1
18.0033	1
29.5872	0
100	1
23.772	0
33.0111	1
100	0
30.4586	0
8.1355	0
100	1
100	1
26.0233	1
35.2289	0
32.2195	1
35.2289	1
39.9993	1
30.97	1
35.2289	1
35.2289	1
20.4195	0
9.4792	1
35.2289	1
39.9993	1
10.1397	0
100	1
39.9993	0
28.8618	0
35.2289	1
35.2289	1
11.9948	0
36.989	0
33.98	1
33.9806	0
33.98	1
100	1
39.9993	1
30.0011	0
26.2004	1
39.9993	1
39.9993	1
33.9806	0
33.0111	1
35.2289	0
39.9993	1
1.5862	0
39.9993	1
13.6819	1
39.9993	1
100	1
33.9806	0
28.862	0
39.9993	0
29.2094	0
39.9993	1
22.8456	0
23.1927	0
100	1
26.578	1
100	1
30.97	0
2.137	0
30.97	1
39.9993	0
6.9451	0
39.9993	0
39.9993	1
26.0233	1
36.989	0
19.598	0
100	1
100	1
17.8693	0
33.9806	0
25.2313	0
14.8377	0
33.0111	1
24.2061	1
1.4749	0
30.97	1
29.2094	0
36.989	1
100	1
100	0
36.989	1
20.4195	0
7.1736	0
100	1
14.312	0
25.6892	0
100	1
100	1
36.989	1
39.9993	1
36.989	1
33.0111	0
36.989	0
24.8184	0
28.5402	1
33.0111	1
13.4696	0
100	1
100	0
39.9993	1
33.0111	0
33.0111	1
29.2094	1
36.989	1
35.2289	0
14.4286	0
19.7583	1
39.9993	0
39.9993	1
31.5498	1
35.2289	1
30.4586	0
29.5872	0
35.2289	1
39.9993	1
100	0
36.989	1
19.4055	0
7.7994	0
33.98	1
31.5498	0
2.9233	0
39.9993	1
23.5702	1
26.0228	0
35.2289	1
36.989	1
100	1
5.1924	0
36.989	1
100	0
28.8618	1
36.989	0
31.5498	0
39.9993	0
28.2406	0
36.9903	0
36.989	0
26.9917	0
17.256	0
20.4673	1
17.5886	0
20.233	0
32.2191	1
32.2195	0
100	1
35.2289	1
21.3746	0
33.0111	0
10.1738	0
11.3945	1
32.2186	0
36.9903	0
36.989	0
27.2145	0
100	0
100	1
33.0111	0
7.9854	0
25.5313	0
33.9806	0
36.989	1
29.5872	0
39.9993	1
39.9993	0
100	1
39.9993	0
32.2195	0
36.989	1
39.9993	1
39.9993	1
100	1
100	1
4.6426	0
35.2289	1
36.9903	1
36.989	1
17.2559	1
39.9993	0
100	1
39.9993	0
39.9993	1
100	1
36.989	1
100	1
100	1
32.2191	1
1.6354	0
29.5872	0
39.9993	1
100	1
39.9993	0
39.9993	1
100	1
36.989	1
13.0994	0
36.989	0
100	1
15.8455	1
36.989	1
20.325	0
16.1341	0
100	1
36.989	1
39.9993	1
33.9806	1
36.989	1
100	0
100	1
33.0111	1
31.5498	1
30.0011	1
22.9299	0
33.0111	1
26.992	1
100	1
100	1
32.2186	0
14.0411	1
29.5872	1
100	0
100	0
39.9993	1
29.2094	1
100	1
36.989	1
100	1
35.2289	0
33.9806	1
39.9993	1
39.9993	1
36.989	1
15.7318	0
16.9899	0
36.989	0
36.989	1
100	1
27.9607	1
27.2146	1
30.97	0
32.2195	1
33.9806	1
36.989	1
36.989	1
26.992	0
36.989	1
39.9993	0
39.9993	0
32.2186	0
35.2289	0
35.2289	0
14.9831	0
36.989	0
33.98	1
22.2249	0
33.9806	1
33.0111	1
21.2001	0
33.0111	0
30.4586	0
100	1
35.2289	1
39.9993	0
39.9993	0
25.0897	0
33.98	0
33.98	1
31.5498	1
10.1998	0
8.9588	0
27.6974	1
35.2289	0
36.989	1
30.4583	1
36.989	1
39.9993	1
35.2289	1
30.97	1
18.2844	1
36.9903	1
33.0111	0
100	1
22.0134	1
21.0863	0
20.0983	0
27.2143	0
100	1
39.9993	0
3.9021	0
39.9993	1
35.2289	0
27.6974	1
28.862	0
33.0111	0
7.2528	0
35.2289	1
39.9993	1
33.0111	0
35.2289	0
36.989	1
15.162	0
27.6974	1
20.3253	0
36.989	1
100	1
35.2289	1
33.9806	1
36.989	1
33.98	1
100	1
27.4491	1
33.0111	1
36.989	1
20.0544	0
35.2289	1
100	1
35.2289	1
36.989	1
33.0111	0
39.9993	1
36.989	1
24.9519	1
39.9993	1
100	1
36.989	0
100	1
33.0111	0
33.9806	1
39.9993	1
100	1
36.989	1
39.9993	1
15.9962	0
33.98	0
100	1
27.2145	1
100	1
39.9993	1
33.0111	1
39.9993	0
39.9993	1
36.989	1
30.4583	1
35.2289	0
35.2289	0
35.2289	1
100	0
19.1142	0
35.2289	0
29.2094	1
36.989	1
31.5498	0
36.989	0
32.2191	0
36.989	0
22.8455	0
35.2289	1
27.6974	1
39.9993	0
39.9993	1
35.2289	1
100	1
100	1
35.2289	0
39.9993	1
100	1
30.0011	0
36.989	1
100	1
31.5498	0
30.4583	0
100	1
33.9806	1
21.1434	1
39.9993	1
30.0011	1
35.2289	1
29.5872	0
100	1
20.1877	0
39.9993	1
26.0233	1
30.4583	1
100	1
28.2408	1
39.9993	1
39.9993	1
15.5434	0
100	1
35.2289	1
25.5315	0
16.4641	0
100	0
100	0
35.2289	0
100	0
100	1
100	1
28.862	1
39.9993	1
39.9993	0
23.3774	1
39.9993	0
36.989	1
33.0111	0
35.2289	1
35.2289	0
31.5498	1
1.7991	0
100	1
33.9806	0
100	1
21.9449	0
36.989	0
39.9993	1
22.7623	0
39.9993	0
100	1
26.78	1
30.4583	1
35.2289	0
100	0
33.0111	0
19.5588	0
6.2952	1
28.8618	1
30.97	0
39.9993	1
35.2289	1
100	0
30.97	1
35.2289	0
30.4583	1
20.9778	0
100	1
100	1
39.9993	1
39.9993	1
16.7995	0
33.0106	0
36.989	1
33.0111	1
100	1
30.97	0
100	1
22.1533	0
100	1
13.3577	0
20.2331	0
36.989	1
28.2406	0
100	1
39.9993	1
30.4583	1
39.9993	1
100	1
100	1
39.9993	1
39.9993	0
21.9451	1
12.7497	0
22.6023	1
33.9806	1
35.2289	0
35.2289	0
23.4727	0
22.372	0
32.2195	1
32.2195	0
21.8117	0
100	1
26.3852	0
29.2094	1
15.862	0
36.9903	0
30.97	0
33.0111	0
22.5242	1
36.989	0
8.8322	0
33.98	1
36.989	0
39.9993	0
100	1
30.97	1
100	1
100	1
39.9993	1
39.9993	1
100	1
29.5872	1
100	1
4.8194	0
39.9993	1
29.2094	0
29.2094	0
21.3156	1
30.0011	0
39.9993	0
35.2289	0
39.9993	0
39.9993	1
35.2289	1
35.2289	0
100	1
100	1
36.989	1
25.8529	0
32.2195	1
36.989	1
100	1
100	1
100	1
15.1197	0
30.0008	1
100	1
31.5498	1
36.989	1
7.6883	1
20.5157	0
1.4625	0
39.9993	0
30.4583	1
36.989	0
12.4736	0
30.97	1
36.989	0
20.924	0
33.0111	1
36.989	1
36.989	1
11.7682	0
36.989	1
5.6105	0
35.2289	1
28.862	1
39.9993	1
18.829	0
6.9183	0
27.4491	0
26.78	1
39.9993	1
36.9903	0
35.2289	1
36.989	1
39.9993	1
39.9993	0
36.989	1
32.2191	1
7.6932	0
28.2408	1
32.2191	1
29.5872	0
39.9993	0
32.2191	0
29.2096	0
21.5567	0
35.2289	0
39.9993	1
39.9993	1
100	0
100	1
12.3924	0
36.989	1
100	1
33.9806	1
22.7608	0
100	1
31.5498	0
21.0874	0
32.2186	0
39.9993	1
33.0111	0
36.989	1
39.9993	1
33.0111	1
33.0111	0
39.9993	1
39.9993	0
16.8837	0
100	0
35.2289	1
26.5782	0
36.989	1
24.8184	1
100	1
100	1
100	1
36.989	1
39.9993	1
100	0
100	1
18.3134	0
33.9806	1
32.2191	1
39.9993	1
36.989	0
33.98	0
100	1
36.989	1
26.78	0
100	1
35.2289	0
36.989	1
100	1
27.2145	0
100	1
39.9993	1
39.9993	1
100	1
33.0111	0
21.8779	1
36.989	1
39.9993	0
32.2186	0
2.9643	0
33.0111	1
17.419	0
100	1
8.6725	0
13.9169	1
17.843	1
36.989	1
33.9806	1
30.0011	0
36.989	0
100	1
21.2575	0
100	1
100	1
39.9993	0
39.9993	1
36.989	1
32.2191	0
5.1593	1
7.6038	0
39.9993	1
23.2841	0
35.2289	0
30.4583	1
29.5872	0
25.232	1
35.2289	0
30.97	0
39.9993	1
12.4961	1
39.9993	0
14.8248	0
29.5872	0
3.9142	0
35.2289	0
26.78	1
39.9993	0
39.9993	0
19.9678	0
30.97	1
23.2841	0
3.6436	0
39.9993	0
39.9993	1
32.2191	1
29.5872	1
26.3852	0
100	1
33.9806	0
39.9993	1
39.9993	1
100	1
100	1
39.9993	1
33.0106	0
100	1
7.1484	1
29.2096	1
100	1
36.989	1
36.989	0
39.9993	1
32.2186	0
100	1
18.9747	0
33.0111	0
39.9993	1
23.67	1
100	1
30.4586	0
30.0011	0
100	1
39.9993	1
36.989	1
100	1
28.5402	1
33.9806	1
36.989	1
30.97	1
28.2406	1
30.4583	0
31.5498	0
13.517	0
25.5309	0
35.2289	0
100	1
39.9993	1
33.98	1
26.3853	0
30.0011	1
11.4874	0
100	1
31.5498	1
36.989	1
39.9993	1
36.989	1
100	1
26.5781	0
39.9993	1
33.0111	1
29.2096	1
2.6425	0
36.989	1
39.9993	1
100	1
100	1
100	1
24.952	1
36.989	1
19.294	0
39.9993	1
100	1
32.2195	1
100	1
100	1
39.9993	0
36.9903	1
39.9993	1
35.2289	0
100	1
31.5498	1
23.2841	0
100	1
30.4583	1
2.0883	0
12.8473	0
39.9993	1
35.2289	0
30.4583	0
33.0111	1
100	1
27.9607	1
31.5498	1
100	0
100	1
29.2096	1
13.2939	0
33.0111	0
22.0134	0
100	1
36.989	1
33.9806	1
29.2094	1
15.1618	1
33.0111	0
39.9993	1
36.989	0
35.2289	0
36.989	1
35.2289	0
31.5498	0
100	1
14.597	0
31.5498	0
100	1
39.9993	1
39.9993	1
39.9993	0
20.098	0
1.5042	0
39.9993	0
100	1
100	1
100	0
100	1
35.2289	0
24.9519	0
100	1
100	1
31.5498	0
20.6644	0
100	1
4.6848	0
28.2406	0
30.0011	1
23.2841	0
100	1
30.0008	1
32.2191	1
36.989	1
33.0111	0
33.0111	1
12.1368	0
35.2289	1
39.9993	1
17.1654	0
36.989	1
100	0
36.989	0
6.9931	1
18.0305	0
26.023	1
23.9837	0
35.2289	0
35.2289	1
8.1585	1
100	1
11.3984	1
13.6626	1
30.4583	0
39.9993	0
33.0111	1
10.0308	0
13.0136	1
23.8766	0
26.2004	1
35.2289	1
100	1
33.0111	0
19.368	1
100	1
33.98	1
39.9993	1
33.0111	1
19.9677	0
35.2289	1
100	0
36.989	1
30.4583	1
100	1
100	0
26.992	0
5.5956	0
100	1
29.5872	1
9.5506	0
20.1384	0
39.9993	0
18.6477	0
26.0233	0
39.9993	1
36.989	0
15.0649	0
39.9993	1
39.9993	0
9.3969	0
36.9903	1
13.0052	0
100	1
36.989	0
30.97	1
30.97	0
39.9993	0
39.9993	1
19.598	0
36.989	1
39.9993	1
100	1
33.0111	1
26.2004	0
33.98	0
35.2289	0
11.5115	1
33.9806	0
35.2289	1
36.989	1
100	1
36.989	1
100	1
26.78	0
33.0111	1
11.8189	0
35.2289	1
27.9607	1
36.989	1
25.853	0
30.97	1
100	1
36.989	0
10.1602	1
100	1
20.9777	1
39.9993	1
4.4123	0
35.2289	0
4.4499	0
39.9993	0
39.9993	1
35.2289	1
33.0111	1
29.587	0
33.0111	0
35.2289	0
33.9806	1
100	1
39.9993	1
100	1
25.232	0
35.2289	0
5.7196	0
100	1
36.989	1
39.9993	0
39.9993	1
23.0157	1
32.2195	0
100	1
4.1571	1
35.2289	1
26.5781	0
100	1
29.2094	0
39.9993	1
100	0
32.2195	1
33.9806	1
29.2094	0
36.989	1
18.2253	0
28.5402	0
36.989	0
17.0115	1
24.0936	0
39.9993	1
39.9993	0
35.2289	1
100	1
39.9993	0
35.2289	0
16.2964	1
31.5498	1
20.0984	0
16.6193	0
28.5402	0
100	0
23.2841	0
100	1
39.9993	1
5.6262	0
33.0111	1
15.3032	0
100	1
39.9993	1
35.2289	1
32.2191	1
30.4583	1
15.1201	0
20.233	0
39.9993	1
35.2289	1
29.2094	1
100	1
11.7619	0
39.9993	0
39.9993	0
36.989	1
39.9993	0
9.1017	0
7.3891	0
23.1024	0
35.2289	0
39.9993	1
27.6974	1
18.0579	0
26.0233	1
33.9806	1
35.2289	1
33.9806	0
100	1
100	1
35.2289	0
100	1
18.9417	1
36.989	1
39.9993	0
39.9993	0
39.9993	0
30.0011	1
27.4491	0
100	1
100	1
33.0111	1
26.78	0
36.989	1
39.9993	0
100	1
32.2195	1
33.0111	1
36.989	1
33.0111	0
33.0111	0
100	1
31.5498	1
33.9806	0
36.989	1
36.989	1
26.2005	0
36.989	1
100	0
100	1
100	1
27.6974	0
100	0
7.2558	0
39.9993	0
23.5699	0
31.5498	1
27.6974	0
32.2191	0
39.9993	0
100	1
36.989	0
22.8453	0
39.9993	1
36.989	1
35.2289	1
33.0111	0
33.9806	1
29.5872	0
25.232	0
36.989	1
31.5498	1
100	1
33.0111	1
30.97	1
100	0
39.9993	0
39.9993	1
100	1
100	0
100	0
33.0111	1
30.9694	0
39.9993	1
33.0111	1
39.9993	0
39.9993	1
39.9993	1
18.6794	1
39.9993	0
21.0875	1
36.989	0
25.8531	0
12.1715	1
39.9993	0
39.9993	0
36.989	1
39.9993	0
35.2289	0
2.4209	0
33.9806	1
39.9993	1
28.8618	1
100	1
25.3791	0
39.9993	1
25.5313	0
33.0111	1
22.1533	0
24.2063	0
39.9993	0
28.5402	0
100	0
100	0
100	1
100	1
33.9806	0
100	0
36.989	1
25.0888	0
33.0111	0
39.9993	1
100	1
5.665	0
2.6887	0
100	1
39.9993	1
33.9793	0
100	1
24.322	0
36.989	1
35.2289	0
21.7463	0
16.3149	0
35.2289	0
31.5498	1
24.2061	1
18.5537	0
27.6974	0
100	1
39.9993	1
39.9993	0
35.2289	0
29.2094	1
29.2096	0
19.7584	1
30.4586	0
39.9993	1
30.4586	0
39.9993	1
31.5498	1
39.9993	1
100	1
33.9806	1
39.9993	1
33.9806	1
19.52	0
39.9993	1
33.98	1
22.225	0
14.2199	0
33.0106	1
100	0
30.4583	1
100	1
100	1
26.0233	0
28.5402	1
33.9806	1
33.0111	0
31.5498	1
26.5781	0
100	1
100	0
100	1
26.5782	1
39.9993	0
8.1568	0
39.9993	1
21.2001	0
11.3087	0
33.0106	0
100	1
39.9993	1
30.4583	1
27.6974	0
33.9806	1
100	1
100	1
35.2289	0
28.5402	0
36.989	0
2.3802	0
36.989	0
9.798	0
7.4227	0
11.65	0
39.9993	1
5.7728	0
32.2191	0
18.7747	0
22.9297	1
33.9806	0
39.9993	1
23.5702	1
36.989	0
29.5872	1
23.1033	0
22.7628	0
31.5498	1
100	1
100	1
35.2289	0
33.9806	1
36.989	0
36.989	0
39.9993	1
36.989	1
35.2289	1
24.563	1
16.3518	0
30.97	0
36.989	1
35.2289	1
33.0111	1
100	1
39.9993	1
39.9993	0
22.1533	0
35.2289	0
100	0
39.9993	1
3.0277	0
36.989	1
36.989	1
4.8318	0
25.0897	0
33.9806	1
36.989	1
100	0
100	1
35.2289	1
26.78	0
39.9993	0
33.0111	1
32.2186	0
17.0549	0
21.7464	0
35.2289	1
16.3505	1
100	0
39.9993	1
15.024	0
36.989	1
36.989	1
35.2289	1
33.0111	0
27.4491	0
19.0443	1
25.8531	0
7.6426	0
36.989	0
25.5315	0
23.9837	0
25.8529	1
35.2289	1
33.0111	1
100	1
39.9993	1
36.989	1
19.8828	1
16.9684	0
18.0306	0
36.989	0
7.9978	0
23.3774	1
36.989	1
6.8644	0
36.989	0
100	1
32.2186	0
100	0
24.0935	1
39.9993	0
27.96	1
39.9993	1
1.6328	0
1.601	0
20.5157	0
31.5498	0
24.563	0
39.9993	1
39.9993	0
39.9993	0
30.0011	0
29.2094	0
35.2289	1
39.9993	1
100	1
31.5498	1
100	0
17.3484	1
19.0791	0
39.9993	1
100	1
27.96	0
33.9806	0
100	1
23.2841	0
3.0041	1
32.2195	1
36.989	1
36.9903	0
27.6974	1
30.97	0
5.9655	0
28.8618	1
22.5242	1
39.9993	1
27.4491	1
24.8185	0
30.0011	0
7.5304	0
36.989	1
39.9993	1
27.9607	1
25.853	1
35.2289	1
10.5717	0
13.0903	0
33.0111	1
4.4824	0
39.9993	0
32.2191	0
39.9993	0
25.379	1
39.9993	1
22.8456	0
33.0111	1
100	1
39.9993	1
39.9993	1
36.9903	0
35.2289	1
35.2289	1
27.6974	1
39.9993	1
100	0
27.4491	1
22.0134	0
19.1143	0
39.9993	1
35.2289	1
35.2289	0
13.4414	0
35.2289	0
39.9993	0
36.989	0
24.4409	0
1.3667	0
39.9993	1
30.97	1
100	1
18.2842	0
35.2289	1
39.9993	0
33.9806	1
100	0
100	1
33.98	0
100	0
39.9993	0
100	1
13.4881	0
10.7395	0
39.9993	0
23.1034	0
27.6974	0
39.9993	0
27.9607	0
30.4583	0
100	1
14.4873	0
35.2289	1
100	1
31.5498	1
35.2289	1
35.2289	0
100	1
4.1627	1
35.2289	1
39.9993	0
23.8766	0
39.9993	1
19.7584	0
31.5498	1
32.2195	1
19.925	0
7.7167	0
8.7081	1
36.989	0
35.2289	1
35.2289	0
35.2289	1
33.0111	1
36.989	1
39.9993	1
27.9607	1
39.9993	1
22.6819	0
100	1
100	1
39.9993	0
100	0
29.5872	1
5.4225	0
36.989	0
36.9903	0
39.9993	0
35.2289	1
39.9993	0
2.4293	0
17.8692	0
39.9993	1
31.5498	0
8.7964	0
39.9993	1
100	1
36.989	0
8.105	0
33.9806	1
24.9518	0
36.989	1
10.0008	0
6.9537	0
33.0111	1
39.9993	0
39.9993	1
100	1
26.2005	1
32.2195	1
35.2289	1
39.9993	0
22.6814	1
100	1
35.2289	0
100	1
29.2096	1
100	1
29.5872	1
27.2145	1
39.9993	1
39.9993	1
14.7732	0
36.989	1
25.3791	0
36.989	1
29.5872	1
36.9903	1
30.97	0
39.9993	0
2.1938	0
33.98	1
39.9993	0
100	1
36.989	1
26.3853	0
39.9993	0
36.989	1
100	1
23.8747	0
24.2049	0
27.2145	0
33.9806	0
100	1
29.2096	1
100	1
36.989	1
30.4586	0
39.9993	1
15.0103	1
39.9993	0
28.2408	0
30.4583	1
18.9757	1
21.6189	0
30.4586	0
35.2289	0
20.8705	0
39.9993	0
36.989	1
36.989	0
39.9993	1
33.0111	0
1.9666	0
39.9993	1
100	1
31.5498	0
33.9806	1
36.989	1
31.5498	1
12.0417	0
36.9903	1
32.2195	1
36.989	1
39.9993	1
100	1
39.9993	1
100	0
36.9903	0
35.2289	1
100	1
36.989	1
19.9251	1
6.7078	0
22.0828	0
100	1
30.97	0
31.5498	1
16.7393	0
39.9993	0
33.98	1
100	1
35.2289	0
36.989	1
100	1
33.0111	1
36.989	1
28.2406	1
35.2289	1
28.5402	1
39.9993	0
35.2289	1
17.7909	0
23.5702	1
30.4583	1
13.8543	0
39.9993	0
26.3853	0
30.97	0
35.2289	1
35.2289	1
100	1
36.9903	0
36.989	1
39.9993	1
100	1
33.0111	0
100	1
23.4726	1
25.8517	0
33.0106	1
100	1
35.2289	0
6.9185	0
39.9993	1
35.2289	1
36.989	0
30.97	1
33.9806	0
100	1
29.2094	1
35.2289	0
8.3773	0
33.0111	0
33.0111	1
24.4407	1
19.8828	1
36.989	1
33.9806	1
8.5958	0
26.0233	0
36.989	1
36.989	1
35.2289	0
39.9993	1
22.0134	1
100	1
39.9993	0
35.2289	1
100	1
24.4409	1
100	1
39.9993	1
30.0011	0
33.98	1
33.9806	0
36.989	1
33.9806	1
18.5539	1
33.0111	0
10.8544	0
32.2191	1
39.9993	1
39.9993	1
35.2289	0
18.2554	0
36.989	1
39.9993	1
100	1
22.6022	0
30.4583	1
27.4491	0
1.7917	0
22.0828	0
26.78	1
13.7222	0
23.1032	1
100	1
28.862	0
39.9993	1
24.563	0
100	0
25.232	1
39.9993	1
35.2289	1
100	1
100	1
35.2289	1
36.989	0
24.5631	0
30.97	1
8.9598	0
100	0
4.5658	0
29.5872	1
100	1
33.98	1
33.9806	1
17.8957	1
33.98	0
36.989	0
33.0111	1
33.0111	1
33.0111	0
39.9993	1
100	0
35.2289	0
36.989	1
39.9993	1
36.989	0
7.5272	0
39.9993	1
39.9993	1
100	0
33.0111	1
39.9993	0
35.2289	0
29.2094	1
39.9993	1
25.853	1
33.9806	0
25.853	1
35.2289	0
39.9993	0
25.5313	0
39.9993	0
100	1
35.2289	1
13.2758	0
13.6823	1
35.2289	1
22.763	1
35.2289	1
15.4219	0
19.7584	1
36.989	1
33.9806	1
100	1
26.992	1
100	0
100	1
24.322	1
39.9993	1
24.0935	0
28.2408	0
21.8117	0
39.9993	1
36.989	1
33.0111	0
36.989	1
100	1
39.9993	0
8.6514	1
100	0
36.989	0
19.4055	1
25.3781	0
36.989	1
1.8385	0
39.9993	1
29.2096	0
36.989	1
8.6606	0
100	1
36.989	1
19.1143	0
27.6974	1
39.9993	1
39.9993	1
39.9993	0
10.452	0
26.3852	0
100	0
100	1
20.3721	1
39.9993	1
19.5588	0
20.7151	1
35.2289	1
23.5702	1
36.989	1
39.9993	1
35.2289	0
33.0111	1
35.2289	0
36.989	1
39.9993	1
39.9993	1
39.9993	1
32.2195	0
39.9993	1
100	1
27.4491	1
24.4409	0
36.989	0
36.989	1
36.989	0
100	1
35.2289	0
33.98	1
100	0
39.9993	0
36.989	1
39.9993	1
100	1
8.2764	1
29.2094	0
20.715	1
4.1976	1
10.1184	0
5.2084	0
36.989	1
33.9806	1
15.9793	0
39.9993	1
35.2289	1
20.4194	0
33.0111	1
33.9806	1
25.232	0
39.9993	0
35.2289	0
39.9993	1
39.9993	1
22.6023	1
32.2195	1
39.9993	0
100	1
35.2289	1
100	1
39.9993	0
33.98	0
25.6892	0
39.9993	1
33.0111	0
35.2289	0
2.8626	0
25.8529	0
6.6446	0
27.9607	0
17.8169	0
39.9993	0
14.9699	0
36.9903	0
20.6142	0
30.97	1
100	1
39.9993	1
36.989	1
36.989	0
30.97	1
39.9993	0
26.2005	0
35.2289	0
5.7683	0
100	1
100	0
8.852	0
3.5152	0
36.989	1
9.4683	0
39.9993	1
39.9993	0
33.0111	0
17.1208	1
100	1
36.989	0
26.3853	0
30.4583	0
1.4354	0
24.8185	0
33.9806	1
23.5702	0
31.5494	0
35.2289	1
39.9993	1
35.2289	0
33.9806	1
39.9993	0
8.1222	0
36.989	0
100	0
35.2289	1
27.2145	0
30.97	1
8.5869	0
39.9993	0
39.9993	1
32.2195	0
30.4583	0
28.2408	0
36.989	0
7.0591	0
39.9993	1
36.989	1
14.2098	0
100	1
26.0232	0
8.8844	0
21.6189	0
6.4918	0
24.6888	0
35.2289	0
100	1
33.9806	1
28.2408	0
100	0
26.2004	0
20.7663	0
36.9903	0
27.4491	1
100	0
29.5872	1
6.3153	0
100	1
36.989	0
22.9299	0
33.9806	0
39.9993	1
39.9993	1
39.9993	1
29.5872	0
36.989	1
31.5498	0
27.4491	0
33.9806	1
6.6309	0
26.578	0
35.2289	0
100	1
30.0011	0
26.2004	1
2.5822	0
36.989	1
8.6155	0
22.1509	0
100	1
1.6465	0
39.9993	0
28.2406	0
39.9993	0
10.6225	1
36.989	1
100	1
100	1
39.9993	1
32.2191	0
30.0011	0
26.0233	0
39.9993	1
14.6098	0
100	0
27.6974	0
18.7759	0
100	1
35.2289	1
36.989	1
100	1
30.4583	1
39.9993	1
35.2289	0
39.9993	1
39.9993	0
17.512	0
39.9993	1
39.9993	1
23.1927	0
39.9993	1
29.5872	0
12.5945	1
32.2195	0
13.6425	0
15.6839	1
22.6817	1
24.2063	1
100	0
22.5242	0
100	1
35.2289	1
30.97	1
8.8706	0
17.8958	0
15.4524	0
100	0
39.9993	0
100	0
23.8766	0
26.2004	0
32.2191	0
39.9993	1
4.3172	0
35.2289	0
39.9993	0
100	1
24.4409	1
30.97	1
39.9993	1
39.9993	0
35.2289	1
39.9993	1
9.7651	0
33.0111	0
16.8007	0
100	1
35.2289	1
20.0542	0
16.5606	0
39.9993	1
21.4343	0
100	1
33.98	0
100	1
36.989	1
30.97	0
100	0
28.862	1
21.9451	0
29.587	0
35.2289	0
30.97	0
100	0
39.9993	0
1.9905	0
39.9993	0
7.067	0
30.4583	1
26.78	0
25.232	0
14.7729	0
15.6998	1
10.6954	0
25.0898	1
39.9993	1
8.8426	0
8.6713	0
100	1
22.8456	0
39.9993	1
100	1
39.9993	0
11.4228	0
32.2195	1
100	1
16.5219	0
26.3852	1
20.8181	0
5.1468	0
19.3669	0
24.952	1
30.4583	0
28.862	0
36.989	1
33.98	0
36.989	0
36.989	0
39.9993	0
26.992	0
39.9993	0
33.0111	0
39.9993	1
36.989	0
17.3484	0
18.1979	0
33.9806	1
28.8618	0
33.0111	1
24.2063	0
35.2289	0
36.989	1
39.9993	0
33.0111	0
33.9806	1
21.4951	0
33.9806	1
100	1
36.989	1
39.9993	0
28.5402	0
39.9993	1
13.2495	0
19.6375	0
7.7239	0
23.5703	0
5.3404	0
27.449	1
28.5402	1
30.4586	0
26.992	0
29.2094	1
33.0111	1
39.9993	1
1.2844	0
33.9806	1
36.989	1
4.511	0
39.9993	1
33.9806	0
22.1529	1
35.2289	1
20.4674	1
22.6819	0
11.0025	0
100	0
9.8036	0
29.2094	0
23.4727	0
33.98	0
100	1
100	1
33.98	1
10.2041	0
39.9993	1
39.9993	1
30.4586	0
39.9993	1
36.989	1
35.2289	1
30.4583	0
30.0011	0
36.989	1
39.9993	0
23.9837	0
28.54	0
100	1
35.2289	1
16.9047	0
19.0793	0
33.98	1
100	0
39.9993	1
39.9993	1
36.989	1
35.2289	1
15.6208	0
100	1
18.711	0
36.9903	0
5.0814	0
39.9993	1
100	1
15.6048	1
22.8455	1
100	1
22.4474	1
27.9602	0
39.9993	1
100	1
100	1
8.4301	0
35.2289	0
100	1
29.2094	1
33.0111	0
36.989	1
100	1
21.945	0
33.0111	1
30.97	0
30.0011	1
26.0233	0
13.6722	0
14.0763	0
35.2289	0
32.2191	0
33.0111	1
29.2092	1
30.97	1
36.989	1
39.9993	1
33.0111	1
35.2289	1
100	1
39.9993	1
35.2289	0
100	1
36.989	1
36.989	1
26.992	1
23.67	0
35.2289	1
36.989	1
22.372	1
39.9993	0
33.0111	1
15.4977	1
26.2005	1
1.4761	0
33.98	0
39.9993	1
39.9993	0
26.99	0
100	1
100	0
1.6166	0
39.9993	0
10.8383	0
36.989	1
9.8675	0
31.5498	1
100	1
16.7384	0
25.0895	0
13.2489	0
100	0
30.97	0
15.4824	0
7.7948	0
100	1
39.9993	1
33.98	0
33.0111	0
30.4583	0
36.989	0
28.862	0
36.989	0
3.4094	0
100	1
33.0111	0
100	1
32.2191	1
2.3261	0
29.5872	1
39.9993	0
36.989	0
31.5498	1
19.0444	1
31.5498	0
35.2289	0
39.9993	1
32.2195	1
35.2289	1
14.7345	1
26.0233	1
100	1
39.9993	1
39.9993	0
30.4583	1
36.989	1
9.2606	1
20.2789	0
15.1898	0
100	1
28.862	0
100	0
39.9993	1
5.0326	0
12.0959	0
100	1
39.9993	0
31.5498	0
35.2289	0
32.2191	1
19.1497	0
17.3954	1
35.2289	1
100	1
13.3302	0
20.0544	0
19.6775	1
33.9806	1
36.989	1
18.3384	0
39.9993	1
27.6974	0
35.2289	1
30.97	1
18.1415	0
30.4586	0
28.2408	0
4.5614	0
24.4409	1
39.9993	0
24.8184	1
23.8766	1
33.0111	1
27.6974	0
25.853	1
39.9993	0
35.2289	0
21.2001	1
30.0011	1
29.5872	0
36.989	1
100	1
28.2406	0
36.989	0
39.9993	1
30.97	1
100	1
39.9993	0
39.9993	1
35.2289	0
33.0111	1
25.379	0
100	0
29.2096	1
39.9993	0
1.5826	0
36.989	0
39.9993	0
27.4494	0
13.3578	0
100	1
35.2289	0
32.2191	0
35.2289	0
39.9993	1
23.5702	1
26.78	0
39.9993	1
39.9993	0
36.989	0
100	0
35.2289	0
36.989	1
39.9993	1
30.0011	1
36.989	1
39.9993	0
33.0111	1
36.989	1
36.989	1
100	1
29.2094	1
100	0
39.9993	0
33.0111	0
36.989	1
33.0111	1
36.989	1
13.2577	0
39.9993	1
39.9993	1
35.2289	1
35.2289	1
100	1
31.5498	1
30.4583	1
5.4689	0
33.0111	0
27.4491	0
39.9993	1
33.0111	1
25.6892	1
31.5498	0
35.2289	1
39.9993	1
33.0111	0
100	1
100	1
18.4622	1
39.9993	0
36.989	0
35.2289	0
39.9993	1
36.989	0
36.989	1
39.9993	1
24.0935	0
36.989	1
36.989	1
29.2094	1
17.0548	1
35.2289	1
33.0111	0
13.8441	0
39.9993	1
8.2069	1
29.5872	0
100	1
39.9993	0
39.9993	0
39.9993	1
100	0
100	1
100	1
26.3853	1
100	1
7.4491	0
100	1
100	1
39.9993	0
27.6974	1
31.5498	0
25.853	1
24.8184	1
31.5498	0
13.2758	0
39.9993	1
33.9806	1
39.9993	0
20.233	0
2.0679	0
35.2289	0
36.989	0
100	1
35.2289	1
100	0
100	1
26.2004	1
30.0011	0
30.4583	0
39.9993	1
27.4491	0
31.5498	1
35.2289	1
39.9993	0
28.2406	0
36.989	1
13.77	0
39.9993	1
5.3989	0
28.2408	0
36.989	0
30.4583	1
33.0106	0
100	1
33.9806	0
21.7465	0
32.2191	0
100	0
2.091	0
15.7787	0
36.9903	0
39.9993	1
21.7465	0
39.9993	0
30.4583	0
100	1
13.844	0
28.8618	1
35.2289	1
36.989	1
33.0106	1
36.989	1
13.169	0
100	1
39.9993	0
39.9993	1
6.3408	0
6.7133	0
39.9993	1
100	1
33.0111	0
22.6819	1
31.5498	0
33.0106	0
26.0231	0
27.4491	1
36.989	0
28.2406	0
39.9993	1
29.5872	0
33.9806	1
39.9993	1
16.2239	0
100	1
33.9806	0
23.1033	0
26.5782	1
20.9777	0
5.0931	0
39.9993	0
39.9993	0
33.0106	1
29.5872	1
36.989	0
29.5872	1
100	1
26.78	1
1.355	1
36.9903	0
100	1
100	1
33.0111	1
28.2406	1
28.8618	0
14.9968	0
36.989	0
3.9857	0
39.9993	0
39.9993	1
39.9993	0
39.9993	0
27.4473	0
29.2094	0
2.7823	0
36.989	1
28.862	1
39.9993	0
100	1
39.9993	1
36.989	1
33.0111	1
39.9993	0
20.3721	0
36.989	1
100	1
33.9806	0
22.5242	0
100	1
22.9298	1
36.989	1
100	1
28.862	0
24.9517	0
14.2319	0
36.989	0
100	0
39.9993	1
18.9074	0
35.2289	1
22.763	1
31.5498	0
31.5498	0
39.9993	1
21.7465	1
100	1
33.0111	0
24.0935	0
25.853	0
28.8618	0
33.0111	0
100	1
22.4473	1
33.0111	0
39.9993	1
18.9418	0
4.1982	0
39.9993	1
39.9993	1
24.952	0
29.5872	0
39.9993	0
100	1
36.989	0
100	1
15.1063	0
39.9993	1
100	1
36.989	1
28.2406	1
30.4583	0
3.703	1
39.9993	1
36.989	0
39.9993	0
26.78	1
22.6023	1
39.9993	1
3.2248	0
33.0111	0
21.8117	1
33.0111	0
33.9806	1
100	1
39.9993	1
35.2289	1
26.78	0
26.0233	1
28.862	1
27.2146	0
16.7594	0
16.3518	0
100	1
9.3722	0
36.989	1
29.2094	1
36.989	1
39.9993	0
29.2096	0
35.2289	1
39.9993	1
100	1
30.4583	0
35.2289	1
8.0455	1
33.9806	1
27.4491	0
0	1
0	1
0	1
0	1
0	1
0	1
0	1
0	1
0	1
0	1
0	1
0	1
0	1
0	1
0	1
0	1
0	1
0	1
0	1
0	1
0	1
0	1
0	1
0	1
0	1
0	1
0	1
0	1
0	1
0	1
0	1
0	1
0	1
0	1
0	1
0	1
0	1
0	1
0	1
0	1
0	1
0	1
0	1
0	1
0	1
0	1
0	1
0	1
0	1
0	1
0	1
0	1
0	1
0	1
0	1
0	1
0	1
0	1
0	1
0	1
0	1
0	1
0	1
0	1
0	1
0	1
0	1
0	1
0	1
0	1
0	1
0	1
0	1
0	1
0	1
0	1
0	1
0	1
0	1
0	1
0	1
0	1
0	1
0	1
0	1
0	1
0	1
0	1
0	1
0	1
0	1
0	1
0	1
0	1
0	1
0	1
0	1
0	1
0	1
0	1
0	1
0	1
0	1
0	1
0	1
0	1
0	1
0	1
0	1
0	1
0	1
0	1
0	1
0	1
