0.8462	0
0.5882	0
0.7374	0
0.3139	1
0.9755	0
0.9867	1
0.3594	0
0.3045	0
0.4258	0
0.9881	0
0.4472	0
0.5117	0
0.8117	0
0.5208	0
0.8514	1
0.999	1
0.4378	0
0.9995	1
0.4481	0
0.4853	0
1.0	1
0.3054	0
0.5797	0
0.9757	1
0.9767	0
0.3269	0
0.8364	1
0.8978	0
0.3419	0
0.3182	0
0.3614	0
0.5067	0
0.6709	0
0.3561	0
0.337	0
0.9623	1
0.3332	0
0.9919	1
0.329	0
0.8495	0
0.5308	0
0.4633	0
0.532	0
0.3108	0
0.9413	0
0.3039	0
0.9685	1
0.453	0
0.9404	1
0.9119	1
0.3875	0
0.6602	0
0.3776	0
0.4749	0
0.3205	0
0.995	1
0.4471	0
0.9734	1
0.3429	0
0.3005	0
0.53	0
0.3725	0
0.9943	1
0.3167	0
0.5319	1
0.322	0
0.8799	0
0.4858	0
0.3332	0
0.541	0
0.6734	0
0.9748	1
0.8541	0
0.7608	0
0.618	0
0.4111	0
0.3056	0
0.9848	0
0.9844	1
0.4157	0
0.3733	0
0.9446	1
0.8962	1
0.6928	0
0.6165	0
0.9697	1
0.3099	0
0.9999	1
0.8886	1
0.9917	1
0.7575	0
0.4174	0
0.9995	1
0.3142	0
0.8443	0
0.4247	0
0.7511	1
0.3136	1
0.9971	1
0.414	0
0.4026	0
0.8092	1
0.9709	0
0.9265	1
0.9459	1
0.9676	1
0.3433	0
0.9785	0
0.5615	0
0.3443	1
0.3741	0
0.8293	0
0.447	0
0.567	0
0.4433	0
0.3147	0
0.988	1
0.9344	1
0.9818	1
0.7387	1
0.9746	1
0.8717	0
0.9455	1
0.9986	1
0.3835	0
0.6894	0
0.5073	1
0.3308	0
0.892	1
0.3122	0
0.5583	0
0.8726	0
0.6622	1
0.4873	0
0.3165	0
0.4701	0
0.5765	0
0.9468	0
0.8747	0
0.3826	1
0.3291	0
0.598	0
0.9746	1
0.9937	1
0.4993	0
0.832	0
0.7603	0
0.9764	0
0.3056	0
0.3689	0
0.957	1
0.9144	1
0.7492	0
0.889	0
0.6286	0
0.3198	0
0.9833	1
0.8595	0
0.9929	0
0.3071	0
0.3747	0
0.3298	0
0.9126	1
0.5026	0
0.9819	1
0.3991	0
0.9978	0
0.5306	0
0.3687	0
0.3696	0
0.4213	0
0.6072	0
0.9794	1
0.9491	0
0.5825	0
0.3744	0
0.9861	0
0.4464	0
1.0	0
0.4094	0
0.8535	0
0.9055	1
0.3974	0
0.3166	0
0.8517	0
0.9565	1
0.3673	0
0.6855	0
0.3014	0
0.557	1
0.4769	0
0.33	0
0.9981	1
0.6256	0
0.3122	0
0.6276	0
0.991	1
0.8425	1
0.343	0
0.3537	0
0.3555	0
0.6301	0
0.9492	0
0.4045	0
0.9545	1
0.3563	0
0.7996	1
0.3146	0
0.3864	0
0.9264	1
0.4157	0
0.3129	0
0.5528	0
0.3776	0
0.3525	0
0.9506	0
0.9088	0
0.966	0
0.3103	0
0.7906	0
0.7684	0
0.985	1
0.7968	0
0.5518	0
0.8399	0
0.7442	1
0.4259	0
0.5608	0
0.9897	1
0.5944	0
0.3784	0
0.9574	1
0.984	0
0.985	0
0.9785	1
0.5325	0
0.316	0
0.3636	0
0.4454	0
0.992	1
0.9885	1
0.3881	0
0.9972	1
0.4303	0
0.3987	0
0.9519	0
0.9867	1
0.3986	0
0.3492	0
0.6842	1
0.3664	0
0.3983	0
0.9968	1
0.3023	0
0.472	0
0.9813	1
0.3118	0
0.4942	0
0.375	0
0.3487	0
0.9941	1
0.8428	1
0.3926	0
0.9725	1
0.7491	0
0.9886	1
0.9992	1
0.7025	0
0.4059	0
0.8429	1
0.5447	0
0.3872	0
0.3474	0
0.9998	1
0.9439	0
0.5064	0
0.9875	1
0.4279	0
0.9495	1
0.4563	0
0.52	0
0.5071	0
0.8815	0
0.3113	0
0.6674	0
0.3111	0
0.3021	0
0.9273	0
0.9418	0
0.7841	0
0.901	0
0.3919	0
0.6206	0
0.8599	1
0.9352	1
0.9901	1
0.4426	0
0.8835	0
0.4944	0
0.3328	0
0.8962	1
0.3268	0
0.9548	0
0.997	1
0.316	0
0.7624	1
0.3475	0
0.5055	0
0.9629	1
0.5339	0
0.4938	0
0.3075	0
0.3953	0
0.9786	1
0.4412	0
0.3082	0
0.4367	0
0.9885	1
0.3058	0
0.9146	0
0.7687	0
0.4715	0
0.8492	1
0.4098	0
0.3832	0
0.3972	0
0.3267	1
0.4495	0
0.5155	0
0.927	0
0.6718	0
0.9364	1
0.341	0
0.9275	1
0.3516	0
0.412	0
0.6774	0
0.9553	1
0.8753	0
0.3443	0
0.3665	0
0.5152	0
0.3838	0
0.301	0
0.4257	0
0.7609	0
0.3763	0
0.3595	0
0.3341	0
0.9899	1
0.5563	0
0.4133	0
0.3879	0
0.4333	0
0.8161	1
0.3568	0
0.911	1
0.345	0
0.7593	0
0.9821	1
0.9374	1
0.9817	1
0.5549	1
0.9549	0
0.9126	1
0.9067	0
0.9833	1
0.9848	0
0.991	0
0.9852	1
0.9301	0
0.6403	0
0.961	0
0.8699	0
0.9962	1
0.9764	0
0.3524	0
0.7971	0
0.391	0
0.5996	0
0.5534	0
0.3662	0
0.3428	0
0.843	1
0.3986	0
0.316	0
0.9942	1
0.5601	0
0.3544	0
0.3204	0
0.7313	0
0.4344	0
0.3874	0
0.9398	0
0.8895	1
0.3843	0
0.3103	0
0.3105	0
0.3601	0
0.8993	0
0.6601	0
0.9821	1
0.3744	0
0.9526	0
0.3589	0
0.9683	1
0.6659	0
0.9993	1
0.927	0
0.6435	0
0.444	0
0.6225	0
0.9938	1
0.4165	0
0.9037	1
0.3317	0
0.4007	0
0.8158	0
0.3327	0
0.3076	0
0.4577	0
0.4899	0
0.3702	0
0.6198	0
0.9982	1
0.9777	1
0.4297	0
0.3567	0
0.9912	1
0.9737	1
0.9674	1
0.968	1
0.9745	1
0.9894	0
0.8233	0
0.9636	0
0.9985	0
0.4227	0
0.9964	1
0.6358	0
0.5297	0
0.9989	1
0.7554	0
0.9894	0
0.9826	1
0.8308	0
0.975	0
0.4211	0
0.6047	0
0.9168	1
0.3875	0
0.567	0
0.992	1
0.3131	0
0.9036	0
0.3411	0
0.3899	0
0.9728	1
0.6205	0
0.9814	1
0.9968	1
0.3393	0
0.7822	0
0.3951	0
0.4526	0
0.8317	0
0.3351	0
0.975	1
0.5539	0
0.8781	0
0.3606	0
0.8245	0
0.4219	0
0.6237	0
0.4723	0
0.8507	0
0.3252	0
0.9806	1
0.9782	0
0.9946	1
0.8975	1
0.9352	1
0.814	0
0.803	0
0.5555	0
0.9918	0
0.9978	1
0.8863	0
0.6065	0
0.5111	0
0.9857	1
0.4209	0
0.5505	0
0.4962	0
0.9458	1
0.931	0
0.6642	0
0.9271	0
0.8829	1
0.6663	0
0.9526	0
0.5865	0
0.9863	1
0.4354	0
0.5134	0
0.999	1
0.9224	0
0.9336	0
0.7648	0
0.3678	0
0.6156	0
0.4773	0
0.9214	1
0.9957	0
0.3396	0
0.4271	0
0.9155	0
0.5516	0
0.5962	0
0.6369	0
0.8467	0
0.9927	1
0.7984	0
0.3819	0
0.998	1
0.8892	0
0.8721	0
0.3455	0
0.3559	0
0.7314	1
0.3806	0
0.6829	0
0.3743	0
0.9959	1
0.6544	0
0.3411	0
0.6093	0
0.7871	0
0.4442	0
0.8432	0
0.9572	1
0.9712	0
0.9817	1
0.6016	0
0.8901	0
0.991	1
0.4972	0
0.4121	0
0.3411	0
0.382	0
0.6342	0
0.9506	1
0.9847	1
0.8443	0
0.5786	0
0.6232	0
0.4351	0
0.9939	1
0.8976	0
0.6127	0
0.615	0
0.971	1
0.899	0
0.3037	0
0.9516	0
0.3882	0
0.991	1
0.4319	0
0.875	1
0.697	0
0.8946	0
0.8683	1
1.0	0
0.4588	0
0.9884	1
0.9648	1
0.3309	0
0.3581	0
0.5564	0
0.327	0
0.9046	1
0.8397	0
0.7579	0
1.0	1
0.4741	0
0.3009	0
0.9856	1
0.3881	0
0.9924	0
0.3101	0
0.5352	0
0.8692	0
0.9863	1
0.702	0
0.4021	0
0.8486	0
0.3609	0
0.9744	0
0.986	0
0.5408	0
0.8585	0
0.7365	1
0.3301	1
0.9866	1
0.9883	0
0.5216	0
0.8555	1
0.308	0
0.4738	0
0.9901	1
0.761	0
0.9071	0
0.3703	0
0.6857	0
0.3297	0
0.4007	0
0.9991	1
0.9308	1
0.3075	0
0.6779	0
0.5579	0
0.3601	1
0.3684	0
0.8166	0
0.9736	0
0.3654	0
0.9842	1
0.4466	0
0.3262	0
0.9169	0
0.9799	0
0.9789	1
0.3991	0
0.6748	0
0.9924	1
0.3278	0
0.9726	0
0.3261	0
0.3282	0
0.3189	0
0.9818	1
0.4599	0
0.6969	1
0.4691	0
0.5552	0
0.9487	1
0.8059	0
0.8741	0
0.9144	1
0.5236	0
0.368	0
0.5273	0
0.3308	0
0.8981	0
0.5472	0
0.3578	0
0.4147	1
0.8284	0
0.8898	0
0.4611	1
0.9793	1
0.6297	0
0.9971	1
0.4028	0
0.3063	0
0.9812	1
0.9493	1
0.8357	0
0.3971	0
0.5155	0
0.7495	0
0.7176	0
0.9994	1
0.741	0
0.325	0
0.3021	0
0.633	0
0.8686	0
0.8423	1
0.8886	0
0.9076	1
0.4536	0
0.3309	0
0.4316	0
0.3062	0
0.5748	0
0.5485	0
0.9967	1
0.8621	0
0.886	0
0.9199	0
0.8017	1
0.873	0
0.9417	0
0.9774	1
0.9983	1
0.6074	0
0.7285	0
0.5178	0
0.9737	1
0.4909	0
0.9327	1
0.6892	0
0.9987	1
0.9773	0
0.9983	1
0.371	0
0.35	0
0.9949	1
0.9662	0
0.689	0
0.9433	0
0.612	0
0.4672	0
0.7434	0
0.9406	0
0.8655	0
0.7257	0
0.312	0
0.3317	0
0.9899	1
0.9909	1
0.6194	0
0.6583	0
0.4676	0
0.411	0
0.4226	0
0.3549	0
0.9516	1
0.5559	0
0.9962	1
0.341	0
0.383	0
0.9764	1
0.3685	0
0.7532	0
0.4151	0
0.4456	0
0.9667	0
0.5639	0
0.9781	0
0.9093	0
0.343	0
0.584	0
0.4368	0
0.9337	0
0.4346	0
0.3763	0
0.8335	0
0.4691	0
0.7635	0
0.7109	0
0.8984	0
0.4146	0
0.3032	0
0.3303	0
0.6324	0
0.9777	0
0.4086	0
0.3012	0
0.7209	0
0.6305	0
0.3437	0
0.4062	0
0.9872	1
0.9357	1
0.9972	1
0.9785	1
0.7812	0
0.8318	0
0.8388	1
0.4044	0
0.9547	0
0.7108	0
0.5054	0
0.335	0
0.4123	0
0.9318	0
1.0	0
0.6146	0
0.9873	1
0.3926	0
0.975	0
0.5141	0
0.9292	0
0.5916	0
0.4026	0
0.3783	0
0.3567	0
0.4135	0
0.418	0
0.9438	1
0.3052	0
0.9841	1
0.9929	1
0.418	0
0.3743	0
0.9755	0
0.9828	1
0.9454	0
0.6872	0
0.5209	0
0.8927	1
0.9817	1
0.375	0
0.3408	0
0.3403	0
0.9924	1
0.877	0
0.8608	0
0.9098	0
0.3844	0
0.4014	0
0.9288	0
0.9786	1
0.7875	0
0.3274	0
0.9957	1
0.4149	0
0.423	0
0.9945	0
0.9941	1
0.5571	0
0.4465	0
0.3936	0
0.9847	1
0.9977	1
0.7307	0
0.996	1
0.8113	0
0.994	1
0.42	0
0.515	0
0.5005	0
0.4674	0
0.3576	0
0.4699	0
0.9592	0
0.3349	0
0.4804	0
0.4726	0
0.7225	0
0.9197	0
0.9884	0
0.9937	1
0.4504	0
0.3772	0
0.8539	0
0.7889	0
0.3676	0
0.4214	0
0.3662	0
0.3125	0
0.3052	0
0.4961	0
0.9938	1
0.3806	0
0.978	1
0.5459	0
0.9782	1
0.7033	0
0.4579	0
0.4104	0
0.3991	0
0.725	0
0.394	0
0.3315	0
0.5477	0
0.307	0
0.9974	1
0.3154	0
0.4237	0
0.3087	0
0.9947	0
0.9916	0
0.3426	0
0.4281	0
0.986	1
0.337	0
0.9865	1
0.7997	0
0.4126	0
0.6676	0
0.9664	0
0.9908	1
0.9211	1
0.4068	0
0.3811	0
0.9933	1
0.9309	1
0.9847	1
0.665	0
0.9912	1
0.3174	0
0.5292	1
0.8472	0
0.3495	0
0.6544	0
0.4292	0
0.8743	1
0.9798	1
0.7127	0
0.3012	0
0.6162	1
0.9431	1
0.3155	0
0.9971	1
0.6473	0
0.3675	0
0.9664	1
0.9302	1
0.6386	0
0.3197	0
0.9875	1
0.5714	0
0.826	0
0.9759	0
0.5187	0
0.319	0
0.6825	0
0.3503	0
0.5622	0
0.3842	0
0.9565	1
0.9936	1
0.3448	0
0.9679	0
0.8097	0
0.9168	1
0.7959	1
0.3213	0
0.7194	0
0.6087	0
0.5156	0
0.9894	1
0.9686	0
0.9267	0
0.9853	1
0.343	0
0.7839	0
0.9861	1
0.9311	0
0.9387	0
0.9956	1
0.3008	0
0.7006	0
0.6221	0
0.3215	0
0.8379	0
0.3269	1
0.5442	0
0.9862	1
0.9997	1
0.3125	0
0.6928	0
0.8698	1
0.9754	1
0.4544	0
0.4795	0
0.685	0
0.998	1
0.9715	1
0.9629	1
0.9785	1
0.5384	0
0.3502	0
0.8153	0
0.9203	0
0.3959	0
0.3576	0
0.9746	0
0.9793	1
0.9879	1
0.3383	0
0.9888	1
0.8939	0
0.9972	1
0.4961	0
0.972	1
0.976	1
0.961	0
0.4889	0
0.8755	0
0.8401	0
0.9813	0
0.5534	0
0.4023	0
0.8697	0
0.9841	1
0.5707	0
0.9629	0
0.9199	0
0.9021	1
0.8992	0
0.8485	0
0.9602	1
0.9948	1
0.9719	1
0.3188	0
0.3059	0
0.5148	0
0.4569	0
0.6411	0
0.3038	0
0.7802	0
0.7626	0
0.3212	0
0.9636	0
0.5163	0
0.9182	0
0.5226	0
0.9948	1
0.7789	0
0.7549	1
0.6529	0
0.9706	1
0.9752	1
0.5195	0
0.3717	0
0.9763	1
0.3735	0
0.3717	0
0.8698	0
0.4586	0
0.8678	0
0.4387	0
0.9712	0
0.964	0
0.9792	1
0.96	1
0.822	1
0.9855	1
0.7616	0
0.8112	0
0.3248	0
0.5216	0
0.9747	1
0.9352	0
0.973	0
0.3692	0
0.3401	0
0.7901	1
0.4507	0
0.4185	0
0.996	1
0.3016	0
0.9989	1
0.9739	1
0.876	0
0.9956	1
0.4696	0
0.6902	1
0.3082	0
0.9991	1
0.3962	0
0.4744	0
0.9854	1
0.3696	0
0.7341	0
0.9573	1
0.3528	0
0.9821	0
0.8519	0
0.4118	0
0.9843	0
0.4441	0
0.8006	0
0.5134	0
0.6127	1
0.3969	0
0.3319	0
0.7347	0
0.9643	0
0.6538	0
0.3247	0
0.3003	0
0.9729	0
0.3634	0
0.4306	0
0.3488	0
0.9971	1
0.3844	1
0.3189	0
0.895	1
0.9905	1
0.9738	1
0.668	0
0.9963	0
0.3205	0
0.5852	0
0.6307	0
0.3093	0
0.9935	1
0.9917	1
0.9917	1
0.3593	0
0.8208	0
0.3196	0
0.5826	0
0.469	0
0.8417	0
0.312	0
0.4541	0
0.9116	1
0.7704	0
0.4594	0
0.467	0
0.3502	0
0.6591	0
0.304	0
0.9415	1
0.3623	0
0.7089	0
0.6535	0
0.9966	1
0.6693	0
0.405	0
0.3368	0
0.9004	0
0.4451	0
0.9456	1
0.505	0
0.5996	0
0.9246	1
0.3547	0
0.9826	1
0.4024	0
0.6112	0
0.9443	1
0.391	0
0.4186	0
0.4602	1
0.9979	1
0.6137	0
0.8967	1
0.4287	0
1.0	0
0.4189	0
0.3748	0
0.5925	0
0.9999	1
0.9535	0
0.8436	0
0.3875	0
0.5274	0
0.9537	0
0.6888	0
0.9986	1
0.3548	0
0.8828	1
0.4042	0
0.8182	0
0.6811	0
0.3039	0
0.3783	0
0.8876	0
0.6054	0
0.6818	0
0.4919	0
0.4054	0
0.996	1
0.6023	0
0.3688	0
0.4265	0
0.9809	0
0.7561	0
0.3195	0
0.941	0
0.6756	0
0.3854	0
0.7988	0
0.3587	0
0.7629	0
1.0	0
0.6	0
0.9319	0
0.3741	0
0.9475	1
0.9463	1
0.4808	0
0.5128	1
0.3833	0
0.4304	0
0.4091	0
0.3295	0
0.3791	0
0.3294	0
0.9916	1
0.8143	0
0.3978	0
0.3017	0
0.4809	0
0.9085	0
0.9489	0
0.8306	0
0.3725	0
0.411	0
0.6463	0
0.6933	0
0.3025	0
0.4965	0
0.9378	1
0.587	0
0.9339	0
0.5857	0
0.3774	0
0.5612	0
0.3576	0
0.9948	1
0.3541	0
0.8575	0
0.8896	0
0.7704	1
0.4028	0
0.7635	0
0.3019	0
0.6762	0
0.9741	1
0.9517	0
0.9706	0
0.3461	0
0.9812	1
0.9903	0
0.9938	1
0.6007	0
0.5464	0
0.9964	1
0.9033	1
0.4343	1
0.4556	0
0.9867	0
0.9981	0
0.8601	0
0.516	0
0.4971	0
0.5707	0
0.6584	0
0.9869	1
0.9924	1
0.4407	0
0.9997	1
0.9592	1
0.9641	1
0.4125	0
0.337	0
0.4343	0
0.9896	1
0.6713	0
0.3529	0
0.9421	0
0.6849	0
0.3458	0
0.9973	1
0.4043	1
0.7049	0
0.8521	0
0.9505	1
0.921	1
0.3987	0
0.4835	0
0.8467	0
0.9392	0
0.3765	0
0.5186	0
0.3556	0
0.4337	0
0.334	0
0.4602	0
0.6108	0
0.8481	0
0.987	1
0.3666	0
0.4803	0
0.3265	0
0.631	0
0.3203	0
0.45	0
0.7004	0
0.7552	0
0.8632	1
0.9718	1
0.9933	1
0.9865	1
0.7231	1
0.9917	1
0.312	0
0.8094	0
0.9415	0
0.4208	0
0.9958	1
0.9751	0
0.3405	0
0.9989	1
0.5872	0
0.7915	0
0.3219	0
0.9978	1
0.488	0
0.7346	0
0.3196	0
0.3797	0
0.9746	1
0.9615	0
0.3035	0
0.7244	0
0.6553	0
0.4533	0
0.5876	0
0.9353	1
0.8874	1
0.9934	1
0.611	0
0.3864	0
0.6718	0
0.3352	0
0.7147	0
0.9944	1
0.9956	1
0.5803	0
0.5862	0
0.5909	0
0.6076	0
0.6014	0
0.4411	0
0.6668	0
0.4233	0
0.9909	1
0.5366	0
0.3656	0
0.9968	1
0.3414	0
0.8947	0
0.9109	0
0.9875	0
0.4875	0
0.6108	0
0.588	0
0.9919	1
0.9446	1
0.3666	0
0.4002	0
0.391	0
0.3633	0
0.3248	0
0.3408	0
0.8294	1
0.4933	0
0.792	0
0.5494	0
0.8865	1
0.9288	1
0.3047	0
0.3126	0
0.8934	0
0.3953	0
0.5311	0
0.5305	0
0.3352	0
0.949	0
0.8975	0
0.9499	0
0.9977	1
0.3459	0
0.3047	0
0.3385	0
0.4842	0
0.5416	1
0.9935	1
0.6953	0
0.9951	1
0.3217	0
0.321	0
0.3487	0
0.4463	0
0.3171	0
0.366	0
0.4416	0
0.3883	0
0.4144	0
0.9986	1
0.9625	1
0.5643	0
0.4014	0
0.7916	0
0.8985	0
0.5902	0
0.3345	0
0.3729	0
0.3992	0
0.8436	0
0.4496	0
0.3165	0
0.4948	0
1.0	1
0.3675	0
0.9652	1
0.5989	0
0.8594	0
0.3818	0
0.9423	1
0.9643	1
0.4121	0
0.6074	1
0.8028	0
0.9124	0
0.7496	0
0.8692	0
0.8998	0
0.3322	0
0.9877	1
0.9051	0
0.588	0
0.6999	1
0.9759	1
0.3609	0
0.3327	0
0.6482	0
0.3111	0
0.503	0
0.9958	1
0.5229	0
0.9936	1
0.4235	0
0.4601	0
0.4121	1
0.7138	0
0.8877	0
0.5532	0
0.9941	1
0.3082	0
0.5817	0
0.4778	0
0.9422	0
0.9768	1
0.892	0
0.9657	1
0.302	0
0.3063	0
0.9978	1
0.9294	1
0.8558	0
0.9082	0
0.9974	1
0.9927	1
0.4851	0
0.9755	0
0.8792	0
0.3487	0
0.9682	0
0.4537	0
0.8785	1
0.3312	0
0.8464	1
0.823	0
0.9633	0
0.9625	0
0.8964	0
0.7132	0
0.9191	0
0.4862	0
0.9915	1
0.706	0
0.4538	0
0.663	0
0.3989	0
0.8578	0
0.9633	0
0.3718	0
0.8646	0
0.758	1
0.3979	0
0.377	0
0.369	0
0.9819	1
0.6735	0
0.4025	0
0.8333	1
0.3266	0
0.9627	1
0.6432	0
0.9774	1
0.9762	0
0.396	0
0.3245	0
0.753	0
0.6562	0
0.3647	0
0.8731	0
0.3342	0
0.9471	1
0.316	0
0.4415	0
0.481	0
0.4093	0
0.5606	0
0.5608	0
0.6626	0
0.4118	0
0.9071	0
0.3267	0
0.9781	1
0.3014	0
0.3375	0
0.9538	1
0.3089	0
0.7394	0
0.8113	0
0.6995	0
0.4638	0
0.9804	0
0.3017	0
0.8369	0
0.5969	0
0.9147	0
0.9963	1
0.8406	0
0.3449	0
0.4725	0
0.5073	0
0.5851	0
0.6991	0
0.5019	0
0.9995	0
0.8767	0
0.9866	1
0.4874	0
0.5206	0
0.9831	1
0.4928	0
0.996	1
0.9218	1
0.6112	0
0.3939	0
0.5609	0
0.8999	0
0.6926	0
0.7463	0
0.393	0
0.9844	1
0.9138	0
0.8781	0
0.6018	0
0.9543	1
0.9979	1
0.4914	0
0.9957	1
0.9517	1
0.9131	0
0.4188	0
0.899	0
0.3427	0
0.3586	0
0.4321	0
0.3247	0
0.5332	0
0.399	0
0.9858	1
0.9308	0
0.9902	1
0.6283	0
0.43	0
0.9741	1
0.4096	0
0.8396	0
0.9742	0
0.9034	0
0.715	0
0.9656	0
0.9703	0
0.3036	0
0.8728	0
0.4811	0
0.5508	0
0.8943	0
0.6851	0
0.5473	0
0.4169	0
0.9262	1
0.981	1
0.3806	0
0.3836	0
0.9492	0
0.9305	0
0.5501	0
0.9999	1
0.9684	0
0.4715	0
0.3107	0
0.4166	0
0.9571	1
0.3439	0
0.953	1
0.959	0
0.5202	1
0.8498	0
0.788	0
0.9847	1
1.0	0
0.9632	0
0.3706	0
0.5273	0
0.5633	0
0.6312	0
0.9979	1
0.9484	0
0.98	1
0.3545	0
0.5443	0
0.8448	0
0.4123	0
0.3069	0
0.3105	0
0.994	1
0.4736	0
0.3009	0
0.7322	1
0.6428	1
0.8902	1
0.3479	0
0.9463	1
0.7853	0
0.6681	0
0.414	0
0.5971	0
0.9579	0
0.9996	1
0.8384	0
0.5282	0
0.6407	0
0.9859	1
0.5282	0
0.3801	0
0.9699	1
0.6238	0
0.6703	0
0.4237	0
0.4495	0
0.3759	0
0.3066	0
0.8747	0
0.7852	1
0.3478	0
0.6603	0
0.9767	0
0.6077	0
0.9966	1
0.5189	0
0.3443	0
0.883	0
0.4393	0
0.3086	0
0.9104	0
0.6414	0
0.9986	1
0.9709	0
0.9825	0
0.6365	0
0.7971	0
0.994	1
0.4646	0
0.6149	0
0.9965	0
0.3339	0
0.6875	0
0.9483	1
0.9646	1
0.6891	0
0.9947	1
0.9046	1
0.8537	0
0.8086	0
0.5491	0
0.9543	1
0.3995	0
0.8003	0
0.9818	1
0.3187	0
0.5483	0
0.4046	1
0.6342	1
0.9879	1
0.9506	0
0.9802	1
0.7992	0
0.7621	1
0.5624	0
0.995	1
0.3951	0
0.9397	1
0.9981	1
0.3738	0
0.5944	0
0.7653	0
0.9968	1
0.7466	0
0.5849	0
0.4564	0
0.4273	0
0.9498	0
0.8839	0
0.5616	0
0.4546	0
0.4508	0
0.3507	0
0.8564	0
0.3322	0
0.639	0
0.3219	0
0.4468	0
0.3451	0
0.4536	0
0.3058	0
0.3168	0
0.9821	1
0.3172	0
0.9971	1
0.9998	1
0.7802	0
0.7465	0
0.4407	0
0.3208	0
0.9946	1
0.7431	0
0.9829	1
0.6888	0
0.369	0
0.9359	0
0.7929	1
0.9648	1
0.9911	1
0.9452	0
0.9459	1
0.9739	1
0.464	0
0.8268	0
0.8313	0
0.8028	0
0.5282	0
0.7114	0
0.3233	0
0.8918	0
0.5488	0
0.3821	0
0.4109	0
0.3374	0
0.9379	0
0.9292	0
0.4994	0
1.0	1
0.9996	1
0.9473	0
0.9858	0
0.6535	0
0.953	1
0.9531	0
0.3751	0
0.633	0
0.321	0
0.6365	0
0.5377	0
0.3363	0
0.498	0
0.5383	0
0.6303	0
0.648	0
0.9991	0
0.4378	1
0.3869	0
0.476	0
0.3867	0
0.9014	0
0.576	0
0.3282	0
0.9746	1
0.4073	0
0.414	0
0.4254	0
0.7406	0
0.9996	1
0.5737	0
0.3635	0
0.9479	0
0.767	0
0.7782	0
0.9554	0
0.9788	1
0.5155	0
0.4314	0
0.9951	1
0.9935	1
0.6161	0
0.9438	1
0.9004	1
0.5247	0
0.3584	0
0.4042	0
0.997	1
0.9625	0
0.9874	0
0.4162	0
0.3603	0
0.9694	1
0.4575	0
0.3775	0
0.9	0
0.8893	0
0.3077	0
0.9714	0
0.5459	0
0.704	0
0.3431	0
0.9932	1
0.952	0
0.9979	1
0.365	0
0.4364	0
0.9816	0
0.4569	0
0.4234	0
0.4314	0
0.4938	0
0.3375	0
0.3984	0
0.8295	0
0.3461	0
0.8394	0
0.9605	0
0.6938	0
0.5875	0
0.4684	0
0.3067	0
0.4199	0
0.6973	0
0.526	0
0.7736	0
0.8355	0
0.5664	0
0.4177	0
0.3396	0
0.5616	0
0.3706	0
0.8545	1
0.5812	0
0.6661	0
0.9955	0
0.9998	1
0.9398	0
0.5386	0
0.5312	0
0.3533	0
0.5079	0
0.9908	0
0.8658	0
0.7727	0
0.6793	0
0.3261	0
0.4077	0
0.3292	0
0.9977	1
0.8534	0
0.974	0
0.5504	0
0.7757	0
0.6661	0
0.8006	0
0.3313	0
0.4601	0
0.7937	1
0.9947	1
0.755	1
0.9156	1
0.3327	0
0.8251	0
0.873	1
0.5501	0
0.7336	0
0.6264	0
0.3216	0
0.9948	1
0.9334	1
0.9762	1
0.6609	0
0.764	1
0.334	0
0.472	0
0.4566	0
0.3172	0
0.377	0
0.7332	0
0.3349	0
0.3785	0
0.3622	0
0.9294	0
0.3015	0
0.3957	0
0.6441	0
0.8866	0
0.5037	0
0.3823	0
0.568	0
0.4661	0
0.5698	0
0.8008	0
0.3191	0
0.995	1
0.922	0
0.8898	1
0.9052	0
0.9906	1
0.3176	0
0.8999	1
0.3777	0
0.9426	0
0.9918	1
0.6181	0
0.96	1
0.8282	0
0.3242	0
0.5831	1
0.3565	0
0.3707	0
0.8179	0
0.3958	0
0.3196	0
0.3471	0
0.4325	0
0.9667	1
0.4006	0
0.4633	0
0.9816	0
0.8317	0
0.3536	0
0.9336	1
0.4556	0
0.4517	0
0.5583	0
0.6181	0
0.4079	0
0.3281	0
0.9518	1
0.6561	0
0.3433	0
0.5424	0
0.3482	0
0.3758	0
0.8468	0
0.8074	0
0.8854	0
0.5346	0
0.3689	0
0.9931	1
0.4799	0
0.4766	0
0.5531	0
0.5065	0
0.9963	1
0.8254	0
0.9832	0
0.3214	0
0.5788	0
0.3253	0
0.9093	0
0.9836	1
0.9611	0
0.921	0
0.3624	0
0.9981	1
0.9864	0
0.3143	0
0.3204	0
0.3872	0
0.9819	1
0.9532	0
0.3402	0
0.3221	0
0.3382	0
0.3048	1
0.676	0
0.9466	1
0.3689	0
0.4555	0
0.5136	0
0.509	0
0.6545	0
0.3336	0
0.443	0
0.4611	0
0.4248	0
0.8847	0
0.9979	1
0.4272	0
0.9801	1
0.9931	1
0.9884	1
0.9817	1
0.9925	1
0.9979	1
0.9573	0
0.3715	0
0.331	0
0.9879	0
0.956	1
0.4759	0
0.9983	1
0.3222	0
0.4364	0
0.4839	0
0.3886	0
0.4702	0
0.5024	0
0.4655	0
0.977	0
0.6392	0
0.9999	1
0.7331	0
0.7498	0
0.9513	1
0.7484	0
0.4823	0
0.5574	0
0.6348	0
0.6899	0
0.9973	1
0.9385	0
0.6123	0
0.3238	0
0.9857	1
0.4903	1
0.3624	0
0.3669	0
1.0	0
0.6827	0
0.8345	0
0.9437	0
0.6509	0
0.3954	0
0.4287	0
0.3688	0
0.8957	1
0.6629	0
0.8366	0
0.9002	0
1.0	0
0.9951	1
0.8674	0
0.6823	0
0.5138	0
0.9311	0
0.3351	0
0.9419	0
0.3418	0
0.9861	1
0.9998	1
0.3095	0
0.5268	0
0.3934	0
0.5524	0
0.9252	0
0.7838	0
0.9476	0
0.4815	0
0.9096	0
0.7764	0
0.992	1
0.9997	1
0.9628	1
0.3606	0
0.3136	0
0.9005	0
0.9651	0
0.9887	1
0.6169	0
0.5514	0
0.9414	0
0.697	0
0.863	0
0.4781	0
0.5958	0
0.3078	0
0.9981	0
0.9843	0
0.324	0
0.8357	0
0.8086	0
1.0	1
0.4004	0
0.3306	0
0.9897	1
0.9503	0
0.9746	0
0.311	0
0.4026	0
0.5918	0
0.523	0
0.5617	0
0.7894	0
0.4683	0
0.6654	0
0.3907	0
0.9923	1
0.6337	0
0.7222	0
0.5093	0
0.9649	1
0.5346	0
0.9774	1
0.4111	0
0.6133	0
0.5633	0
0.5221	0
0.7717	0
0.3677	0
0.9678	1
0.6692	0
0.9902	1
0.331	0
0.824	0
0.8697	1
0.9466	1
0.8485	0
0.5877	0
0.4475	0
0.9804	1
0.419	0
0.9442	0
0.369	0
0.9478	0
0.3057	0
0.4981	0
0.4655	0
0.9476	0
0.6029	0
0.3614	0
0.3208	0
0.3307	0
0.3105	0
0.3557	0
0.3194	0
0.6274	0
0.4452	0
0.3231	0
0.9892	0
0.9641	1
0.9041	0
0.4104	0
0.964	0
0.3569	0
0.878	0
0.9389	0
0.8969	0
0.343	0
0.4094	0
0.9351	1
0.4197	0
0.4701	0
0.8957	0
0.5133	0
0.9345	1
0.9159	0
0.4312	0
0.9541	1
0.53	0
0.4366	0
0.4362	0
0.9982	1
0.302	0
0.3682	0
0.3079	0
0.7241	0
0.4489	0
0.3735	0
0.4452	0
0.4496	0
0.971	0
0.6816	0
0.8938	0
0.9344	1
0.321	0
0.5314	0
0.4411	0
0.4523	0
0.9297	0
0.9524	0
0.4938	0
0.9932	1
0.6368	0
0.4929	0
0.7763	0
0.9532	1
0.374	0
0.8412	1
0.393	0
0.7753	1
0.9694	0
0.3239	0
0.527	0
0.4087	0
0.9232	1
0.9435	1
0.3143	0
0.4096	0
0.979	1
0.3499	0
0.3575	0
0.7379	0
0.9631	0
0.5888	0
0.9316	1
0.4148	0
0.9874	1
0.993	1
0.9883	1
0.3107	0
0.9867	1
0.3349	0
0.9401	0
0.5189	0
0.9915	1
0.9752	0
0.9829	1
0.3447	0
0.4138	0
0.8517	0
0.9925	1
0.4951	0
0.3744	0
0.6481	0
0.4014	0
0.9909	0
0.3553	0
0.381	0
0.5517	0
0.3205	0
0.3375	0
0.8689	0
0.3231	0
0.9522	1
0.5686	0
0.9376	0
0.9249	0
0.9641	0
0.3403	0
0.4183	0
0.4716	0
0.3313	0
0.3913	0
0.372	0
0.9737	1
0.9881	1
0.9292	0
0.4551	0
0.7264	0
0.3086	0
0.5402	0
0.6437	0
0.9821	1
0.3423	0
0.5608	0
0.7887	0
0.8673	0
0.7838	0
0.6966	0
0.9888	1
0.4105	0
0.8223	0
0.5336	0
0.3583	0
0.5671	0
0.9666	1
0.8637	0
0.7037	0
0.3932	0
0.673	0
0.9921	1
0.305	0
0.9999	0
0.9874	1
0.99	1
0.8921	0
0.7133	0
0.9157	0
0.4183	0
0.3628	0
0.6864	0
0.567	0
0.7152	1
0.4611	0
0.9983	1
0.5342	0
0.3107	0
0.6444	0
0.3869	0
0.8345	0
0.4309	0
0.5381	0
0.9163	1
0.6574	0
0.9085	0
0.8807	1
0.3956	0
0.4041	0
0.6077	0
0.9907	1
0.3199	0
0.3407	0
0.9978	1
0.8948	0
0.4658	0
0.8367	1
0.7189	0
0.303	0
0.3347	0
0.9006	1
0.8165	0
1.0	1
0.987	0
0.6432	0
0.6688	0
0.4295	0
0.9464	0
0.5688	0
0.6319	0
0.3482	0
0.9965	1
0.4327	0
0.4681	0
0.4265	0
0.6042	0
0.3315	0
0.9434	0
0.3217	0
0.4725	0
0.908	0
0.3534	0
0.5535	0
0.8826	0
0.3893	0
0.995	0
0.5277	0
0.6373	0
0.9937	1
0.9668	0
0.315	0
0.9998	0
0.5224	0
0.9524	1
0.338	0
0.3181	0
0.3651	0
0.3337	0
0.7913	1
0.4144	0
0.4364	0
0.3524	0
0.9954	1
0.4261	0
0.5591	0
0.3766	0
0.3287	0
0.9097	0
0.4332	0
0.612	0
0.7125	0
0.998	1
0.3357	0
0.9866	1
0.3936	0
0.9896	1
0.8779	0
0.9635	0
0.4194	0
0.3862	0
0.6206	0
0.365	0
0.8692	0
0.5795	0
0.9942	1
0.393	0
0.8937	1
0.5822	0
0.9787	0
0.337	0
0.4214	0
0.537	0
0.7735	0
0.9625	1
0.5987	0
0.423	0
0.9818	0
0.3349	0
0.7304	0
0.309	0
0.6377	0
0.6705	0
0.4958	0
0.9792	1
0.9485	0
0.3136	0
0.4715	0
0.5478	0
0.3858	0
0.8006	0
0.9948	1
0.9348	0
0.9587	0
0.963	0
0.7927	0
0.3582	0
0.4426	0
0.3838	1
0.9956	1
0.9172	0
0.9242	0
0.3184	0
0.997	1
0.9717	0
0.9949	0
0.3249	0
0.5071	0
0.3902	0
0.6812	0
0.6948	1
0.5117	0
0.3917	0
0.4045	0
0.5269	0
0.342	0
0.3318	0
0.9522	0
0.3049	0
0.4818	0
0.4524	0
0.8336	0
0.4766	0
0.7944	0
0.8969	0
0.9219	0
0.3304	0
0.9705	1
0.98	1
0.9027	1
0.4684	0
0.5781	0
0.9572	0
0.9238	1
0.3088	0
0.4855	0
0.3562	0
0.4699	0
0.49	0
0.9411	0
0.3582	0
0.9228	1
0.3927	0
0.3614	0
0.4604	0
0.7396	0
0.925	1
0.7357	1
0.8048	0
0.3262	0
0.473	0
0.4792	0
0.6374	0
0.9428	0
0.8203	0
0.3321	0
0.3114	0
0.346	0
0.7632	0
0.9736	1
0.8626	0
0.939	0
0.9903	1
0.8046	0
0.6146	0
0.8131	0
0.924	0
0.9795	1
0.6075	0
0.9995	1
0.5268	0
0.4836	0
0.8272	0
0.3376	0
0.9777	1
0.9857	1
0.466	0
0.3822	0
0.9675	0
0.553	0
0.8973	0
0.4569	0
0.3761	0
0.9502	1
0.6076	0
0.4645	0
0.3193	0
0.8618	0
0.9064	0
0.4404	0
0.7298	0
0.981	0
0.3649	0
0.8889	0
0.5591	0
0.4025	0
0.3198	0
0.998	1
0.9471	0
0.5135	0
0.3924	0
0.3144	0
0.9645	1
0.7201	0
0.9965	1
0.6589	0
0.4189	0
0.9913	1
0.8895	0
0.3116	0
0.3787	0
0.8428	0
0.8882	0
0.8205	0
0.7653	0
0.8438	0
0.9704	1
0.5817	0
0.9962	1
0.4182	0
0.4297	0
0.5672	0
0.3442	0
0.6889	0
0.4017	0
0.9968	1
0.9818	1
0.8504	0
0.66	0
0.963	1
0.4159	0
0.5187	0
0.47	0
0.5144	0
0.9717	1
0.6347	0
0.9936	1
0.3062	1
0.4796	0
0.35	0
0.3131	0
0.5536	0
0.9528	1
0.9687	0
0.9336	0
0.3975	0
0.3352	0
0.9422	1
0.3869	0
0.5256	0
0.9846	1
0.7936	0
0.7418	1
0.6191	0
0.9318	1
0.9077	0
0.6343	0
0.781	0
0.7299	0
0.9222	1
0.48	0
0.7795	0
0.6093	0
0.3683	0
0.9035	0
0.333	0
0.4663	0
0.9608	0
0.9868	1
0.9847	0
0.4419	0
0.9015	1
0.7864	0
0.464	0
0.9092	0
0.3742	0
0.9948	1
0.8742	1
0.9225	1
0.9842	0
0.3216	0
0.4354	0
0.9906	1
0.3511	0
0.9976	1
0.9971	1
0.4613	0
0.3918	0
0.3211	0
0.3492	0
0.4769	0
0.3103	0
0.4479	0
0.3651	0
0.5437	0
0.9998	0
0.3022	0
0.989	0
0.8912	1
0.8856	1
0.4277	0
0.9472	0
0.9393	1
0.4836	0
0.967	0
0.8545	0
0.9427	0
0.9995	1
0.6126	0
0.8033	0
0.7242	0
0.366	0
0.457	0
0.9812	0
0.9595	1
0.3061	0
0.7331	0
0.867	0
0.956	0
0.4516	0
0.777	0
0.5152	0
0.4264	0
0.8638	0
0.3376	0
0.9727	0
0.8722	1
0.4328	0
0.6559	0
0.6115	0
0.823	0
0.6984	1
0.992	1
0.527	0
0.5696	0
0.5359	0
0.9996	1
0.9883	0
0.8836	0
0.7824	0
0.9029	0
0.9602	1
0.3126	0
0.4035	0
0.9726	1
0.9943	1
0.8604	0
0.9884	1
0.6982	0
0.5943	0
0.6249	0
0.66	0
0.9362	0
0.3816	0
0.9909	1
0.9757	1
0.3076	0
0.5311	0
0.9893	1
0.9182	0
0.4732	1
0.5112	0
0.9598	1
0.9752	0
0.4206	0
0.9946	1
0.7059	0
0.3891	0
0.3938	0
0.4201	0
0.9619	1
0.4964	0
0.4702	0
0.9645	0
0.5194	0
0.9803	1
0.4638	0
0.9299	0
0.5697	0
0.3653	0
0.6975	0
0.3411	0
0.3117	0
0.7735	0
0.4065	0
0.9916	0
0.999	1
0.9593	1
0.9012	0
0.5913	0
0.3114	0
0.4492	0
0.3781	1
0.7199	0
0.9203	0
0.977	1
0.4675	0
0.8333	0
0.8196	0
0.8361	0
0.4234	0
0.6272	0
0.4994	0
0.5275	0
0.9986	1
0.9888	1
0.4584	0
0.3935	0
0.855	0
0.7761	0
0.4071	0
0.9574	1
0.6164	0
0.9516	0
0.7233	0
0.5053	1
0.6501	0
0.7946	0
0.4242	0
0.8817	0
0.9837	0
0.9939	1
0.5107	0
0.3001	0
0.5063	0
0.307	0
0.3325	0
0.5564	0
0.4497	0
0.301	0
0.3038	0
0.8392	0
0.4931	0
0.9989	1
0.9218	1
0.9684	1
0.4995	0
0.9793	0
0.9448	1
0.8375	1
0.9565	1
0.9995	1
0.8259	1
0.5267	0
0.4359	0
0.5862	0
0.8478	1
0.9936	1
0.3759	0
0.3759	0
0.5023	0
0.8511	0
0.3876	0
0.4707	0
0.9347	0
0.3226	0
0.6549	0
0.7825	0
0.8986	0
0.8324	0
0.3066	0
0.3075	0
0.8623	1
0.5922	0
0.6012	0
0.9655	0
0.3063	0
0.3167	0
0.6788	0
0.8938	0
0.9535	0
0.6672	0
0.3314	0
0.9545	1
0.8417	1
0.3812	0
0.4493	0
0.3343	0
0.8012	0
0.9548	1
0.9403	1
0.994	1
0.9928	1
0.9401	1
0.6819	1
0.9922	0
0.4476	0
0.4746	0
0.3369	0
0.5413	0
0.6859	0
0.8231	0
0.9539	1
0.6078	0
0.4385	0
0.3338	0
0.8188	1
0.9894	1
0.3002	0
0.3567	0
0.3333	0
0.5965	0
0.332	0
0.4702	0
0.9925	0
0.4126	0
0.9446	0
0.9362	0
0.5504	0
0.5662	0
0.8187	0
0.6291	0
0.6254	0
0.6674	0
0.3348	0
0.4351	0
0.9756	1
0.9764	1
0.9534	1
0.9985	1
0.9957	1
0.9686	1
0.328	0
0.5993	0
0.4698	0
0.6162	0
0.3469	0
0.7584	1
0.3895	0
0.3721	0
0.952	1
0.9004	1
0.984	1
0.3748	0
0.5011	0
0.3486	0
0.4795	0
0.5072	0
0.3888	0
0.5645	0
0.9358	0
0.7557	0
0.5128	0
0.8786	0
0.3105	0
0.7692	0
0.3233	0
0.9519	1
0.4909	0
0.3422	0
0.6019	0
0.9444	0
0.3472	0
0.5519	0
0.4901	0
0.4503	0
0.3309	0
0.9852	0
0.8921	1
0.9714	0
0.4423	0
0.3433	0
0.879	1
0.7903	0
0.8076	0
0.8852	0
0.3759	0
0.5803	0
0.5176	0
0.3455	0
0.7957	0
0.9998	1
0.7319	1
0.933	1
0.9849	0
0.4598	0
0.3308	0
0.9155	0
0.9914	1
0.3795	0
0.9767	1
0.9743	0
0.3566	0
0.3081	0
0.9967	1
0.3483	0
0.8708	0
0.9685	0
0.9167	0
0.9466	1
0.3989	0
0.3056	0
0.3803	0
0.5532	0
0.4876	0
0.9978	0
0.9	0
0.4858	1
0.3886	0
0.3863	0
0.5444	0
0.9609	0
0.9754	1
0.8373	1
0.3328	0
0.7435	0
0.921	0
0.89	1
0.9981	1
0.9561	0
0.3173	0
0.4428	0
0.4139	0
0.4012	0
0.4301	0
0.3977	0
0.9848	1
0.5667	0
0.9869	0
0.9911	0
0.9889	1
0.4528	0
0.9482	0
0.7694	0
0.9876	0
0.7102	0
0.4469	0
0.9976	1
0.4016	0
0.3831	0
0.3419	0
0.4024	0
0.7232	0
0.9963	1
0.5882	0
0.5884	0
0.8789	1
0.9861	1
0.431	0
0.4137	0
0.5916	0
0.3541	0
0.4804	0
0.9603	0
0.7857	0
0.3116	0
0.5868	0
0.8424	0
0.5096	0
0.3432	0
0.9545	0
0.8454	1
0.5477	0
0.5399	0
0.4628	0
0.3229	0
0.3774	0
0.4376	0
0.4269	0
0.4605	0
0.9957	0
0.3714	0
0.9815	1
0.9278	0
0.9969	1
0.9679	1
0.4656	0
0.4971	0
0.3481	0
0.9587	1
0.9902	1
0.6709	0
0.4289	0
0.3618	1
0.5657	0
0.5806	0
0.3576	0
0.9553	0
0.4099	0
0.9934	1
0.8398	0
0.9268	0
0.5037	0
0.4749	0
0.3674	0
0.3382	0
0.4422	0
0.3784	0
0.3669	0
0.9974	1
0.7863	1
0.9712	0
0.9771	0
0.9539	0
0.6862	0
0.7423	0
0.3013	0
0.8256	0
0.9766	1
0.9261	0
0.3193	0
0.8368	1
0.3676	0
0.433	0
0.7589	0
0.709	0
0.7722	0
0.8762	0
0.9968	1
0.3325	0
0.7091	0
0.9666	0
0.4583	0
0.3532	0
0.6011	0
0.9961	1
0.5757	0
0.978	1
0.3841	0
0.9773	1
0.3581	0
0.4293	0
0.9988	1
0.7992	0
0.9995	1
0.367	0
0.3634	0
0.9965	1
0.8094	0
0.3033	1
0.8604	0
0.991	1
0.3454	0
0.8745	0
0.3493	0
0.9537	0
0.7848	0
0.7352	0
0.9939	1
0.837	0
0.9823	1
0.3149	0
0.3031	0
0.4889	0
0.4138	0
0.967	1
0.9512	0
0.3211	0
0.9978	1
0	1
0	1
0	1
0	1
0	1
0	1
0	1
0	1
0	1
0	1
0	1
0	1
0	1
0	1
0	1
0	1
0	1
0	1
0	1
0	1
0	1
0	1
0	1
0	1
0	1
0	1
0	1
0	1
0	1
0	1
0	1
0	1
0	1
0	1
0	1
0	1
0	1
0	1
0	1
0	1
0	1
0	1
0	1
0	1
0	1
0	1
0	1
0	1
0	1
0	1
0	1
0	1
0	1
0	1
0	1
0	1
0	1
0	1
0	1
0	1
0	1
0	1
0	1
0	1
0	1
0	1
0	1
0	1
0	1
0	1
0	1
0	1
0	1
0	1
0	1
0	1
0	1
0	1
0	1
