2.3239e-12	0
6.26257e-09	0
3.00157e-08	0
1.1781e-11	0
8.44568e-09	0
3.02559e-10	0
3.07172e-06	0
1.94961e-15	0
1.96679e-07	0
2.58715e-07	0
1.34269e-07	0
2.29456e-08	0
1.43406e-07	0
1.42261e-06	1
1.5286e-09	0
6.14409e-06	0
2.74891e-11	0
6.63759e-10	0
7.21807e-07	0
1.92369e-08	0
2.37922e-08	0
0.00468068	0
2.52617e-05	0
2.36659e-08	0
3.66121e-08	0
1.87892e-12	0
6.20956e-08	0
3.31269e-08	0
1.57934e-08	0
1.47792e-09	0
1.221e-06	0
2.27978e-09	0
4.62222e-06	0
3.04242e-10	0
4.73138e-10	0
4.8124e-09	0
1.31108e-08	0
5.82285e-08	0
1.78116e-15	0
2.45255e-07	0
8.44325e-11	0
1.95583e-06	0
3.49834e-06	0
8.78943e-07	0
4.46397e-13	0
1.06867e-10	0
1.36132e-07	0
1.93578e-10	0
9.45835e-07	0
4.24105e-10	0
4.90051e-09	0
7.54231e-07	0
0.000281298	0
6.55747e-07	0
4.88979e-11	0
2.73081e-07	0
4.06002e-06	0
8.69475e-08	0
2.59831e-11	0
1.36489e-05	0
3.02376e-08	0
9.71791e-06	0
5.32179e-09	0
5.35991e-06	0
3.95202e-08	0
1.21818e-05	0
2.04717e-08	0
5.0269e-07	0
7.5475e-08	0
4.02364e-12	0
1.23941e-06	0
3.07657e-09	0
2.58316e-07	0
2.12476e-09	0
3.51665e-07	0
9.33961e-08	0
1.13978e-05	0
3.0184e-05	0
1.62997e-06	0
1.87689e-09	0
2.14858e-07	0
1.16593e-07	0
7.89724e-05	0
2.57047e-09	0
1.01053e-09	0
2.09966e-08	0
7.88301e-09	0
7.36906e-06	0
9.18187e-08	0
2.3902e-10	0
1.33035e-09	0
1.7592e-09	0
1.08766e-13	0
2.41174e-10	0
3.43789e-08	1
5.72129e-07	0
3.16002e-07	0
4.60192e-05	0
2.18839e-10	0
1.63751e-07	0
1.2126e-05	0
1.33886e-05	0
4.61017e-06	0
4.34165e-06	0
0.00757254	0
1.57166e-11	0
1.45485e-09	0
5.44016e-09	0
2.38065e-07	0
8.21259e-09	0
3.05822e-06	0
7.08287e-09	0
6.65011e-07	0
3.17612e-09	0
4.93399e-08	0
1.84038e-07	0
6.27432e-08	0
3.98669e-09	0
3.89242e-08	0
9.48723e-14	0
1.31494e-10	0
8.44977e-08	0
1.14403e-06	0
1.01569e-08	0
2.26764e-08	0
4.5857e-09	0
1.56146e-08	0
3.37867e-11	0
1.72544e-09	0
3.15989e-09	0
2.0365e-09	0
8.94979e-07	0
2.04832e-08	0
1.01629e-07	0
1.63035e-06	0
1.09077e-09	0
7.02685e-06	0
4.91371e-06	0
3.88511e-06	0
6.74405e-08	0
1.01033e-07	0
1.08249e-05	0
7.14907e-07	0
1.83419e-08	0
0.00102147	0
1.01586e-05	0
0.000187466	0
1.90126e-07	0
1.01015e-07	0
8.23089e-10	0
3.30267e-05	0
6.08946e-09	0
2.48291e-08	0
1.49371e-09	0
1.14591e-07	0
4.82749e-09	0
2.016e-06	0
5.81244e-07	0
1.45187e-06	0
3.52531e-07	0
0.000483325	0
2.19699e-11	0
1.87252e-11	0
2.52849e-09	0
1.97697e-10	0
7.75102e-09	0
5.90535e-11	0
2.96899e-09	0
1.39138e-06	0
3.24634e-07	1
5.46844e-07	0
5.46198e-10	0
8.1352e-07	0
1.28527e-10	0
2.1543e-05	0
7.22412e-07	0
4.32055e-05	0
5.44758e-07	0
4.36111e-05	0
0.000507311	0
1.62792e-05	0
1.10993e-08	0
6.56537e-09	0
8.01933e-07	0
6.48765e-06	0
1.14522e-07	0
7.61431e-12	0
2.56329e-08	0
1.08997e-08	0
2.94597e-07	0
6.52601e-10	0
2.06754e-07	0
2.51714e-09	0
6.76019e-05	0
0.00428792	0
2.54085e-06	0
1.40772e-10	0
2.43145e-07	0
1.65086e-13	0
6.76262e-10	0
3.35543e-08	0
1.69258e-08	0
4.09059e-07	0
1.06434e-06	0
6.99867e-09	0
4.45934e-10	0
1.15465e-06	0
5.44007e-06	0
2.55848e-08	0
2.10746e-09	0
7.49856e-07	0
7.41933e-06	0
2.45569e-07	0
6.85236e-06	0
9.03831e-07	0
7.6224e-12	0
6.09536e-11	0
1.48112e-12	0
8.08516e-08	0
9.779e-06	0
5.58133e-10	0
3.19287e-05	0
3.54776e-06	0
5.85382e-06	0
2.54116e-07	0
1.45584e-17	0
3.4704e-10	0
6.25194e-07	0
3.09667e-09	0
8.35142e-09	0
1.39281e-09	0
8.12553e-06	0
4.83145e-09	0
1.96352e-06	0
1.98388e-08	0
7.43038e-08	0
4.17844e-06	0
4.45433e-09	0
1.74813e-08	0
0.000489357	0
2.55591e-05	0
1.84046e-11	0
1.30651e-06	0
2.1837e-07	0
1.34168e-09	0
2.38805e-07	0
8.82667e-08	0
8.88577e-07	0
1.00552e-07	0
1.23696e-08	0
8.81372e-08	0
2.11378e-07	0
2.40923e-07	0
2.34699e-06	0
9.63282e-08	0
2.06977e-08	0
2.67921e-07	0
4.37196e-08	0
1.47936e-06	0
0.000767383	0
1.89273e-08	0
1.52933e-05	0
3.16649e-09	0
1.69878e-06	0
3.48379e-11	0
8.25472e-06	0
1.67913e-11	0
6.83486e-09	0
8.54727e-08	0
8.76655e-08	0
2.41007e-06	0
3.59584e-09	0
1.78275e-07	0
7.41028e-09	0
2.86025e-10	0
8.22812e-10	0
1.37468e-09	0
2.66401e-05	0
5.1111e-09	0
0.00111644	0
2.44998e-07	0
8.74625e-06	0
3.54107e-11	0
3.40938e-09	0
1.48231e-05	0
1.84654e-07	0
1.50854e-08	0
8.83873e-06	0
1.83146e-09	0
1.986e-10	0
3.30257e-06	0
4.05797e-10	0
8.26392e-10	0
6.79232e-10	0
1.23384e-06	0
1.96275e-06	0
4.24371e-09	0
1.52774e-08	0
0.000111235	0
4.10274e-06	0
1.58681e-08	0
4.70649e-05	0
1.34349e-05	0
3.10273e-08	0
1.52885e-07	0
4.86836e-10	0
1.44608e-06	0
2.74442e-08	0
1.15092e-08	0
1.1329e-05	0
1.13186e-09	1
1.11396e-10	0
3.44548e-08	0
3.10253e-08	0
1.54844e-05	0
1.33997e-05	0
5.12917e-07	0
5.64733e-05	0
1.78114e-08	0
2.07819e-05	0
9.16121e-08	0
1.14905e-06	0
0.000100188	0
9.65402e-06	0
1.1828e-06	0
9.35372e-09	0
7.69732e-11	0
1.23004e-13	0
5.63996e-08	0
7.0177e-09	0
1.9355e-07	0
1.07839e-09	0
1.05108e-05	0
2.06044e-07	0
1.00865e-08	0
2.03648e-08	0
4.9988e-08	0
5.56634e-06	0
3.70282e-10	0
1.97337e-08	0
5.08741e-08	0
1.33192e-07	0
2.83425e-07	0
4.68796e-07	0
1.26627e-12	0
1.3925e-08	0
2.59863e-05	0
0.000458598	0
3.89638e-11	0
2.01245e-07	0
3.74646e-08	0
1.09315e-10	0
4.15715e-09	0
6.13133e-09	0
0.00427387	0
5.22509e-11	0
1.9379e-06	0
9.90637e-09	0
7.37689e-08	0
1.00134e-09	0
2.57667e-06	0
1.47362e-07	0
2.14875e-06	0
6.0176e-08	0
2.17318e-08	0
4.33495e-08	0
5.21033e-09	0
4.22186e-06	0
3.75463e-07	0
3.10725e-06	0
2.76947e-07	0
1.68906e-05	0
1.88514e-06	0
5.76421e-07	0
0.00546043	0
1.37842e-06	0
1.341e-05	0
2.19325e-05	0
9.87951e-07	0
0.0370557	0
0.00251862	0
9.12093e-07	0
1.02067e-08	0
4.82848e-08	0
3.94173e-06	0
6.14143e-07	0
1.06832e-09	0
4.34057e-09	0
2.63744e-10	0
8.18526e-10	0
1.01074e-09	0
9.15928e-06	0
7.31593e-08	0
7.09477e-09	0
5.73593e-08	0
2.94023e-05	0
2.61088e-11	0
6.69799e-05	0
1.25054e-08	0
8.79707e-09	0
0.000107834	0
7.02645e-08	0
3.64257e-07	0
6.27599e-07	0
2.87354e-05	0
6.52227e-07	0
3.69719e-09	0
5.94737e-11	0
5.61403e-09	0
4.17779e-09	0
3.22769e-07	0
3.69684e-06	0
1.44622e-06	0
8.26122e-08	0
0.000655343	0
3.52834e-07	0
0.0155614	0
7.65364e-11	0
1.37056e-09	0
8.09158e-05	0
3.28094e-09	0
1.04978e-10	0
1.08191e-11	0
4.15007e-07	0
1.2507e-08	0
0.00199422	0
3.23706e-05	0
7.33944e-08	0
4.05984e-06	0
9.05457e-11	0
1.55175e-09	0
7.39199e-08	0
1.50656e-08	0
3.82931e-06	0
0.000596176	0
0.000117167	0
1.47263e-06	0
1.62272e-05	0
5.67166e-07	0
3.94878e-11	0
1.94923e-09	0
0.000645932	0
6.0672e-08	0
2.9067e-08	0
1.82152e-06	0
1.87876e-06	0
1.0862e-09	0
1.62649e-08	0
3.6827e-06	0
1.12677e-08	0
0.000243334	0
1.05513e-10	0
3.2577e-07	0
7.38994e-07	0
8.19501e-10	0
1.19378e-06	0
1.42656e-05	0
3.27775e-09	0
5.18806e-09	0
3.11019e-07	0
1.02764e-05	0
0.0001646	0
3.91113e-09	0
1.49445e-08	0
4.29319e-08	0
1.51763e-05	0
1.73701e-06	0
1.19679e-11	0
3.21058e-07	0
6.95133e-10	0
5.76057e-05	0
2.01086e-09	0
2.64386e-11	0
6.3479e-06	0
1.21211e-11	0
3.157e-08	0
1.90171e-09	0
1.12869e-08	0
8.16837e-08	0
3.48554e-08	0
4.45514e-11	0
5.97624e-07	0
1.61935e-08	0
3.11322e-10	0
1.04037e-06	0
5.70523e-05	0
4.21728e-11	0
1.99644e-06	0
4.59637e-08	0
4.33853e-07	0
1.11344e-09	0
1.91074e-06	0
2.74431e-07	0
5.04671e-07	0
2.42447e-09	0
3.59622e-09	0
1.43446e-09	0
2.15375e-07	0
1.37599e-13	0
1.18678e-09	0
4.56255e-09	0
3.07904e-08	0
1.75458e-09	0
9.06383e-08	0
7.90307e-06	0
6.67336e-10	0
3.67826e-10	0
1.42215e-06	0
4.78413e-09	0
9.3542e-07	0
7.54784e-07	0
6.78907e-07	0
2.04345e-10	0
3.64722e-07	0
8.84767e-07	0
4.94258e-07	0
2.35244e-06	0
4.66997e-08	0
3.55393e-06	0
1.29382e-09	0
4.00386e-05	0
3.80323e-08	0
2.24937e-07	0
1.28817e-05	0
2.22173e-07	0
1.78301e-08	0
3.6263e-07	0
7.27926e-08	0
1.72518e-12	0
7.36885e-07	0
6.74272e-09	0
2.82969e-06	0
2.81225e-11	0
1.48091e-05	0
2.24064e-09	0
7.74118e-08	0
1.69251e-07	0
1.96653e-07	0
1.13715e-09	0
5.67717e-09	0
2.25432e-06	0
1.83355e-07	0
2.96794e-08	0
5.97195e-09	0
7.84083e-08	0
8.16565e-09	0
6.22383e-08	0
9.75714e-09	0
3.71468e-08	0
7.44189e-10	0
2.87071e-08	0
6.91604e-08	0
2.25184e-09	0
1.60304e-08	0
1.05712e-06	0
5.66264e-08	0
5.86582e-05	0
1.74963e-07	0
1.62192e-06	0
1.03013e-07	0
1.42696e-05	0
2.60974e-07	0
3.79646e-07	0
5.42357e-08	0
2.50996e-08	0
1.31818e-08	0
1.87256e-07	0
9.25841e-11	0
2.35346e-10	0
8.46432e-08	0
3.90695e-07	0
3.33923e-08	0
8.43395e-10	0
2.93544e-09	0
2.15196e-09	0
6.41581e-09	0
2.32594e-06	0
2.95305e-09	0
9.5574e-10	0
2.08072e-07	0
0.00341155	0
4.55638e-09	0
1.62785e-07	0
4.25883e-07	0
0.0724484	0
3.75573e-09	0
0.00542569	0
9.55767e-09	0
5.28699e-06	0
4.25616e-08	0
0.000182348	0
1.66885e-07	0
1.1186e-08	0
1.8154e-05	0
1.65276e-06	0
3.62598e-08	0
4.55656e-08	0
1.60253e-13	0
8.76088e-10	0
2.23116e-10	0
2.58015e-10	0
2.33354e-09	0
6.67545e-10	0
2.95274e-08	0
7.53104e-07	0
3.5198e-07	1
6.67659e-10	0
1.90066e-06	0
3.10899e-09	0
3.95848e-07	0
3.53344e-06	0
5.9498e-12	0
2.45475e-08	0
4.50945e-09	0
0.000319105	0
0.000662479	0
1.83976e-09	0
9.95106e-08	0
5.70135e-08	0
0.00141007	1
2.77925e-08	0
0.00663681	0
3.15923e-09	0
3.19882e-07	0
2.36944e-07	0
6.09265e-07	0
2.48024e-09	0
2.14025e-09	0
4.94576e-10	0
1.43625e-09	0
2.4511e-08	0
1.68129e-12	0
3.61526e-08	0
2.38977e-06	0
0.00017098	0
1.83151e-07	0
0.0036792	0
9.8554e-10	0
2.21409e-11	0
1.4761e-05	0
8.88876e-08	0
3.20089e-09	0
2.59405e-05	0
1.49582e-08	0
1.37774e-08	0
2.21881e-10	0
2.28593e-07	0
6.20246e-07	0
1.46965e-07	0
7.09504e-13	0
3.71562e-05	0
1.9781e-06	0
1.48865e-10	0
1.22209e-07	0
3.61203e-06	0
3.55139e-08	0
3.82811e-09	0
4.59232e-08	0
8.24972e-08	0
4.68432e-07	0
4.74917e-13	0
4.7006e-08	0
7.35435e-09	0
3.38939e-06	0
6.23794e-07	0
9.79307e-07	0
2.42893e-09	0
9.0803e-06	0
2.21365e-07	0
3.61092e-06	0
2.84848e-05	0
4.67952e-10	0
3.13143e-07	0
4.55735e-07	0
5.71843e-09	0
1.33349e-07	0
2.91163e-07	0
2.02633e-08	0
3.27257e-08	0
6.31118e-10	0
2.00291e-07	0
2.1622e-11	0
2.12661e-05	0
0.000142678	0
8.77505e-09	0
7.8265e-10	0
9.29672e-07	0
5.5449e-08	0
3.872e-07	0
2.31582e-08	0
3.59687e-09	0
2.57583e-06	0
2.31941e-10	0
8.31098e-09	0
2.43982e-07	0
9.3459e-10	0
2.92391e-09	0
1.13491e-09	0
2.28435e-09	0
1.36073e-06	0
4.24643e-07	0
8.41089e-10	0
1.25629e-10	0
1.06045e-07	0
0.00395319	0
8.67237e-09	0
1.63033e-07	0
8.61142e-07	0
1.07742e-05	0
4.87079e-06	0
1.24355e-06	0
2.88772e-07	0
1.02511e-08	0
1.0441e-07	0
3.44091e-05	0
1.69893e-08	0
1.16149e-07	0
1.49838e-10	0
1.71709e-07	0
1.41345e-11	0
1.08105e-08	0
8.61075e-06	0
3.20677e-08	0
3.97017e-10	0
2.90932e-06	0
4.89629e-10	0
1.91617e-09	0
1.57131e-10	0
2.73175e-06	0
1.62953e-11	0
1.67198e-08	0
5.40825e-09	0
2.38781e-08	0
0.0020769	0
9.61771e-09	0
1.78885e-08	0
0.000467855	0
5.85406e-08	0
9.55055e-08	0
1.90242e-11	0
3.81478e-10	0
1.23355e-08	0
1.55162e-07	0
8.86894e-09	0
9.87026e-06	0
2.98241e-10	0
1.6828e-09	0
0.000179791	0
9.35458e-06	0
9.01311e-08	0
8.5937e-07	0
3.92887e-11	0
1.4103e-08	0
8.67642e-09	0
1.86952e-06	0
2.71615e-06	0
2.41298e-11	0
6.55673e-10	0
1.854e-12	0
1.19822e-07	0
1.06236e-09	0
1.23103e-07	0
3.63028e-06	0
3.39754e-07	0
1.85901e-05	0
2.49002e-09	0
2.25492e-11	0
1.73206e-05	0
3.58285e-07	0
3.17889e-09	0
1.99674e-08	0
3.32769e-08	0
1.10123e-06	0
1.84504e-06	0
4.21598e-06	0
5.00693e-10	0
7.42764e-07	0
4.59164e-06	0
3.28032e-08	0
1.11951e-14	0
5.4066e-11	0
1.1254e-07	0
2.39828e-07	0
1.69455e-09	1
8.99507e-05	0
1.42613e-05	0
1.58946e-09	0
4.19902e-09	0
2.59821e-06	0
1.19215e-08	0
4.00026e-10	0
9.18821e-10	0
1.2026e-08	0
5.07622e-12	0
2.86513e-09	0
1.43944e-09	0
0.000354032	0
0.00307323	0
3.36699e-08	0
3.08881e-08	0
8.95048e-08	0
3.20545e-09	0
4.34451e-08	0
1.74198e-09	0
1.71693e-05	0
1.16764e-05	0
6.11984e-06	1
2.18652e-06	0
5.59438e-08	0
1.03995e-06	0
9.22843e-09	0
2.57403e-08	0
3.96417e-08	0
6.09532e-07	0
2.15123e-10	0
3.06184e-11	0
8.5284e-09	0
3.35391e-12	0
0.000584712	0
2.69695e-09	0
4.44575e-07	0
4.7409e-07	0
6.24272e-07	0
8.82845e-05	0
2.89512e-09	0
1.11179e-10	0
1.21674e-10	0
1.01425e-07	0
0.00228165	0
1.51469e-08	0
4.23711e-10	0
1.08545e-10	0
3.82031e-10	0
2.07455e-10	0
7.63326e-10	0
8.64864e-11	0
1.18205e-05	0
9.75682e-09	0
1.02283e-10	0
1.02389e-15	0
3.46359e-10	0
1.89436e-08	0
9.66971e-09	0
2.21103e-09	0
3.5217e-10	0
5.20721e-09	0
5.44986e-07	0
6.49967e-07	0
6.11556e-09	0
5.36754e-11	0
1.36356e-10	0
8.56654e-11	0
2.33521e-08	0
2.68386e-10	0
5.05902e-08	0
4.89046e-10	0
4.82539e-10	0
8.85485e-06	0
5.14985e-07	0
9.22275e-06	0
2.85104e-06	0
1.91719e-06	0
1.4299e-06	0
0.000247292	0
0.000738272	0
1.4004e-05	0
2.21154e-09	0
1.51183e-08	0
2.74948e-06	0
1.94666e-08	0
4.09967e-07	0
2.25645e-07	0
1.17964e-10	0
7.36087e-10	0
1.24933e-05	0
2.70583e-08	0
9.16766e-10	0
5.34297e-08	0
5.59355e-09	0
2.28417e-07	0
1.7328e-06	0
3.59363e-10	0
6.05532e-10	0
1.71461e-09	0
2.10335e-09	0
1.47899e-09	0
6.21354e-05	0
4.48242e-06	0
8.95223e-05	0
1.11712e-08	0
2.9348e-10	0
5.82056e-11	0
1.05781e-09	0
6.06378e-09	0
1.70432e-09	0
1.5192e-10	0
1.73145e-09	0
3.46641e-06	0
4.33426e-09	0
2.95167e-07	0
2.44569e-10	0
1.49774e-08	0
5.175e-06	0
2.24077e-08	0
1.2498e-06	0
1.07765e-08	0
2.54805e-07	0
5.50482e-05	0
1.32402e-08	0
3.93385e-06	0
3.68808e-07	0
2.27013e-06	0
1.34879e-06	0
9.21391e-08	0
4.85398e-11	0
3.46768e-07	0
2.83096e-07	0
3.33736e-08	0
6.09713e-10	0
1.05348e-07	0
2.00411e-07	0
8.35304e-10	0
7.96257e-08	0
1.27743e-08	0
2.25383e-06	0
6.40435e-11	0
1.02211e-07	0
1.53561e-06	0
1.11297e-09	0
3.83993e-08	0
1.21357e-07	0
1.26386e-06	0
1.36567e-12	0
3.11162e-09	0
8.50477e-10	0
2.66824e-07	0
5.13885e-12	0
3.40765e-05	0
2.99315e-08	0
1.24321e-08	0
1.56342e-10	0
1.94158e-06	0
1.45804e-07	0
1.6447e-07	0
2.30915e-14	0
2.75134e-08	0
1.14671e-08	0
5.34534e-11	0
1.91622e-07	0
1.91835e-08	0
1.80305e-06	0
2.63735e-08	0
0.00243682	0
5.67922e-06	0
1.57454e-07	0
6.09702e-09	0
1.19224e-10	0
7.85347e-07	0
5.68745e-08	0
2.30182e-06	1
1.39952e-07	0
9.89057e-11	0
4.77097e-08	0
2.18331e-07	0
3.85297e-07	0
4.33038e-05	0
6.36087e-10	0
1.78466e-10	0
4.85239e-08	0
3.55962e-08	0
7.39083e-09	0
1.65325e-09	0
3.24075e-09	0
8.62141e-06	0
2.59666e-08	0
2.02252e-05	0
1.04651e-07	0
0.0014294	1
1.10511e-05	0
8.63995e-06	0
2.0877e-06	0
5.89023e-13	0
5.88671e-07	0
1.14926e-07	0
4.61101e-08	0
1.17593e-05	0
0.000146813	0
3.8102e-06	0
1.75495e-07	0
5.78304e-08	0
1.36261e-08	0
7.60629e-07	0
1.14495e-06	0
6.39574e-08	0
2.1873e-09	0
2.87102e-06	0
4.96294e-05	0
2.68513e-09	0
7.79888e-10	0
1.04875e-09	0
2.8615e-09	0
9.16095e-12	0
4.36924e-07	0
1.26138e-11	0
1.05528e-10	0
8.75612e-09	0
9.23552e-10	0
3.76626e-09	0
3.17049e-05	0
1.03736e-07	0
4.15254e-10	0
6.1708e-05	0
3.76176e-06	0
7.75818e-07	0
7.22717e-07	0
1.74691e-08	0
8.76433e-08	0
0.000821562	0
5.5206e-07	0
3.70941e-07	0
1.19955e-09	0
9.78976e-10	0
1.56345e-05	0
3.55224e-07	0
4.48509e-08	0
1.74467e-05	0
4.68456e-05	0
1.4552e-09	0
1.28311e-07	0
1.24841e-09	0
5.78155e-09	0
2.36419e-07	0
3.17432e-09	0
2.70521e-06	0
1.39935e-05	0
1.32787e-07	0
4.73308e-08	0
3.15798e-06	0
0.000256566	0
1.69965e-09	0
3.35655e-08	0
9.43763e-08	0
1.0357e-08	0
6.50742e-07	0
9.81075e-09	0
2.16e-09	0
2.25659e-08	0
1.95234e-09	0
1.52799e-09	0
1.30068e-06	0
3.47312e-06	0
2.3096e-05	0
3.07431e-09	0
1.25108e-07	0
5.32366e-09	0
1.06732e-05	1
2.7645e-11	0
1.5468e-06	0
2.13357e-07	0
9.12078e-06	0
2.10277e-11	0
8.42223e-12	0
1.31276e-08	0
2.40307e-09	0
1.06277e-12	0
3.49301e-08	0
2.12847e-08	0
1.44977e-08	0
5.52987e-09	0
2.51045e-09	0
3.03308e-10	0
1.48087e-10	0
4.34303e-05	0
5.49322e-05	0
2.15993e-05	0
2.92178e-05	0
6.63858e-08	0
5.29723e-06	0
6.59846e-07	0
6.83253e-08	0
9.36754e-06	0
4.0103e-09	0
7.61308e-11	0
4.66597e-09	0
9.22597e-07	0
3.70605e-06	0
1.5254e-05	0
7.4206e-09	0
2.05738e-09	0
6.81999e-06	0
1.02258e-07	0
3.36036e-08	0
3.45776e-13	0
1.04889e-10	0
4.08935e-09	0
1.66491e-08	0
2.06626e-12	0
7.9437e-09	0
0.000155034	0
2.08921e-08	0
1.82868e-05	0
1.85155e-05	0
6.18802e-11	0
1.11441e-06	0
1.03004e-09	0
1.65504e-05	0
2.86238e-09	0
5.42849e-08	0
1.73893e-07	0
5.44538e-07	0
7.54378e-07	0
2.20082e-07	0
1.15158e-05	0
4.06167e-07	0
1.84986e-10	0
3.08271e-08	0
3.77398e-08	0
1.27659e-08	0
7.67611e-08	0
0.00423697	0
5.6423e-14	0
4.85252e-08	0
2.05115e-11	0
2.30708e-05	0
4.76023e-07	0
5.91075e-08	0
2.4191e-08	0
2.12551e-09	0
1.43684e-09	0
8.01383e-08	0
4.42027e-09	0
2.42022e-08	0
2.11965e-06	0
5.74146e-10	0
9.29609e-05	0
1.41059e-06	0
4.02597e-07	0
2.21958e-06	0
0.00102855	0
3.51731e-09	0
9.98702e-12	0
6.90274e-09	0
5.06862e-10	0
7.57664e-05	0
1.44995e-06	0
0.000103526	0
7.37486e-08	0
0.000233612	0
2.88443e-10	0
1.43757e-09	0
2.28768e-11	0
8.69215e-08	0
2.83772e-09	0
4.10641e-10	0
3.73331e-09	0
7.65642e-06	0
4.18151e-08	0
1.50531e-08	0
3.72592e-08	0
1.20588e-10	0
1.18404e-07	0
2.29324e-06	0
3.05442e-11	0
0.000380824	0
5.28944e-06	0
1.69993e-06	0
2.95899e-07	0
5.81063e-07	0
1.62766e-10	0
2.78656e-08	0
3.14863e-09	0
4.52458e-12	0
9.49993e-07	0
7.13145e-10	0
1.2366e-05	0
1.06743e-06	0
2.30611e-06	0
0.167865	0
5.14718e-09	0
5.66224e-07	0
4.97554e-09	0
1.61107e-06	0
2.60058e-06	0
6.41517e-08	0
9.76321e-08	0
8.71498e-07	0
1.20181e-10	0
4.89213e-06	0
1.41665e-06	0
0.00256055	0
1.46362e-06	0
0.000112259	0
8.01745e-10	0
3.82426e-09	0
2.49611e-07	0
2.68023e-06	0
1.5824e-05	0
1.09892e-08	0
3.44637e-10	0
2.90676e-05	0
5.90328e-09	0
1.33129e-07	0
4.93613e-08	0
1.77178e-09	0
5.94235e-06	0
2.08073e-06	0
2.3081e-06	0
2.27159e-08	0
3.95118e-06	0
2.91924e-10	0
1.35539e-07	0
3.32141e-05	0
9.88144e-08	0
2.66625e-09	0
4.89159e-07	0
3.97555e-05	0
0.000216358	0
2.49813e-06	0
3.88651e-09	0
6.42804e-09	0
3.02475e-08	0
7.8489e-11	0
6.55697e-10	0
4.34289e-10	0
1.08081e-07	0
1.49426e-06	0
3.39122e-10	0
4.185e-08	0
0.000180629	0
2.30205e-09	0
8.71298e-07	0
1.49459e-06	0
0.000134288	0
9.01605e-08	0
2.93409e-07	0
2.2296e-05	0
1.39578e-07	0
1.79095e-05	0
5.88503e-06	0
1.58117e-07	0
6.45859e-10	0
2.76653e-05	0
4.89213e-07	0
3.91215e-05	0
1.0072e-07	0
1.70899e-06	0
1.28629e-08	0
2.9038e-11	0
3.39111e-06	0
3.46569e-05	0
6.31538e-09	0
2.59668e-08	0
1.86799e-06	0
6.4399e-09	0
1.43962e-10	0
8.1004e-08	0
8.79796e-12	0
5.71443e-09	0
1.95218e-07	0
0.000149911	0
5.05767e-08	0
5.98604e-06	0
5.61053e-07	0
3.60001e-07	0
1.34902e-08	0
1.56089e-08	0
3.64155e-09	0
1.3261e-08	0
4.58659e-07	0
3.062e-07	0
3.04984e-07	0
2.14649e-07	0
5.06764e-08	0
2.92364e-06	0
1.29837e-05	0
4.00208e-08	0
8.45593e-09	0
2.06372e-07	0
5.57015e-09	0
3.87272e-09	0
9.4342e-06	0
4.01608e-05	0
9.07838e-07	0
9.986e-11	0
3.44942e-07	0
1.12861e-06	0
2.08685e-06	0
8.28773e-09	0
1.51606e-09	0
1.22984e-07	0
5.03017e-10	0
2.41553e-05	0
1.06409e-08	0
4.72505e-08	0
5.19374e-08	0
2.06907e-12	0
1.99585e-09	0
2.74055e-07	0
1.36659e-09	0
7.48015e-08	0
5.5553e-11	0
5.86859e-09	0
5.20111e-05	0
1.15643e-07	0
1.79775e-06	0
7.71661e-10	0
1.66713e-07	0
3.95231e-08	0
0.000303348	0
1.53361e-07	0
1.68889e-12	0
5.22818e-10	0
6.28102e-09	0
9.76019e-08	0
1.0541e-05	0
1.8901e-09	0
9.24216e-11	0
3.62847e-06	0
1.28118e-06	0
0.00138136	0
1.1451e-08	0
1.4424e-08	0
2.33833e-08	0
1.43262e-09	0
1.19831e-07	0
3.31542e-09	0
2.7604e-10	0
4.12093e-09	0
3.25003e-07	0
1.18723e-09	0
2.36191e-05	0
1.53614e-06	0
1.6198e-07	0
0.000135544	0
1.29055e-06	0
2.93964e-06	0
3.62512e-07	0
1.18408e-06	0
3.23562e-11	0
2.3584e-08	0
3.11108e-06	0
1.172e-09	0
3.90045e-10	0
1.81227e-08	0
2.8411e-07	0
1.07822e-09	0
2.55997e-06	0
2.81703e-08	0
1.60264e-13	0
2.65561e-07	0
6.3786e-07	0
1.27622e-05	0
2.77825e-07	0
2.31228e-09	0
3.65483e-06	0
4.38947e-10	0
2.73989e-08	0
8.53692e-11	0
8.9026e-06	1
4.47095e-06	0
1.7698e-09	0
1.79741e-06	0
8.54695e-07	0
1.3541e-09	0
7.1528e-06	0
7.52301e-08	0
2.64442e-10	0
9.74016e-13	0
0.00182366	0
8.60854e-09	0
8.08904e-09	0
3.5998e-09	0
5.5463e-10	0
8.89158e-06	0
1.02655e-10	0
3.35862e-10	0
2.22717e-09	0
1.2122e-08	0
1.97501e-06	0
4.36619e-10	0
1.90831e-05	0
1.74664e-07	0
0.00379252	0
7.80992e-06	0
1.50357e-06	0
4.68896e-06	0
3.20254e-06	0
1.00987e-08	0
9.15454e-12	0
8.72142e-09	0
2.80332e-07	0
8.6415e-05	0
1.45557e-07	0
7.18934e-05	0
1.79825e-09	0
6.09132e-10	0
4.0987e-08	0
2.75705e-05	0
8.67442e-09	0
0.000619099	0
3.19562e-08	0
1.91406e-07	0
5.69368e-08	0
2.5878e-08	0
2.11741e-07	0
1.15692e-10	0
1.50951e-05	0
8.67666e-08	0
3.03412e-08	0
4.87862e-08	0
2.04947e-09	0
3.06804e-08	0
7.49431e-08	0
5.39029e-06	0
0.00167675	0
4.85039e-09	0
0.000159104	0
9.63974e-10	0
2.05157e-11	0
6.16715e-08	0
5.70012e-07	0
1.23835e-05	0
3.65377e-07	0
1.35222e-09	0
1.37438e-08	0
1.73523e-07	0
8.64664e-08	0
1.08482e-09	0
1.93369e-06	0
1.324e-07	0
1.71655e-06	0
1.17428e-09	0
1.67006e-07	0
4.7455e-06	0
4.11882e-11	0
5.50675e-09	0
1.0013e-09	0
6.83988e-06	1
2.17598e-07	0
9.52023e-07	0
1.19223e-06	0
2.1898e-08	0
4.05677e-05	0
1.98448e-06	0
3.54725e-09	0
0.00189144	0
3.61894e-07	0
3.19513e-08	0
1.145e-05	0
1.67112e-10	0
1.19864e-06	0
1.1298e-05	0
5.10217e-10	0
4.40842e-09	0
3.2806e-06	0
2.36372e-07	0
1.84366e-09	0
2.15497e-11	0
8.228e-10	0
1.25733e-08	0
0.000124292	0
2.07058e-08	0
4.42572e-10	0
0.000111408	0
3.61576e-08	0
0.000261917	0
1.24691e-07	0
1.41707e-06	0
1.80713e-05	0
5.29429e-09	0
9.0876e-08	0
0.00073255	0
2.70052e-08	0
1.07282e-05	0
1.01263e-06	0
5.46701e-08	0
3.4031e-07	0
1.78589e-09	0
1.532e-09	0
6.39681e-07	0
8.73106e-08	0
4.0819e-07	0
1.011e-07	0
0.000205409	0
5.17742e-06	0
2.45179e-07	0
2.60869e-07	0
7.00572e-07	0
2.29232e-10	0
0.000276938	0
2.4253e-10	0
1.24111e-05	0
1.21914e-07	0
1.29428e-07	0
0.000911432	0
1.87115e-10	0
3.36286e-08	0
3.85767e-08	0
5.21521e-07	0
1.25145e-05	0
2.0786e-10	0
6.55642e-08	0
0.00239489	0
3.22235e-10	0
3.02236e-11	0
2.04243e-06	0
7.10683e-09	0
1.46777e-08	0
0.000146381	0
1.92582e-07	0
1.99267e-05	0
1.50843e-10	0
2.14506e-10	0
4.76503e-06	0
4.32732e-08	1
1.19556e-07	0
1.98142e-05	0
1.03297e-08	0
1.33187e-05	0
9.91549e-14	0
1.23782e-06	0
1.95902e-06	0
0.00257517	0
2.66278e-09	0
1.59268e-06	0
2.18804e-06	0
6.01918e-11	0
9.81793e-06	0
1.11412e-08	0
3.24218e-08	0
2.00772e-08	0
9.50178e-10	0
2.22978e-05	0
2.25919e-09	0
0.000901642	0
1.37265e-06	0
5.19431e-09	0
9.75409e-09	0
1.3431e-07	0
0.000270291	0
1.26327e-06	0
9.13356e-08	0
7.97897e-06	0
6.52394e-06	0
4.38132e-05	0
3.32199e-07	0
1.33991e-08	0
1.42805e-08	0
3.34056e-07	0
1.69881e-09	0
0.000145049	0
4.61583e-06	0
1.28269e-08	0
5.38761e-09	0
9.67792e-08	0
4.13369e-10	0
5.6857e-09	0
9.96805e-06	0
4.88238e-05	0
3.27184e-08	0
5.81465e-07	0
9.30781e-09	0
7.15166e-12	0
3.2957e-12	0
2.75334e-07	0
1.12325e-09	0
8.19099e-06	0
1.54645e-07	0
5.10993e-07	0
1.52558e-10	0
1.03877e-08	0
1.1561e-13	0
4.64168e-09	0
6.72513e-09	0
2.47161e-08	0
4.90971e-09	0
8.40566e-10	0
9.83478e-10	0
3.93619e-08	0
6.36628e-08	0
1.88469e-08	0
2.88515e-16	0
6.14676e-08	0
1.08415e-07	0
4.48316e-06	0
6.99248e-11	0
7.01122e-07	0
4.28159e-10	0
0.000142149	0
0.00029726	0
3.18806e-06	0
4.44318e-08	0
6.29613e-09	0
3.0004e-07	0
1.55995e-08	0
0.000141346	0
0.00037351	0
1.26435e-09	0
6.25149e-09	0
8.08508e-05	0
1.59037e-08	0
3.47726e-08	0
1.98625e-07	0
1.23068e-07	0
8.4244e-10	0
2.25172e-09	0
2.5133e-08	0
1.45888e-10	0
0.000182617	0
2.54354e-07	0
2.57514e-08	0
2.90375e-10	0
4.69067e-09	0
5.05502e-05	0
1.57463e-08	0
5.48491e-08	0
2.0427e-08	0
2.03073e-08	0
1.57908e-07	0
2.22092e-11	0
4.51189e-06	0
2.22432e-07	0
1.46784e-06	0
3.75004e-08	0
1.16558e-06	0
7.417e-07	0
6.32346e-05	0
9.91392e-06	0
1.91975e-07	0
3.69195e-05	0
1.48912e-10	0
2.65187e-05	0
0.014713	0
1.44147e-08	0
1.05224e-06	0
4.99261e-08	0
1.80194e-08	0
7.43094e-05	0
1.70256e-06	0
2.19379e-08	0
0.000681706	0
5.7407e-09	0
2.20292e-08	0
7.57531e-09	0
4.75829e-11	0
0.000128904	0
9.67373e-09	0
1.22962e-06	0
7.61129e-07	0
3.27449e-06	0
2.59217e-08	0
5.36506e-06	0
2.82085e-05	0
2.17056e-08	0
1.46415e-06	0
5.41893e-09	0
0.006769	0
2.03472e-07	0
3.22056e-09	0
0.000264831	0
1.66241e-13	0
1.86671e-06	0
4.15569e-09	0
3.08069e-07	0
4.461e-07	0
1.62902e-08	0
7.27879e-07	0
1.51409e-09	0
1.66569e-09	0
1.0158e-06	0
0.000124744	0
5.4646e-10	0
1.66448e-08	0
1.39189e-09	0
1.65486e-10	0
0.000210942	0
4.56412e-10	0
8.9707e-06	0
8.5675e-08	0
2.36545e-08	0
2.60549e-08	0
2.96802e-08	0
1.41304e-09	0
1.94314e-05	0
4.13366e-08	0
8.38193e-10	0
3.58462e-07	0
3.59645e-07	0
2.76712e-09	0
6.80599e-07	0
3.75369e-07	0
2.66545e-05	0
4.86526e-05	0
4.91789e-05	0
5.98184e-08	0
5.10078e-09	0
5.91679e-13	0
6.61148e-07	0
8.10019e-08	0
0.000194469	0
9.33027e-10	0
7.79559e-06	0
3.50146e-09	0
0.000267171	0
8.50032e-07	0
4.04231e-06	0
2.04291e-07	0
0.000123638	0
2.68543e-09	0
4.92151e-10	0
2.37312e-07	0
0.000390639	0
1.95621e-07	0
5.53112e-08	0
8.1341e-13	0
1.43965e-07	0
2.3142e-08	0
0.000291083	0
2.43213e-11	0
8.29898e-11	0
5.89192e-08	0
6.85883e-08	0
6.5343e-07	0
0.00625786	0
3.24947e-09	0
4.15542e-07	0
4.99486e-07	0
1.51809e-05	0
2.70522e-11	0
1.48439e-10	0
2.35777e-10	0
1.77971e-05	0
3.64039e-05	0
3.33547e-07	0
4.0784e-07	0
0.000179986	0
7.94044e-09	0
2.57187e-07	0
1.1331e-08	0
3.48238e-08	0
1.94411e-07	0
8.65103e-08	0
1.76293e-15	0
1.38607e-10	0
8.45566e-11	0
1.39657e-06	0
9.06173e-10	0
6.08419e-10	0
9.21326e-08	0
2.13177e-08	0
3.62211e-07	0
2.38445e-09	0
8.63716e-08	0
1.30624e-08	0
6.29368e-09	0
2.65547e-07	0
1.22019e-11	0
1.86628e-11	0
2.07162e-08	0
5.08189e-08	0
2.80054e-13	0
0.000141086	0
2.9396e-09	0
1.26288e-11	0
6.60651e-08	0
1.29243e-06	0
4.05639e-06	0
1.35627e-08	0
3.59153e-09	0
0.000449638	0
3.81403e-09	0
2.68733e-13	0
2.38201e-11	0
1.02777e-05	0
6.53899e-07	0
3.80411e-07	1
4.87532e-09	0
1.97416e-09	0
1.15607e-06	0
8.51031e-07	0
1.02217e-08	0
3.01535e-06	0
5.62614e-08	0
3.9459e-06	0
4.66482e-10	0
2.09589e-05	0
8.21849e-10	0
1.8816e-09	0
2.12211e-11	0
1.90889e-05	0
2.628e-11	0
8.01084e-06	0
0.000174254	1
1.40131e-11	0
1.68401e-07	0
4.13885e-08	0
2.90252e-07	0
1.97673e-17	0
1.12033e-06	0
2.57567e-07	0
4.8042e-09	0
3.44859e-07	0
1.37437e-08	0
3.62908e-08	0
1.72056e-08	0
2.37067e-06	0
1.53389e-12	0
1.77932e-10	0
1.15264e-08	0
1.9248e-08	0
5.82199e-08	0
1.13904e-08	0
2.84825e-06	0
8.82839e-07	0
1.30725e-08	0
1.2691e-07	0
9.50385e-07	0
0.000105176	0
1.15461e-09	0
8.51331e-06	0
1.76122e-10	0
4.17053e-09	0
2.12479e-11	0
1.18469e-09	0
1.70388e-07	0
1.24255e-11	0
1.81595e-08	0
9.35595e-07	0
0.00123617	0
1.4611e-06	0
4.7273e-07	0
0.120966	0
1.49721e-09	0
3.28908e-06	0
2.35388e-10	0
1.95424e-08	0
9.67228e-07	0
6.75766e-08	0
1.03982e-07	0
4.02451e-08	0
3.90205e-08	0
1.06595e-06	0
2.77341e-12	0
4.84527e-09	0
1.25374e-07	0
4.34688e-05	0
2.75125e-11	0
3.04286e-07	0
5.32237e-12	0
8.42781e-05	0
4.98795e-07	0
4.17218e-06	0
2.14001e-08	0
1.398e-06	0
9.97005e-10	0
4.86039e-07	0
2.52032e-06	0
3.16882e-05	0
1.64295e-10	0
0.000363398	0
3.43243e-11	0
1.11308e-05	0
6.17733e-08	0
2.30809e-05	0
6.22603e-08	0
4.79162e-07	0
4.23804e-08	0
1.0116e-08	0
4.09395e-08	0
0.202773	0
6.01259e-10	0
8.39122e-12	0
1.12413e-07	0
6.17356e-10	0
1.27608e-07	0
1.36463e-08	0
2.47364e-08	0
8.15591e-08	0
0.000367521	0
1.10257e-09	0
5.29367e-05	0
8.66557e-09	0
7.25832e-12	0
1.5812e-07	0
1.08428e-07	0
1.00377e-06	0
6.08957e-09	0
1.99814e-07	0
3.23239e-05	0
4.13115e-07	0
1.05952e-07	0
9.47847e-07	0
1.59304e-07	0
1.28906e-08	0
1.92802e-09	0
2.5073e-08	0
0.000136109	0
1.08942e-09	0
1.04716e-06	0
1.93514e-09	0
1.13038e-05	0
5.80255e-09	0
1.28598e-07	0
9.08944e-11	0
1.16235e-06	0
9.37516e-08	0
2.91974e-06	0
1.15216e-09	0
3.7711e-07	0
5.62754e-07	0
5.35115e-08	0
7.67856e-08	0
2.20011e-08	0
2.73393e-11	0
0.000257465	0
2.88381e-08	0
1.21057e-10	0
5.76686e-09	0
1.14441e-08	0
2.85893e-05	0
8.97869e-09	0
8.398e-10	0
1.93831e-07	0
1.39031e-09	0
9.55977e-06	0
2.99738e-07	0
2.43759e-09	0
1.69144e-09	0
3.53291e-07	0
3.23321e-08	0
6.27653e-10	0
3.61589e-06	0
1.05723e-06	0
0.000701705	0
2.18067e-11	0
7.65715e-10	0
1.76078e-05	0
1.68847e-07	0
2.37154e-07	0
4.50294e-05	0
1.87057e-09	0
1.01999e-08	0
9.90833e-09	0
9.02836e-06	0
4.94285e-05	0
8.78904e-08	0
1.17675e-05	0
5.39081e-06	0
4.50204e-08	0
1.32257e-09	0
6.13037e-06	0
6.77128e-07	1
1.65338e-09	0
3.10039e-07	0
1.38989e-08	0
2.54635e-07	0
4.72801e-10	0
5.4636e-07	0
0.000757948	0
3.12825e-11	0
3.09318e-09	0
2.22901e-09	0
2.53405e-09	0
0.000588855	0
6.61848e-15	0
1.42638e-06	0
0.000183001	0
3.14435e-07	0
5.40722e-07	0
1.26543e-08	0
0.00109926	0
8.6432e-06	0
6.46718e-07	0
1.98559e-08	0
2.26874e-05	0
5.17004e-09	0
1.81256e-07	0
1.07742e-08	0
3.28863e-09	0
2.95263e-06	0
2.06149e-08	0
5.13959e-07	0
3.96685e-08	0
4.62952e-06	0
3.2903e-05	0
1.86268e-08	0
9.3425e-07	0
4.97271e-06	0
1.14849e-09	0
4.05947e-06	0
6.3295e-11	0
2.02083e-06	0
6.10477e-07	0
1.44023e-08	0
2.98309e-08	0
3.93694e-08	0
8.98325e-06	0
8.09067e-08	0
1.48265e-07	0
1.95281e-08	0
7.73997e-07	0
3.69162e-08	0
5.46763e-08	0
3.60609e-06	0
0.000254809	1
8.83845e-05	0
3.55752e-09	0
1.05661e-08	0
4.5183e-09	0
0.00028574	0
2.1898e-10	0
8.21891e-09	0
1.52915e-07	0
1.82769e-07	0
0	1
