1.8422	0
4.9594	0
1.7133	0
1.1857	0
6.2686	1
1.0371	0
4.209	0
0.5106	0
3.3221	0
1.6659	0
1.4393	0
1.705	0
5.5874	0
16.6589	0
1.0767	0
5.1208	0
1.1031	0
1.2582	0
4.5821	0
3.9485	0
1.0351	0
2.7212	0
7.3872	0
1.0062	0
11.9191	0
15.2602	0
1.452	0
3.8414	0
3.6869	0
2.9193	0
3.2591	0
1.7832	0
7.6795	0
0.9797	0
0.8108	0
0.8377	0
1.9287	0
0.3977	0
3.2353	0
1.0617	0
1.1689	0
1.0961	0
0.5068	0
2.3322	0
1.707	0
7.2772	0
2.4674	0
6.9452	0
3.8137	0
1.2806	0
3.0126	0
6.8882	0
0.8628	0
4.9173	0
1.7499	0
0.5871	0
4.2813	0
1.8448	0
8.2642	0
1.5905	0
0.741	0
10.692	0
18.3067	0
4.3283	0
0.5557	0
5.1959	0
8.3726	0
3.9239	0
2.838	0
0.9494	0
0.8525	0
2.8495	0
1.7744	0
1.7744	0
4.8794	0
4.1159	0
0.5145	0
1.614	0
1.4228	0
0.4783	0
1.2557	0
0.9507	0
1.5966	0
11.3612	0
3.8541	0
1.2057	0
2.6542	0
6.8677	0
0.67	0
0.5827	0
7.3235	0
3.7665	0
7.0031	1
9.8006	0
1.1489	0
2.8528	0
0.9353	0
0.724	0
1.9557	0
14.9834	0
1.363	0
0.565	0
10.2955	0
1.4034	0
3.5707	0
3.5242	0
2.0759	0
1.2358	0
0.6905	0
1.417	0
1.1219	0
4.5646	0
8.9813	0
9.3585	0
1.1873	0
1.7317	0
1.5054	0
2.4804	0
1.5919	0
2.1902	0
3.5738	0
7.9161	0
1.8405	0
16.5783	0
1.0678	0
0.1226	0
3.002	0
5.9334	0
1.3306	0
9.0129	0
2.5876	0
2.1996	0
2.6513	0
3.0482	0
0.4394	0
1.5055	0
0.8371	0
4.1747	0
2.4847	0
1.0746	0
0.8602	0
3.8529	0
2.0779	0
2.6932	0
1.2083	0
1.0428	0
8.9085	0
0.4662	0
4.5022	0
3.056	0
2.2757	0
6.3491	0
1.3551	0
4.074	0
3.3952	0
2.3262	0
2.0428	0
0.6808	0
0.4288	0
0.7462	0
1.5143	0
2.9227	0
3.6477	0
25.8527	0
1.8136	0
5.4607	1
1.7251	0
2.4703	0
1.2334	1
2.9927	0
1.2778	0
3.665	0
3.9886	0
4.8367	0
2.6126	0
0.7774	0
1.1688	0
1.7904	0
2.3059	0
8.0099	0
1.1161	0
1.2393	0
2.496	0
3.0772	0
27.4486	0
2.0614	0
3.3166	0
1.7542	0
2.2821	0
1.814	0
1.5932	0
2.0135	0
3.3487	0
2.7451	0
7.7155	0
0.8576	0
1.4245	0
3.2849	0
3.4536	0
9.3043	0
6.7728	0
2.1031	0
6.2166	1
2.1876	0
2.3883	0
1.2029	0
2.8775	0
2.7829	0
1.0985	0
0.7115	0
2.5876	0
0.6782	0
1.9612	0
0.4524	0
0.9033	0
7.8124	0
0.9803	0
1.4361	0
3.5216	0
6.8732	0
15.6819	0
5.5746	0
0.3389	0
5.9575	0
0.5548	0
3.4579	0
0.6317	0
0.914	0
3.4234	0
2.4136	0
0.8562	0
3.2748	0
0.7908	0
1.3206	0
7.6921	0
8.5065	0
0.983	0
10.9491	0
0.6913	0
1.8666	0
10.0666	0
0.8842	0
7.9142	0
1.3019	0
3.1911	0
4.1749	0
5.1077	0
3.2463	0
4.7737	0
4.5379	0
2.3798	0
3.2891	0
0.2955	0
12.0883	0
3.8183	0
2.3478	0
6.5308	0
0.3713	0
13.8643	0
0.7209	0
0.7785	0
9.8742	0
1.5638	0
10.6711	0
1.198	0
6.0035	0
2.2926	0
0.9248	0
2.0649	0
1.2365	0
4.6094	0
13.186	0
1.4558	0
1.869	0
8.6429	0
2.2703	0
1.0011	0
1.1107	0
0.8113	0
2.1643	0
1.3777	0
1.4026	0
0.3774	0
2.1725	0
2.35	0
0.6558	0
1.2588	0
4.3215	0
2.4913	0
1.532	0
18.1933	0
3.4835	0
0.4322	0
0.4239	0
8.9164	0
12.608	0
8.7623	0
4.8229	0
1.0991	0
7.4605	0
0.585	0
6.6345	0
0.9062	0
0.3228	0
2.604	0
11.1475	0
1.2062	0
2.2904	0
1.2316	0
1.0929	0
0.874	0
0.942	0
9.6001	0
2.6076	0
1.2068	0
1.7758	0
1.1424	0
2.0906	0
0.4638	0
0.7063	0
2.5627	0
3.0386	0
0.9303	0
2.8791	0
1.5652	0
5.6946	0
3.4188	0
7.5292	0
1.2594	0
8.7489	0
1.6314	0
6.7617	0
0.5905	0
7.4995	0
0.592	0
8.1438	0
8.5845	0
7.7922	0
1.1981	0
0.7011	0
2.6782	0
1.0656	0
2.5562	0
0.7139	0
5.8821	0
2.7196	0
2.0432	0
1.0253	0
1.5681	0
15.23	1
2.0042	0
3.3273	0
2.1109	0
10.3073	0
12.017	0
1.5144	0
3.8724	0
1.5108	0
3.0196	0
18.2263	0
5.861	0
5.7481	0
4.1695	0
3.4369	0
2.3599	0
0.9346	0
0.9301	0
3.4519	0
0.793	0
1.7319	0
1.8974	0
8.5256	0
0.2844	0
1.3198	0
1.1805	0
1.273	0
4.1467	0
2.536	0
6.7421	0
5.6061	0
1.9689	0
1.1193	0
1.4721	0
1.8848	0
2.4257	0
3.0797	0
12.4402	0
2.6234	0
1.062	0
1.2003	0
4.9008	0
2.624	0
4.6714	0
1.1181	0
12.0659	0
10.1652	0
0.9135	0
2.0458	0
0.6069	0
4.2263	0
0.7279	0
8.5873	0
2.223	0
2.7684	0
2.7634	0
0.532	0
1.8031	0
2.9675	0
5.9365	0
9.8475	0
2.0466	0
1.2588	0
2.6689	0
3.6453	0
11.6417	0
1.1415	0
14.1728	0
0.8394	0
3.0895	0
0.6643	0
5.1728	0
2.5867	0
1.0389	0
1.8845	0
0.5842	0
6.7332	0
6.9058	0
13.3317	0
7.0066	0
3.0426	0
8.0639	0
1.6469	0
1.6957	0
1.1544	0
4.6992	0
1.1651	0
1.4116	0
10.3041	0
1.2495	0
0.9181	0
1.2612	0
15.502	0
11.3776	0
5.454	0
1.8849	0
2.3931	0
1.736	0
2.2989	0
1.0991	0
3.1776	0
3.4473	0
1.181	0
10.3705	0
11.0198	0
8.4837	0
0.3641	0
1.8379	0
7.9193	0
1.8932	0
3.0619	0
2.8404	0
1.373	0
0.9505	0
0.6606	0
16.1627	0
1.3359	0
1.1255	0
2.7809	0
3.4222	1
7.4913	0
0.8634	0
5.5445	0
1.3148	0
1.0641	0
3.6325	0
1.2316	0
0.649	0
11.0649	0
2.8228	0
1.6501	0
0.4601	0
5.2427	0
0.441	0
1.882	0
1.1084	0
1.0162	0
2.8664	0
1.4448	0
2.6652	0
7.0598	0
3.1834	0
0.3873	0
9.0162	1
2.7029	0
0.1841	0
0	1
0	1
0	1
0	1
0	1
0	1
0	1
0	1
0	1
0	1
0	1
