2.84348e-06	0
8.4321e-05	0
2.6496e-09	0
0.00109565	1
0.000724467	0
8.56077e-07	0
2.97121e-10	0
2.11459e-05	0
2.19714e-07	0
0.0448063	0
1.58423e-08	0
8.29069e-08	0
1.61012e-06	0
5.21302e-09	0
3.13094e-09	0
7.02049e-09	0
3.81049e-07	0
3.11916e-08	0
6.97863e-05	0
5.56688e-07	0
1.87455e-06	0
1.10526e-07	0
1.17796e-09	0
7.87159e-09	0
0.000351595	0
6.07229e-10	0
3.40874e-11	0
1.34911e-09	0
3.71571e-05	0
8.2656e-08	0
8.70518e-05	0
1.23291e-09	0
1.11076e-08	0
8.74738e-06	0
3.03253e-06	0
8.25179e-07	0
7.322e-11	0
3.4388e-06	0
1.39433e-06	0
1.79002e-11	0
8.92635e-07	0
2.94795e-06	0
2.38485e-08	0
6.92181e-08	0
5.60888e-05	0
0.000113344	0
8.75926e-10	0
2.33224e-08	0
8.77328e-06	0
2.74041e-05	0
5.99131e-08	0
1.60968e-06	0
4.18918e-10	0
8.46996e-05	0
2.52202e-05	0
1.72362e-09	0
5.13786e-08	0
3.09175e-07	0
5.45931e-06	0
5.05565e-06	0
1.67864e-11	0
1.67319e-09	0
0.000646997	0
1.22021e-07	0
3.21302e-09	0
1.88359e-05	0
3.74303e-07	0
0.00293631	0
0.000103827	0
4.37108e-09	0
0.00148659	0
2.9578e-09	0
2.70585e-05	0
2.82222e-08	0
1.64573e-06	0
3.45699e-08	0
9.36805e-11	0
1.20264e-07	0
0.00580061	0
3.78725e-09	0
3.97924e-05	0
5.56507e-08	0
1.15534e-08	0
4.20102e-08	0
0.000112602	0
7.37272e-08	0
0.000464777	0
6.13789e-08	0
9.0788e-08	0
0.187911	0
5.46623e-08	0
2.0158e-08	0
4.39818e-06	0
1.31233e-11	0
1.62013e-11	0
4.11248e-09	0
2.23075e-08	0
1.00285e-05	0
1.40608e-07	0
7.96783e-08	0
3.55279e-06	0
2.68434e-08	0
4.09119e-16	0
9.40272e-07	0
7.06309e-08	0
3.62434e-09	0
1.37941e-07	0
8.27906e-07	0
5.46147e-09	0
0.000400394	0
5.68773e-06	0
3.6004e-11	0
7.85109e-10	0
4.15451e-11	0
5.25596e-07	0
1.17882e-10	0
6.11984e-10	0
2.88235e-08	0
1.23281e-09	0
3.17385e-08	0
6.36483e-05	0
1.93774e-06	0
9.57903e-08	0
1.31731e-06	0
9.68891e-08	0
1.29882e-06	0
1.7221e-08	0
2.04053e-06	0
0.00203902	0
6.94905e-05	0
9.22558e-07	0
1.81164e-05	0
9.35236e-10	0
4.85919e-06	0
7.82947e-07	0
3.55314e-06	0
4.69199e-07	0
1.10639e-06	0
6.36993e-09	0
1.70918e-09	0
0.000533677	0
1.676e-08	0
3.07278e-05	0
9.38996e-06	0
4.80378e-07	0
5.78278e-09	0
6.48055e-09	0
0.000233049	0
3.57224e-06	0
8.86847e-08	0
6.64402e-08	0
1.64319e-05	0
1.64016e-09	0
8.90656e-06	0
1.46921e-06	0
4.21749e-08	0
4.43074e-09	0
1.11436e-08	0
1.92302e-07	0
3.24065e-05	0
4.5404e-07	0
6.20135e-06	0
6.53511e-06	0
1.44742e-08	0
1.74231e-05	0
7.31125e-05	0
1.95434e-08	0
6.92952e-07	0
8.88227e-07	0
6.04278e-05	0
3.72737e-08	0
2.93027e-06	0
2.6863e-05	0
4.99213e-06	0
1.42455e-05	0
1.60395e-06	0
5.47802e-07	0
0.0302372	0
7.0282e-10	0
4.60367e-10	0
2.07639e-06	0
1.9254e-07	0
6.67097e-07	0
1.19762e-10	0
1.90364e-05	0
0.000186071	0
5.95665e-09	0
5.31552e-07	0
2.04759e-06	0
8.31666e-07	0
9.87342e-08	0
6.60352e-09	0
0.000297805	0
4.23547e-08	0
0.000388489	0
1.83108e-11	0
1.09738e-06	0
0.00133735	0
4.53713e-05	0
1.54307e-08	0
0.000355509	0
1.29939e-09	0
6.11714e-07	0
0.0030904	0
1.32076e-10	0
3.61896e-07	0
0.000175524	0
6.45965e-08	0
0.000382425	0
6.90731e-05	0
2.3445e-06	0
1.53102e-06	0
1.05477e-10	0
6.09439e-05	0
7.60663e-07	0
5.38665e-05	0
1.40506e-09	0
2.19537e-11	0
5.25951e-08	0
3.92659e-09	0
5.29827e-09	0
0.00700397	0
1.61897e-08	0
1.26188e-05	0
1.23121e-08	0
4.3106e-05	0
1.22917e-06	0
3.99628e-08	0
0.000954602	0
0.000110549	0
1.63206e-07	0
1.01494e-07	0
1.04664e-07	0
5.22858e-08	0
2.84453e-06	0
2.47156e-10	0
2.92885e-06	0
2.24511e-06	0
0.000363325	0
1.71197e-05	0
1.21003e-05	0
1.24878e-07	0
6.1885e-08	0
2.11226e-08	0
6.55727e-06	0
2.362e-06	0
1.92253e-09	0
4.68128e-08	0
4.28405e-07	0
1.45796e-05	0
3.56374e-09	0
1.07169e-05	0
1.47477e-06	0
0.000115683	0
8.54848e-07	0
9.22896e-06	0
4.04598e-08	0
4.66812e-06	0
1.38589e-06	0
1.01135e-11	0
2.1414e-07	0
5.41201e-08	0
1.7026e-08	0
2.90134e-06	0
0.000482359	0
4.55964e-07	0
1.97276e-05	0
2.76354e-06	0
5.345e-05	0
1.37321e-05	0
7.8113e-06	0
2.86386e-05	0
1.03268e-07	0
3.88536e-07	0
9.20905e-11	0
9.41527e-11	0
4.50817e-07	0
5.48021e-12	0
1.72051e-06	0
4.31021e-06	0
2.15015e-05	0
8.18239e-07	0
7.132e-09	0
1.48555e-07	0
7.88609e-09	0
4.22655e-07	0
1.0137e-08	0
5.06454e-07	0
7.69256e-06	0
3.23219e-09	0
1.97362e-05	0
5.95052e-06	0
2.07642e-07	0
3.06151e-08	0
1.45942e-09	0
9.78024e-07	0
7.08652e-07	0
0.00021955	0
4.58105e-06	0
1.71657e-09	0
1.10545e-06	0
2.81502e-09	0
3.668e-11	0
1.34399e-07	0
1.25114e-07	0
5.99624e-05	0
5.02189e-06	0
1.58068e-06	0
0.115234	0
0.00424977	0
7.10538e-11	0
5.21599e-10	0
2.22315e-11	0
0.000197424	0
5.79186e-06	0
1.43781e-06	0
3.30999e-05	0
2.76837e-07	0
0.00052061	0
8.70919e-06	0
2.19817e-11	0
1.40987e-06	0
1.6274e-09	0
4.88803e-09	0
4.11693e-08	0
1.57647e-11	0
2.80538e-06	0
4.2747e-05	0
3.46725e-07	0
2.50518e-09	0
8.86205e-11	0
1.24315e-06	0
8.81765e-07	0
1.32044e-07	0
3.06112e-06	0
3.18394e-07	0
2.69207e-05	0
5.18409e-11	0
9.158e-07	0
1.30216e-06	0
0.000420103	0
0.00465088	0
5.64261e-08	0
4.95105e-06	0
8.30054e-05	0
1.13551e-08	0
1.26362e-06	0
7.79939e-06	0
1.26835e-05	0
2.41931e-06	0
6.33032e-06	0
0.0121603	0
3.77907e-05	0
1.35441e-09	0
4.67061e-06	0
4.36217e-06	0
6.51052e-10	0
9.57277e-08	0
9.11191e-06	0
1.09569e-05	0
1.04756e-12	0
3.22978e-10	0
1.18155e-09	0
1.51511e-07	0
1.47753e-05	0
9.89989e-07	0
0.000135916	0
1.05561e-05	0
0.00057165	0
4.58848e-07	0
3.3613e-05	0
2.67489e-07	0
9.63233e-07	0
7.32412e-08	0
1.86524e-09	0
1.37283e-11	0
1.20745e-05	0
0.000396505	0
1.00358e-07	0
2.34615e-12	0
0.000173655	0
0.000274066	0
0.000863717	0
2.03037e-05	0
3.96868e-08	0
9.62902e-05	0
4.03695e-07	0
2.83003e-07	0
0.635443	0
1.92679e-09	0
3.53733e-06	0
1.45856e-11	0
2.66575e-07	0
3.54577e-06	0
6.29206e-06	0
4.2638e-17	0
0.000832497	0
0.00346489	0
4.32907e-07	0
2.14688e-07	0
4.16574e-08	0
3.0553e-10	0
2.57551e-06	0
2.30509e-05	0
1.39147e-05	0
2.13092e-05	0
5.48624e-10	0
5.95993e-13	0
7.95953e-06	0
1.10644e-05	0
2.39195e-06	0
2.18911e-05	0
5.53577e-09	0
5.15304e-05	0
9.1058e-06	0
2.32311e-08	0
2.61314e-06	0
1.18269e-06	0
1.84124e-06	0
1.26321e-05	0
5.43625e-06	0
6.29873e-07	0
4.2924e-06	0
7.70286e-07	0
2.09652e-06	0
1.01312e-05	0
2.31598e-11	0
2.81829e-05	0
4.16091e-09	0
5.17539e-07	0
1.38433e-07	0
1.43253e-08	0
0.000115339	0
1.33004e-08	0
3.29279e-08	0
1.23409e-08	0
7.55772e-09	0
2.09477e-07	0
1.23707e-08	0
0.00458828	0
0.000105811	0
1.63054e-06	1
6.41239e-09	0
0.000250703	0
1.20567e-05	0
0.000140174	0
1.97771e-09	0
5.10951e-09	0
0.000127721	0
9.55544e-10	0
0.000206366	0
0.00074873	0
8.17048e-07	0
6.96405e-09	0
2.78289e-07	0
1.04435e-07	0
1.28879e-06	0
5.21496e-05	0
1.00088e-05	0
2.32926e-08	0
8.75018e-09	0
0.000997937	0
1.44133e-05	0
4.68499e-09	0
2.89475e-06	0
7.21231e-08	0
4.15905e-10	0
4.32272e-12	0
5.87792e-09	0
1.89093e-08	0
7.86075e-08	0
6.9338e-10	0
1.31776e-05	0
5.27548e-06	0
2.62333e-07	0
3.62228e-06	0
2.7121e-06	0
2.5729e-10	0
1.92183e-07	0
2.99865e-08	0
5.53186e-08	0
0.0102073	0
2.90939e-07	0
5.1378e-06	0
2.72362e-08	0
1.69578e-07	0
9.70171e-05	0
1.94492e-10	0
5.11952e-05	0
1.04729e-05	0
3.50751e-12	0
1.18545e-07	0
0.0292557	0
0.000832996	0
8.18613e-07	0
0.00150125	0
3.29783e-08	0
1.08369e-06	0
8.17996e-05	0
5.71277e-07	0
7.94425e-05	0
0.01861	0
3.7779e-07	0
2.92425e-09	0
4.76991e-07	0
1.19175e-10	0
1.65544e-05	0
1.85372e-06	0
4.4495e-06	0
1.10145e-05	0
1.35168e-05	0
1.04023e-11	0
2.22441e-10	0
8.31987e-12	0
7.26576e-06	0
0.00132637	0
3.29045e-07	0
1.99267e-09	0
1.56274e-07	0
3.6662e-08	0
7.66887e-07	0
0.000216786	0
9.57063e-07	0
1.37965e-05	0
3.684e-05	0
0.0344202	0
2.41871e-09	0
0.00528228	0
0.0079046	0
3.00031e-05	0
2.26571e-05	0
1.35737e-07	0
1.41018e-09	0
5.84119e-06	0
2.04875e-08	0
3.94367e-07	0
4.52373e-08	0
0.000141926	0
1.3714e-06	0
1.17912e-06	0
1.20179e-09	0
1.07004e-05	0
0.00127279	0
9.85145e-05	0
0.00979477	0
3.56552e-07	0
0.00705662	0
1.89932e-07	0
0.00271661	0
0.000434599	0
8.63903e-06	0
1.04108e-08	0
2.34799e-09	0
2.6769e-08	0
1.59397e-08	0
1.24e-05	0
9.42705e-09	0
6.95744e-09	0
5.43099e-08	0
5.12094e-09	0
1.57483e-07	0
1.35636e-08	0
2.3314e-06	0
0.000171529	0
0.000308315	0
4.38314e-07	0
3.69582e-07	0
0.000328692	0
6.66709e-05	0
8.56295e-05	0
9.03039e-05	0
1.04615e-05	0
1.6975e-07	0
3.9478e-06	0
1.19861e-08	0
1.83066e-06	0
5.13297e-07	0
3.56247e-10	0
5.58055e-12	0
9.82322e-07	0
2.35132e-06	0
3.93838e-07	0
0.000241172	0
8.98462e-08	0
2.57381e-07	0
9.09403e-07	0
7.22148e-06	0
7.51457e-11	0
1.11908e-07	0
9.64946e-10	0
1.98619e-07	0
0.000185542	0
9.23251e-06	0
4.06101e-09	0
3.11677e-09	0
2.10187e-11	0
6.08169e-08	0
4.45062e-05	0
6.74875e-06	0
1.14362e-08	0
1.07128e-06	0
2.76264e-07	0
4.38655e-09	0
1.96027e-07	0
2.15225e-08	0
8.74621e-12	0
1.30218e-07	0
4.60941e-12	0
3.9127e-08	0
2.80745e-06	0
4.4594e-11	0
1.8536e-08	0
7.45193e-11	0
2.20564e-12	0
3.01068e-06	0
4.03824e-11	0
2.44508e-09	0
5.87573e-10	0
5.71793e-08	0
1.37199e-05	0
6.9369e-09	0
1.14283e-07	0
5.47288e-05	0
6.22937e-07	0
1.7769e-05	0
1.33784e-10	0
3.75274e-09	0
1.95609e-07	0
1.69553e-10	0
1.35011e-11	0
3.39785e-09	0
2.53159e-10	0
3.10153e-09	0
5.32532e-07	0
0.00319037	0
5.04022e-05	0
0.000105818	0
7.70941e-10	0
2.98622e-07	0
5.04586e-08	0
0.000176776	0
1.1934e-08	0
7.66524e-11	0
2.16385e-15	0
9.39755e-05	0
0.000411871	0
3.99806e-09	0
3.2738e-08	0
9.48141e-06	0
4.13281e-08	0
7.56641e-09	0
3.62619e-05	0
6.03297e-11	0
7.69139e-08	0
2.59577e-08	0
5.42695e-05	0
1.1908e-10	0
2.35897e-10	0
8.67857e-06	0
1.46778e-05	0
0.000151021	0
7.30824e-05	0
2.17137e-08	0
2.43442e-06	0
7.556e-06	0
0.000253009	0
3.71918e-09	0
5.43806e-05	0
0.000122937	0
2.86447e-06	0
1.12377e-06	0
2.09731e-07	0
9.57422e-09	0
0.00164169	0
4.31992e-07	0
4.66739e-07	0
0.000111683	0
0.000323848	0
0.000106566	0
0.000140326	0
8.61475e-12	0
1.42182e-07	0
3.10179e-09	0
1.76203e-07	0
1.82472e-07	0
2.24905e-08	0
2.78722e-06	0
3.71483e-06	0
0.000731455	0
7.25482e-09	0
1.95038e-06	0
5.55301e-06	0
0.000113462	0
4.50387e-06	0
1.58149e-07	0
0.000231574	0
2.0831e-05	0
3.43251e-05	0
2.47796e-06	0
2.82757e-06	0
1.42341e-08	0
0.000130588	0
3.46207e-08	0
0.00494295	0
0.000449993	0
0.000357981	0
2.28055e-06	0
1.47223e-07	0
8.18035e-06	0
1.14629e-05	0
1.46568e-08	0
9.61635e-09	0
0.006922	0
2.28913e-05	0
1.63213e-10	0
4.37475e-05	0
9.35982e-07	0
0.00537204	0
3.52681e-07	0
1.33441e-05	0
6.89506e-08	0
2.31852e-06	0
5.68876e-08	0
4.70941e-06	0
1.24147e-10	0
3.72863e-08	0
1.89508e-07	0
3.45244e-11	0
0.000157823	0
8.73017e-10	0
8.51224e-10	0
3.04538e-06	0
2.20359e-06	0
4.47523e-08	0
1.85059e-09	0
2.15803e-05	0
5.66469e-17	0
0.00276233	0
1.13938e-09	0
4.81118e-07	0
6.65348e-05	0
8.79585e-07	0
0.000731865	0
1.63672e-06	0
2.05859e-08	0
4.20892e-06	0
1.89869e-06	0
3.4855e-05	0
5.84404e-07	0
0.000444199	0
1.22863e-07	0
2.84234e-07	0
1.51377e-07	0
1.23009e-06	0
6.81103e-05	0
0.000228147	0
5.37113e-06	0
1.28006e-08	0
1.24669e-06	0
1.10999e-10	0
1.12307e-07	0
1.67748e-09	0
0.000622657	0
7.22559e-08	0
2.66159e-08	0
0.000137053	0
2.03923e-07	0
0.00188478	0
4.03323e-07	0
3.03351e-08	0
8.90579e-09	0
1.39165e-07	0
7.8797e-10	0
2.11026e-08	0
1.721e-10	0
2.19838e-09	0
0.000730709	0
4.82965e-09	0
1.37427e-06	0
2.88944e-09	0
1.37642e-08	0
2.78021e-08	0
9.95252e-07	0
3.40786e-08	0
1.40263e-06	0
5.84262e-05	0
1.01573e-09	0
1.46008e-05	0
0.000128745	0
0.000112782	0
0.000183604	0
1.24387e-07	0
0.000519375	0
3.23739e-06	0
4.03849e-08	0
3.90483e-11	0
2.2353e-08	0
7.72077e-08	0
4.71195e-08	0
8.63713e-06	0
3.19441e-08	0
1.12583e-10	0
2.11875e-05	0
4.96923e-05	0
0.000620797	0
9.77335e-05	0
2.18779e-07	0
9.47101e-05	0
1.66353e-06	0
2.38368e-05	0
1.82888e-11	0
7.40152e-06	0
2.43646e-10	0
0.000420967	0
5.69361e-07	0
1.29226e-07	0
5.64596e-11	0
0.00416036	0
0.498539	0
0.850721	1
8.29323e-09	0
0.0423332	0
1.90665e-09	0
3.80608e-05	0
0.000145833	0
6.63608e-05	0
6.40563e-09	0
3.34345e-06	0
1.20642e-09	0
7.3493e-10	0
4.23752e-07	0
1.21536e-05	0
1.91794e-08	0
0.139819	0
1.12131e-09	0
4.22054e-09	0
1.08984e-06	0
5.88922e-09	0
5.14592e-06	0
1.05249e-08	0
0.00247718	0
3.55349e-06	0
1.11158e-07	0
1.88977e-06	0
3.18498e-07	0
7.82451e-06	0
5.36728e-08	0
3.55388e-11	0
1.0332e-06	0
2.17296e-06	0
5.43822e-06	0
3.60463e-09	0
4.67709e-06	0
1.41932e-09	0
4.44775e-06	0
0.000110392	0
3.7127e-05	0
4.43632e-11	0
1.12976e-09	0
2.00527e-09	0
8.22819e-09	0
7.03212e-07	0
4.07283e-09	0
6.54448e-07	0
1.81293e-05	0
2.61184e-08	0
2.2646e-08	0
2.19678e-07	0
0.000132614	0
6.07908e-05	0
8.92024e-05	0
1.58188e-09	0
3.33491e-06	0
1.22945e-08	0
2.16385e-10	0
1.02785e-05	0
3.86423e-08	0
9.93207e-14	0
2.78564e-07	0
0.0205204	0
5.82697e-06	0
3.22794e-09	0
1.93138e-09	0
3.66628e-10	0
5.15745e-08	0
2.26978e-08	0
3.27272e-06	0
2.17471e-06	0
2.92786e-06	0
9.09323e-08	0
2.85918e-09	0
1.40415e-06	0
2.21215e-07	0
0.283946	1
1.7931e-06	0
6.18561e-05	0
5.61656e-05	0
3.58112e-11	0
1.41025e-06	0
5.85503e-08	0
6.50943e-08	0
7.50607e-06	0
5.19932e-10	0
8.49234e-05	0
2.96509e-07	0
2.0441e-08	0
1.17589e-06	0
1.29823e-07	0
7.18051e-08	0
4.07952e-05	0
9.83419e-07	0
0.000116315	0
1.60145e-07	0
0.000267082	0
0.118524	0
0.0388352	0
1.57019e-06	0
1.21865e-06	0
2.3993e-08	0
0.000130832	0
4.63608e-07	0
0.000659337	0
0.000733243	0
1.42857e-07	0
1.77096e-05	0
1.75653e-07	0
1.99506e-18	0
2.05828e-07	0
2.55139e-07	0
7.20229e-08	0
6.31987e-06	0
0.523533	1
4.02557e-07	0
1.63582e-05	0
7.23351e-07	0
6.15286e-09	0
9.7533e-09	0
6.56352e-06	0
1.88754e-07	0
0.00257294	0
6.84457e-05	0
0.00261574	1
4.90933e-13	0
1.42898e-06	0
0.014719	0
1.71054e-06	0
0.135752	0
8.62528e-06	0
0.0417384	0
0.000187669	0
4.34714e-06	0
8.96478e-07	0
1.2792e-10	0
4.46379e-08	0
0.00266764	1
4.45763e-08	0
2.71952e-10	0
8.04424e-08	0
3.92738e-05	0
5.43702e-07	0
6.11588e-10	0
0.000145903	0
8.07111e-08	0
1.90594e-08	0
8.52608e-10	0
9.32867e-07	0
2.03723e-09	0
4.79317e-06	0
9.19381e-07	0
7.63128e-07	0
1.57649e-06	0
0.00188587	0
1.16435e-07	0
4.25931e-09	0
5.91742e-06	0
3.45146e-07	0
1.99412e-08	0
0.000242465	0
1.14271e-07	0
3.4192e-05	0
1.43449e-11	1
9.15993e-07	0
1.55736e-05	0
2.541e-07	0
3.4449e-07	0
1.33155e-05	0
5.91021e-07	0
1.0784e-06	0
2.66962e-07	0
8.97516e-06	0
2.89177e-06	0
6.4134e-09	0
2.83538e-06	0
0.000241004	0
1.69723e-09	0
1.38639e-07	0
3.31491e-07	0
0.000437299	0
1.26932e-06	0
1.39075e-07	0
5.51565e-12	0
0.000256858	0
9.73388e-13	0
1.39788e-11	0
3.28095e-07	0
1.92903e-11	0
7.88001e-06	0
4.21533e-05	0
2.85258e-09	0
8.58444e-06	0
2.13813e-05	0
2.92873e-10	0
8.51372e-07	0
2.82437e-08	0
1.87746e-08	0
6.8009e-09	0
3.68813e-05	0
5.54057e-07	0
0.0019513	0
5.27674e-11	0
4.64848e-08	0
0.00024265	0
0.0011702	1
2.50775e-06	0
1.86848e-08	0
1.03738e-09	0
1.57916e-07	0
0.00127337	0
2.13974e-07	0
8.77377e-08	0
1.43098e-06	0
9.61674e-05	0
4.97801e-05	0
1.66545e-07	0
2.70511e-07	0
2.69335e-06	0
0.00067351	0
1.51192e-05	0
4.08833e-11	0
3.7755e-09	0
2.07959e-06	0
2.77651e-07	0
1.22078e-05	0
6.77537e-07	0
0.000908626	0
1.10268e-05	0
5.11877e-06	0
2.48132e-08	0
1.12572e-07	0
5.76245e-06	0
2.88711e-06	0
1.73182e-07	0
5.99853e-05	0
3.22026e-07	0
0.000266428	0
4.06831e-06	0
2.01264e-09	0
1.61445e-09	0
2.48424e-09	0
1.2894e-09	0
1.20071e-05	0
3.56377e-08	0
0.000104273	0
2.76569e-10	0
2.71607e-08	0
1.58154e-07	0
1.82927e-07	0
4.75491e-11	0
1.17532e-08	0
1.2283e-07	0
0.00258049	0
0.000674193	0
1.85862e-08	0
5.75361e-06	0
3.29076e-09	0
2.38874e-05	0
9.41126e-06	0
1.86829e-07	0
1.57136e-07	0
5.80457e-08	0
2.03286e-08	0
1.18454e-05	0
1.00728e-07	0
2.60548e-05	0
1.71599e-05	0
3.10057e-06	0
1.28604e-14	0
7.46556e-09	0
1.16116e-06	0
8.86288e-11	0
7.11306e-08	0
4.64041e-07	0
2.33929e-10	0
8.70447e-10	0
4.22172e-07	0
8.81633e-05	0
7.64921e-06	0
0.00621915	0
0.000277781	0
2.9352e-09	0
1.98562e-05	0
5.10725e-07	0
1.74537e-09	0
2.17044e-06	0
2.03058e-09	0
3.20118e-06	0
2.93797e-08	0
8.80687e-09	0
5.15906e-09	0
0.000433617	0
4.26932e-06	0
0.103762	0
5.8318e-06	0
2.2642e-05	0
8.93765e-08	0
2.92614e-09	0
4.2945e-11	0
1.13062e-07	0
4.73312e-09	0
8.54305e-08	0
2.13886e-08	0
1.45439e-06	0
7.50683e-07	0
2.93328e-09	0
1.1677e-09	0
1.52388e-08	0
2.39747e-10	0
7.54864e-09	0
9.78784e-08	0
8.4851e-11	0
1.06693e-06	0
5.62059e-08	0
0.000339211	0
2.78939e-08	0
1.10949e-06	0
1.90119e-07	0
4.336e-09	0
1.7925e-06	0
5.33997e-07	0
4.11859e-05	0
1.18881e-07	0
0.00410185	0
1.06916e-06	0
0.0859703	0
1.0084e-07	0
5.22483e-08	0
1.39867e-08	0
1.17481e-06	0
0.0140349	1
2.32521e-09	0
0.000102931	0
9.29532e-05	0
8.23629e-06	0
1.19545e-06	0
5.40763e-09	0
8.67851e-12	0
2.15433e-09	0
1.27896e-07	0
2.32153e-06	0
9.79442e-10	0
1.34187e-07	0
4.25052e-07	0
2.53542e-05	0
2.55565e-07	0
1.81823e-09	0
3.12519e-06	0
1.33344e-09	0
2.82315e-09	0
3.00303e-06	0
1.00405e-05	0
7.50352e-08	0
9.12755e-07	0
5.28068e-07	0
0.000944032	0
3.03208e-07	0
2.2134e-08	0
7.73973e-09	0
4.15717e-06	0
0.0001163	0
1.76902e-07	0
3.92887e-05	0
4.47172e-05	0
1.70435e-08	0
1.47492e-08	0
3.45973e-08	0
6.61634e-08	0
0.00395322	0
5.79732e-08	0
1.67777e-07	0
1.07564e-07	0
4.3295e-08	0
2.34204e-07	0
4.53633e-06	0
3.90812e-09	0
2.17653e-05	0
1.6914e-08	0
8.48417e-08	0
8.97152e-08	0
5.24201e-06	0
2.27283e-09	0
2.12337e-06	0
1.87576e-07	0
1.84832e-08	0
1.54783e-11	0
5.50914e-09	0
1.48745e-11	0
0.00074231	0
7.11739e-07	0
4.41643e-06	0
3.6303e-08	0
1.66246e-09	0
1.17009e-07	0
2.06044e-10	0
3.02946e-05	0
2.32526e-05	0
0.000170121	0
0.000128685	0
8.48351e-08	0
3.17444e-05	0
2.20476e-07	0
7.9644e-11	0
1.63577e-07	0
3.02622e-06	0
1.06547e-05	0
7.06697e-07	0
1.61689e-12	0
2.24731e-08	0
0.00187625	0
1.88134e-06	0
3.98354e-09	0
1.08495e-09	0
1.26925e-09	0
5.12978e-06	0
9.88377e-06	0
1.26732e-06	0
5.99566e-07	0
1.8839e-07	0
1.06771e-09	0
3.66766e-08	0
6.55622e-14	0
5.99654e-07	0
6.43599e-07	0
4.11542e-09	0
1.55389e-05	0
4.99955e-10	0
0.000802606	0
1.83031e-07	0
5.07257e-08	0
5.16468e-06	0
5.59411e-07	0
8.14859e-07	0
0.0439836	0
2.79913e-06	0
7.71163e-07	0
0.000520155	0
4.28185e-06	0
1.58591e-08	0
2.68848e-12	0
6.19003e-17	0
4.02799e-08	0
5.69383e-10	0
2.76222e-07	0
3.68783e-09	0
3.0144e-06	0
1.38133e-07	0
1.28805e-05	0
1.0693e-05	0
1.49193e-11	0
6.50144e-07	0
7.19332e-06	0
3.27018e-06	0
2.19207e-10	0
3.42231e-05	0
2.64875e-05	0
1.24285e-08	0
4.08243e-10	0
2.80489e-05	0
4.34529e-05	0
2.68925e-06	0
2.94936e-06	0
1.26085e-06	0
1.08249e-09	0
2.24352e-05	0
0.000453881	0
2.87836e-07	0
2.39441e-06	0
0.000251855	0
7.96041e-06	0
2.85403e-08	0
0.000833356	0
2.34503e-09	0
5.31384e-09	0
1.99911e-08	0
1.38736e-07	0
2.06268e-08	0
1.97291e-06	0
7.4699e-10	0
3.54475e-08	0
1.06055e-05	0
6.51972e-08	0
2.53301e-05	0
0.0157268	0
5.53001e-09	0
6.46846e-10	0
3.27474e-05	0
9.65495e-08	0
1.47876e-08	0
1.08832e-06	0
6.86815e-05	0
9.42503e-10	0
5.36144e-06	0
1.5439e-07	0
4.1229e-07	0
2.9128e-11	0
7.61584e-06	0
2.20703e-05	0
5.07115e-05	0
6.02188e-06	0
6.04941e-08	0
3.99861e-06	0
1.15403e-06	0
4.49078e-08	0
2.79628e-07	0
5.58249e-06	0
6.07551e-06	0
0.000398104	0
0.000376138	0
3.59891e-09	0
1.71573e-07	0
1.8925e-07	0
0.00122811	0
3.99953e-07	0
3.12137e-09	0
7.22615e-05	0
2.59121e-05	0
8.68252e-08	0
0.000844481	0
2.48905e-06	0
1.445e-07	0
1.29627e-07	0
6.54515e-08	0
1.11683e-07	0
9.68308e-07	0
2.29194e-05	0
4.18827e-08	0
5.95953e-07	0
5.19991e-05	0
2.15697e-08	0
8.89788e-10	0
3.58427e-07	0
2.29791e-09	0
6.56576e-08	0
2.542e-06	0
0.00118734	0
1.22342e-10	0
4.36352e-14	0
1.06927e-05	0
0.00074339	0
0.00118966	0
3.18044e-06	0
2.05993e-07	0
7.00401e-08	0
4.5429e-05	0
1.79775e-07	0
6.75607e-09	0
5.11797e-09	0
0.000788668	0
1.1557e-07	0
2.46777e-08	0
2.78248e-06	0
4.85554e-08	0
6.11449e-06	0
4.88008e-07	0
7.54932e-08	0
3.47121e-05	0
5.9801e-07	0
4.20773e-06	0
4.65833e-09	0
2.04432e-05	0
9.21123e-10	0
1.66121e-08	0
1.78713e-07	0
3.41631e-11	0
1.39409e-11	0
7.7904e-09	0
4.1805e-10	0
9.62336e-09	0
1.31025e-09	0
0.000345797	0
3.87396e-09	0
9.43731e-05	0
1.90596e-08	0
3.47999e-05	0
2.87401e-09	0
2.27731e-05	0
3.11545e-08	0
4.05578e-08	0
6.70395e-07	0
2.67666e-06	0
1.36103e-06	0
4.786e-08	0
3.07609e-09	0
9.90916e-10	0
1.4119e-05	0
2.60293e-11	0
2.9942e-07	0
0.00056701	0
3.24078e-08	0
2.40852e-09	0
7.31366e-11	0
8.71842e-07	0
1.51555e-05	0
6.37485e-12	0
6.50245e-07	0
0.000338108	0
1.19223e-09	0
5.06041e-08	0
2.74213e-06	0
1.53903e-06	0
1.15493e-08	0
3.73343e-07	0
8.62909e-08	0
0.000375211	1
3.0992e-07	0
1.48618e-06	0
3.89034e-09	0
0.000151304	0
0.0009572	0
2.36418e-05	0
5.09715e-10	0
3.09267e-07	0
0.544601	1
4.53076e-10	0
4.28335e-08	0
1.64226e-07	0
8.74244e-08	0
0.000508189	0
2.63652e-08	0
1.55573e-06	0
2.70068e-06	0
0.021203	0
6.55404e-13	0
4.28448e-06	0
1.03952e-06	0
1.07485e-08	0
2.31639e-05	0
9.00897e-08	0
1.11425e-07	0
1.33797e-07	0
1.52629e-06	0
1.64851e-08	0
4.37626e-05	0
1.22015e-07	0
3.02834e-10	0
1.69087e-07	0
1.70913e-08	0
3.12974e-08	0
4.26175e-08	0
0.000148269	0
0.00021723	0
0.00123177	0
9.33424e-10	0
5.91003e-06	0
1.48388e-07	0
8.63492e-08	0
2.43604e-07	0
2.22892e-08	0
1.01833e-07	0
1.22581e-07	0
2.82188e-11	0
1.37733e-08	1
1.92641e-05	0
3.6441e-05	0
3.15238e-07	0
1.90135e-07	0
8.80425e-10	0
1.27169e-06	0
0.0720348	0
3.4817e-07	0
8.32629e-07	0
8.35126e-09	0
0.000366891	0
1.65424e-05	0
1.63367e-10	0
2.41496e-11	0
2.00828e-08	0
6.69778e-09	0
2.73211e-09	0
0.000316104	0
5.59274e-09	0
3.24392e-09	0
2.41733e-07	0
3.92823e-07	0
7.04773e-06	0
0.011716	0
0.00415777	1
3.02024e-05	0
7.36439e-05	0
1.10055e-05	0
5.36696e-05	0
0.000669166	0
2.67726e-05	0
7.49813e-06	0
1.69103e-08	0
1.02409e-07	0
3.6045e-09	0
2.25958e-09	0
9.07282e-08	0
4.93603e-05	0
0.059043	0
7.02841e-08	0
1.19584e-07	0
3.29761e-07	0
1.33638e-08	0
1.44605e-10	0
2.72927e-06	0
2.32557e-08	0
2.10176e-11	0
1.37486e-11	0
0.000381281	0
6.02494e-05	0
0.00206179	0
0.00265225	0
6.84882e-10	0
2.06766e-08	0
3.26362e-06	0
5.12998e-10	0
1.63539e-08	0
5.2887e-11	0
0.00015935	1
0.00124074	0
0.00151364	0
1.47054e-07	0
6.57982e-05	0
8.97445e-08	0
1.37918e-09	0
1.31154e-05	0
2.09077e-06	0
5.61285e-09	0
7.64567e-06	0
0.000169528	0
0.00016305	0
0.00626398	0
0.000281317	0
0.00331498	0
1.68066e-05	0
1.75273e-10	0
3.17162e-05	0
1.12216e-06	0
2.02713e-08	0
9.63657e-09	0
0.000133174	0
3.55662e-08	0
0.000247882	0
0.000845831	0
2.05465e-05	0
3.34002e-06	0
8.63731e-08	0
1.72531e-05	0
0.0027584	0
3.27436e-08	0
1.29096e-07	0
5.10233e-06	0
2.97618e-10	0
0.000604841	0
2.5688e-06	0
7.87716e-09	0
4.44515e-07	0
1.84727e-06	0
5.29395e-08	0
2.16218e-11	0
4.19229e-07	0
1.05165e-06	0
1.29172e-06	0
2.63423e-07	0
0.000158662	0
4.76571e-05	0
8.14523e-07	0
0.036716	0
5.60989e-06	0
4.36576e-06	0
1.00496e-08	0
2.88234e-08	0
2.94928e-07	0
9.82235e-06	0
2.4591e-09	0
9.81885e-10	0
9.35451e-08	0
5.32331e-08	0
3.9443e-07	0
9.49276e-08	0
5.95125e-12	0
1.4735e-08	0
1.42815e-12	0
0.000101751	0
2.54382e-08	0
3.60421e-08	0
4.19143e-06	0
3.43596e-08	0
1.02454e-11	0
1.41918e-09	0
2.0976e-08	0
0.000804293	0
3.03244e-06	0
2.03215e-07	0
0.000228079	0
4.95793e-07	0
5.44894e-06	0
1.54501e-07	0
2.21207e-06	0
3.49341e-06	0
6.83904e-06	0
1.08895e-09	0
1.13968e-09	0
0.00115896	0
3.08243e-08	0
4.78856e-07	0
1.76054e-07	0
6.51122e-07	0
3.34221e-11	0
6.14268e-08	0
6.52344e-08	0
4.17343e-05	0
1.138e-08	0
8.65751e-10	0
0.350935	0
4.06635e-06	0
2.70379e-07	0
7.57275e-06	0
3.60245e-05	0
9.00243e-08	0
2.08539e-09	0
1.98651e-06	0
3.57182e-08	0
7.61354e-08	0
6.67218e-07	0
1.46807e-07	0
4.12958e-07	0
2.46252e-06	0
3.32021e-06	0
1.30493e-07	0
5.90266e-08	0
2.51736e-08	0
3.97909e-05	0
1.20556e-05	0
5.06487e-08	0
8.40524e-07	0
5.50213e-05	0
0.00408963	0
5.56275e-07	0
2.9702e-07	0
8.51522e-06	0
0.000251344	0
2.5496e-10	0
5.94742e-05	0
9.73531e-09	0
3.41013e-05	0
4.83942e-10	0
1.94525e-06	0
1.00982e-06	0
8.28384e-10	0
2.88965e-08	0
4.92949e-10	0
1.75118e-08	0
5.27182e-11	0
8.45531e-06	0
6.37575e-07	0
3.35594e-06	0
2.33288e-08	0
1.1398e-06	0
1.15796e-09	0
1.75014e-06	0
2.68359e-06	0
4.4628e-11	0
7.64137e-07	0
1.95665e-07	0
1.36119e-09	0
4.59796e-06	0
0.000115536	0
3.83507e-08	0
2.33429e-10	0
3.2437e-09	0
2.58997e-06	0
2.52433e-08	0
2.11543e-05	0
1.38305e-09	0
2.51974e-07	0
3.31948e-05	0
2.64921e-07	0
4.55259e-07	0
9.85754e-08	0
5.58111e-06	0
2.78498e-10	0
1.10035e-06	0
7.15047e-06	0
8.94797e-05	0
2.99671e-09	0
1.8035e-05	0
4.72841e-05	0
6.10723e-06	0
3.11518e-10	0
2.80141e-06	0
1.20762e-08	0
4.29675e-07	0
1.12081e-08	0
4.83478e-10	0
4.09451e-09	0
1.40534e-07	0
1.61846e-07	0
2.29491e-06	0
2.64616e-07	0
4.86934e-09	0
1.16654e-07	0
6.42781e-07	0
3.65452e-10	0
7.94976e-06	0
1.44141e-10	0
1.02541e-07	0
1.05466e-11	0
5.36225e-12	0
1.04645e-08	0
1.17143e-10	0
1.05999e-10	0
1.2706e-09	0
1.83325e-10	0
1.57321e-06	0
4.3994e-08	0
7.57268e-09	0
1.74855e-08	0
2.21562e-08	0
1.65041e-11	0
3.4748e-09	0
1.75854e-08	0
6.35954e-07	0
4.93161e-08	0
9.06355e-10	0
5.64181e-07	0
2.63871e-08	0
4.74585e-12	0
8.90384e-09	0
1.26709e-10	0
1.71999e-09	0
2.90541e-05	0
3.89338e-09	0
2.21501e-09	0
1.87343e-13	0
5.8837e-12	0
5.9108e-07	0
4.20913e-10	0
8.56745e-11	0
3.07143e-08	0
6.71318e-14	0
3.0413e-10	0
5.66294e-09	0
3.0418e-09	0
3.89632e-07	0
2.04844e-07	0
6.78127e-11	0
5.83476e-10	0
1.24787e-06	0
3.60279e-05	0
0.00646856	0
2.99269e-11	0
2.90168e-10	0
5.76894e-08	0
1.36242e-06	0
2.15447e-11	0
3.39338e-09	0
1.60284e-07	0
2.32313e-07	0
9.8765e-07	0
1.79753e-05	0
4.19845e-09	0
6.10693e-06	0
5.31298e-09	0
1.68868e-07	0
2.6041e-09	0
1.92108e-05	0
3.25975e-08	0
9.49433e-10	0
9.58659e-10	0
3.88067e-07	0
7.12375e-08	0
4.93928e-05	0
3.34672e-07	0
1.19086e-07	0
0.000189702	0
4.23659e-08	0
2.04761e-10	0
1.54466e-08	0
6.14004e-08	0
9.6128e-07	0
2.2343e-07	0
1.44962e-06	0
1.09224e-06	0
6.91843e-08	0
4.43358e-09	0
0.000410839	0
4.56809e-10	0
2.75407e-06	0
0.000173303	0
1.28487e-05	0
1.15002e-07	0
3.12314e-06	0
1.06325e-08	0
0.000101689	0
1.33592e-05	0
7.07808e-10	0
4.24412e-06	0
2.07373e-05	0
0.000390623	0
2.84515e-08	0
1.89482e-08	0
6.00146e-08	0
8.29527e-07	0
2.69541e-09	0
0.00946435	0
9.55232e-09	0
9.11635e-07	0
0.587536	1
5.12725e-08	0
0.00150426	0
2.51117e-07	0
2.4225e-13	1
1.53913e-06	0
1.64049e-06	0
0.000810652	0
3.91719e-06	0
7.74664e-10	0
1.28477e-07	0
6.05292e-14	0
0.000151723	0
5.60786e-05	0
1.74389e-06	0
1.36224e-07	0
1.66941e-07	0
0.000629019	0
1.43222e-08	0
8.1579e-09	0
1.68551e-08	0
1.7012e-08	0
4.50785e-05	0
1.36267e-12	0
1.08692e-08	0
1.36465e-08	0
1.00314e-05	0
1.05727e-07	0
5.18369e-07	0
0.000175887	0
0.000260207	0
2.27071e-07	0
5.44894e-06	0
7.9623e-08	0
1.45286e-06	0
9.85687e-10	0
3.60177e-06	0
1.5319e-05	0
1.21183e-09	0
0.00050666	0
1.88968e-09	0
3.25637e-06	0
4.47304e-08	0
1.17713e-15	0
2.69878e-06	0
1.3248e-07	0
3.02723e-08	0
1.28527e-06	0
6.28283e-09	0
6.80395e-06	0
0.000638267	0
0.000172851	0
0.00156357	0
1.97014e-07	0
1.27023e-06	0
1.40245e-07	0
4.47353e-06	0
9.96863e-07	0
5.72711e-07	0
1.34494e-06	0
1.43451e-10	0
1.11776e-05	0
5.84032e-06	0
1.90845e-07	0
1.63028e-11	0
3.10885e-08	0
1.2984e-09	0
1.2246e-07	0
0.0415652	1
1.80019e-08	0
6.06854e-08	0
0.000202458	0
8.54181e-08	0
1.67646e-06	0
5.68682e-08	0
5.55152e-09	0
1.26569e-07	0
7.19408e-06	0
0.000441649	0
2.07468e-07	0
1.65188e-06	0
1.18555e-18	0
7.77183e-08	0
8.77015e-08	0
3.72768e-10	0
2.18141e-08	0
0.000354988	0
1.07256e-07	0
2.3551e-07	0
2.97683e-05	0
0.000599274	0
1.13555e-09	0
1.22652e-10	0
2.84974e-08	0
3.18047e-11	0
7.35802e-07	0
1.85901e-06	0
6.89867e-10	0
0.000123122	0
7.95011e-07	0
0.000102743	0
2.95875e-06	0
3.03837e-09	0
1.77694e-06	0
1.95633e-09	0
3.45961e-08	0
0.000129467	0
1.23488e-07	0
0.000130071	0
0.00423752	0
6.70507e-09	0
9.81457e-05	0
4.29774e-06	0
8.31239e-09	0
4.42582e-05	0
1.91339e-06	0
1.09353e-11	0
5.66932e-05	0
0.0038789	0
2.87632e-09	0
2.57452e-09	0
1.7961e-08	0
2.19253e-07	0
7.70671e-05	0
5.87488e-06	0
4.89732e-06	0
4.07867e-07	0
9.56749e-08	0
3.05322e-08	0
1.04074e-07	0
8.07639e-07	0
1.70475e-07	0
4.74174e-07	0
3.02146e-07	0
9.19193e-09	0
1.40137e-06	0
4.45396e-09	0
6.74612e-08	0
5.59046e-10	0
2.55249e-13	0
1.96068e-08	0
1.84617e-09	0
1.12247e-10	0
2.1264e-09	0
8.5969e-08	0
6.66827e-06	0
6.58253e-06	0
1.05922e-06	0
4.23098e-06	0
4.09417e-07	0
0.00537729	0
0.019108	0
6.15098e-05	0
0.000453497	0
0.000122816	0
7.29186e-08	0
5.7919e-05	0
1.36809e-06	0
3.40122e-05	0
8.95408e-05	0
9.18453e-10	0
1.7896e-05	0
3.22554e-07	0
5.71072e-08	0
2.67636e-08	0
3.17348e-05	0
1.2188e-11	0
7.62326e-08	0
0.188298	0
6.0945e-10	0
9.28099e-05	0
8.61744e-06	0
1.1469e-08	0
7.23716e-09	0
1.4017e-06	0
8.9296e-11	0
6.54155e-08	0
4.40224e-07	0
2.38014e-08	0
1.95568e-09	0
7.46142e-09	0
9.33619e-08	0
1.91255e-05	0
1.66296e-07	0
6.47626e-08	0
6.45138e-06	0
9.26058e-07	0
3.71748e-07	0
0.000531751	0
6.4518e-08	0
2.37372e-07	0
7.84478e-06	0
4.25146e-06	0
1.07736e-06	0
0.000422509	0
4.44513e-07	0
8.96377e-09	0
6.55554e-06	0
1.12433e-07	0
0.00338196	0
6.15162e-08	0
1.74358e-13	0
2.27011e-08	0
1.04276e-06	0
4.81152e-08	0
0.000258457	0
1.38969e-06	0
3.01188e-08	0
6.55134e-06	0
1.24198e-08	0
2.47432e-11	0
5.14357e-05	0
2.61347e-08	0
8.47518e-08	0
7.95148e-05	0
2.02655e-07	0
5.47096e-08	0
7.23465e-07	0
5.5531e-11	0
1.67727e-06	0
6.05015e-08	0
1.56508e-09	0
1.74146e-07	0
1.56212e-08	0
5.68895e-07	0
4.87216e-05	0
3.60077e-07	0
1.14566e-07	0
6.98668e-08	0
0.0272281	0
6.22421e-09	0
7.00454e-11	0
7.74795e-05	0
2.77988e-07	0
1.87398e-07	0
6.89293e-11	0
1.52776e-07	0
3.13327e-10	0
1.36531e-05	0
1.42124e-05	0
3.53401e-05	0
1.47356e-07	0
7.6436e-08	0
3.55933e-05	0
4.74063e-08	0
7.30636e-07	0
2.27432e-07	0
3.90706e-06	0
1.40957e-07	0
9.6016e-07	0
9.256e-07	0
4.1581e-05	0
1.292e-07	0
1.56232e-07	0
4.76869e-05	0
3.55239e-07	0
8.58867e-09	0
0.000659159	0
9.52228e-07	0
4.89494e-06	0
7.19801e-08	0
2.26381e-05	0
4.04899e-10	0
4.55009e-07	0
3.33729e-06	0
1.9541e-07	0
7.13068e-06	0
0.0118865	0
6.77712e-05	0
1.2029e-06	0
1.26737e-05	0
1.13803e-07	0
5.87579e-13	0
1.04024e-08	0
2.08733e-08	0
4.23752e-08	0
1.30144e-06	0
1.84536e-07	0
6.14705e-06	0
1.07406e-08	0
7.18457e-05	0
5.21612e-13	0
4.79021e-08	0
5.76277e-06	0
2.06719e-08	0
1.46871e-08	0
2.61877e-06	0
1.3755e-08	0
4.42758e-05	0
0.000169216	0
7.04388e-08	0
0.000351938	0
3.62401e-07	0
1.97962e-07	0
7.52561e-09	0
2.3388e-09	0
1.15039e-07	0
2.02069e-07	0
1.0648e-08	0
0.000130955	0
2.07447e-05	0
3.68132e-05	0
4.05336e-08	0
4.94577e-08	0
2.7259e-06	0
6.52731e-07	0
7.02405e-06	0
2.01396e-09	0
6.41596e-09	0
3.06914e-05	1
5.84137e-09	0
4.2447e-08	0
1.8636e-06	0
0.000597416	0
9.80921e-11	0
6.10691e-09	0
8.08509e-06	0
2.04321e-06	0
3.2517e-06	0
4.5112e-07	0
4.95456e-07	0
1.61432e-06	0
3.15595e-07	0
1.51772e-07	0
1.16613e-05	0
0.000135459	0
1.7548e-07	0
0.00143893	0
0.00369771	0
2.20181e-07	0
8.17438e-07	0
3.39502e-05	0
0.00967246	0
3.14906e-13	0
1.31593e-06	0
0.00029101	0
5.68701e-07	0
5.21631e-11	0
2.32609e-06	0
4.14453e-09	0
2.70841e-06	0
3.26403e-06	0
3.63354e-05	0
2.02788e-05	0
4.68632e-10	0
3.7249e-07	0
0.000303998	0
3.41475e-08	0
2.72144e-06	0
3.76303e-08	0
9.08941e-11	0
8.25958e-08	0
6.8773e-07	0
3.08087e-08	0
1.14778e-06	0
6.44693e-06	0
5.32492e-09	0
3.98925e-06	0
4.78036e-07	0
6.30284e-05	0
7.10542e-06	0
1.53283e-09	0
1.29766e-06	0
2.83485e-07	0
3.33334e-05	0
1.64539e-08	0
1.92008e-07	0
7.46897e-07	0
5.86e-08	0
4.29554e-12	0
1.19893e-08	0
2.16309e-07	0
2.45014e-11	0
2.316e-10	0
1.98315e-06	0
1.56055e-06	0
3.03349e-08	0
7.4399e-11	0
5.04537e-11	0
4.45404e-05	0
1.49965e-05	0
8.78061e-06	0
8.2688e-12	0
9.79996e-08	0
5.84152e-10	0
6.638e-09	0
2.12914e-07	0
1.25364e-05	0
9.7772e-07	0
2.84211e-08	0
1.07335e-05	0
2.60442e-06	0
1.06303e-06	0
1.13092e-06	0
8.29721e-11	0
2.25314e-05	0
1.41908e-08	0
2.77425e-09	0
6.74254e-05	0
1.89679e-06	0
1.38931e-08	0
7.7844e-08	0
5.39882e-05	0
1.73226e-07	0
1.1696e-06	0
6.0574e-05	0
1.36875e-05	0
2.7521e-07	0
6.33935e-07	0
0.000191412	0
4.89646e-09	0
2.5354e-09	0
4.4881e-07	0
1.09706e-08	0
0.000186021	1
1.57635e-07	0
1.13144e-08	0
4.64174e-07	0
2.7314e-08	0
6.25791e-07	0
1.06185e-08	0
3.07101e-14	0
1.76023e-06	0
3.74985e-11	0
5.14869e-06	0
1.6439e-08	0
2.99059e-13	0
2.2296e-12	0
1.53299e-07	0
3.74926e-09	0
0.000656753	0
2.52613e-06	0
6.16652e-06	0
0.00455732	0
0.483305	1
1.79051e-09	0
0.000954653	0
6.31538e-06	0
4.55264e-07	0
0.000800326	0
3.67906e-06	0
4.67941e-06	0
2.72922e-15	0
1.24808e-06	0
2.65974e-05	0
4.04883e-11	0
3.78099e-09	0
1.27635e-08	0
2.06869e-07	0
2.10116e-08	0
1.6984e-07	0
6.65434e-12	0
2.65535e-06	0
1.53597e-05	0
7.069e-08	0
1.21513e-09	0
5.48747e-07	0
1.30392e-07	0
1.04697e-10	0
0.000258694	0
9.56357e-05	0
3.01512e-05	0
1.03149e-06	0
2.98078e-08	0
1.69043e-08	0
0.00796993	0
5.86081e-05	0
4.11495e-09	0
1.99331e-05	0
3.25066e-08	0
7.54723e-09	0
3.94507e-05	0
0.00281278	0
3.16994e-08	0
1.93381e-05	0
0.00132988	0
6.34998e-07	0
2.75416e-07	0
2.97109e-08	0
1.86432e-05	0
3.35459e-11	0
6.02422e-08	0
4.33807e-07	0
0.000291355	0
2.33158e-07	0
7.72463e-13	0
1.52893e-06	0
0.0560715	0
2.66502e-05	0
2.11503e-08	0
1.76984e-05	0
1.42937e-09	0
2.29952e-06	0
3.54791e-06	0
1.87316e-05	0
0.000298567	0
2.2551e-08	0
2.47292e-08	0
1.6352e-07	0
5.08879e-06	0
2.4851e-05	0
1.95333e-06	0
1.30696e-06	0
2.64739e-05	0
0.000147115	0
1.69554e-05	0
1.30912e-07	0
0.000700208	0
1.09732e-06	0
6.54247e-08	0
6.36942e-07	0
1.00282e-06	0
1.43688e-08	0
0.000189776	1
0.000358568	1
3.23346e-08	0
1.56184e-05	0
8.91193e-07	0
7.48407e-08	0
1.72564e-08	0
1.29941e-07	0
0.000158281	0
2.80086e-07	0
0.000337371	0
1.0444e-09	0
2.70774e-08	0
4.05078e-08	0
6.57643e-06	0
5.38592e-09	0
3.15905e-09	0
2.64202e-10	0
5.04669e-07	0
2.0028e-06	0
1.83044e-10	0
4.35601e-07	0
3.11911e-08	0
5.16557e-06	0
1.21844e-08	0
1.28356e-09	0
0.000606261	0
1.8474e-10	0
1.07789e-08	0
6.23878e-07	0
2.27331e-05	0
1.02928e-09	0
1.82431e-07	0
1.95068e-10	0
2.34781e-13	0
2.36001e-08	0
1.1663e-05	0
1.34829e-09	0
7.86214e-07	0
1.22632e-07	0
1.24962e-09	0
1.03418e-08	0
1.2329e-10	0
7.2212e-07	0
2.84677e-07	1
1.42373e-10	0
3.1938e-09	0
4.50025e-06	0
5.77711e-06	0
6.78104e-09	0
1.84131e-11	0
3.07203e-11	0
4.25448e-05	0
0.000579661	0
2.64187e-06	0
5.03354e-09	0
0.000285887	0
1.52525e-06	1
0.000217084	0
2.74636e-09	0
9.61977e-07	0
1.48851e-07	0
3.14678e-05	0
2.59351e-08	0
1.73188e-09	0
2.06509e-06	0
0.000454754	0
3.06692e-07	0
0.00098832	0
2.95623e-05	0
7.04868e-11	0
3.2175e-10	0
4.77559e-10	0
3.46476e-06	0
6.74485e-06	0
1.76394e-12	0
7.35457e-05	0
1.11512e-05	0
2.09979e-08	0
2.43346e-11	0
0.0510742	0
2.74282e-08	0
1.05759e-06	0
8.37675e-10	0
6.66956e-06	0
1.50875e-05	0
4.92531e-08	0
7.05707e-07	1
0.00114268	0
4.59996e-06	0
8.3602e-10	0
6.24453e-10	0
6.15673e-10	0
9.56824e-08	0
2.9386e-08	0
6.79092e-11	0
3.49269e-12	0
1.10808e-07	0
2.49556e-08	0
4.82716e-07	0
0.000115363	0
9.02448e-08	0
4.27241e-06	0
3.21569e-05	0
1.17788e-06	0
3.51626e-05	0
1.78443e-07	0
1.94566e-05	0
3.87197e-07	0
8.12832e-08	0
5.8925e-09	0
7.92132e-05	0
4.19696e-09	0
3.25507e-06	0
5.53953e-09	0
2.60723e-07	0
0.000382229	0
1.56256e-11	0
2.06916e-05	0
1.52977e-05	0
2.71405e-07	0
1.71894e-06	0
7.64454e-09	0
1.4229e-09	0
2.70495e-06	0
8.89567e-07	0
1.34759e-05	0
1.52875e-05	0
2.33266e-05	0
3.08804e-07	0
1.00271e-08	0
9.30457e-14	0
1.36153e-06	0
0.000706215	0
5.32025e-05	0
5.41635e-07	0
7.99975e-08	0
6.05481e-08	0
3.2349e-09	0
2.02076e-13	0
1.06285e-12	0
5.42399e-13	0
9.11695e-10	0
9.2443e-07	0
3.38395e-09	0
1.00898e-07	0
2.56585e-05	0
5.78042e-10	0
1.19229e-10	0
1.04539e-07	0
2.46446e-06	0
5.51004e-07	0
9.56735e-11	0
1.41573e-06	0
8.33556e-12	0
1.05158e-09	0
7.55898e-05	0
1.08274e-06	0
7.03842e-07	0
0.000334275	0
3.20894e-07	0
4.14298e-06	0
3.47101e-05	0
3.47377e-07	0
2.9142e-06	0
1.15615e-07	0
2.08096e-08	0
3.85726e-07	0
5.89602e-05	0
9.1477e-09	0
0.000225948	0
9.43608e-09	0
7.71917e-07	0
1.77784e-09	0
3.63326e-07	0
6.70782e-09	0
4.52245e-06	0
4.4769e-05	0
8.48755e-10	0
1.82878e-07	0
4.64604e-07	0
2.23746e-05	0
6.48356e-05	0
3.72559e-07	0
4.57564e-06	0
1.21627e-09	0
3.12696e-07	0
0.000247156	0
2.54397e-06	0
4.26497e-06	0
1.10676e-06	0
9.06229e-07	0
0.000135801	0
1.57251e-10	0
5.07253e-09	0
1.2975e-06	0
5.72171e-10	0
1.36757e-07	0
0.000530708	0
6.96967e-08	0
7.34592e-06	0
1.37999e-06	0
5.77567e-08	0
0.000227309	0
3.83992e-05	0
6.57712e-11	0
1.26563e-07	0
1.48056e-07	0
3.38e-09	0
3.5005e-05	0
1.68739e-06	0
3.08964e-06	0
4.34683e-08	0
9.10271e-08	0
9.4681e-08	0
2.66036e-06	0
2.13455e-07	0
1.93108e-06	0
1.98829e-08	0
0.127775	0
1.26331e-08	0
2.96883e-07	0
9.34468e-07	0
1.36559e-08	0
9.21865e-07	0
2.30831e-09	0
8.29658e-09	0
1.94964e-10	0
5.85003e-08	0
2.23606e-07	0
0.000903522	0
1.01665e-07	0
1.04625e-05	0
0.000169919	0
2.61088e-06	0
4.94112e-07	0
5.55203e-08	0
8.29822e-07	0
2.67624e-08	0
1.23268e-10	0
8.17884e-10	0
1.44324e-11	0
0.000333893	0
1.6355e-07	0
3.23343e-08	0
1.26609e-06	0
1.48745e-10	0
1.78896e-07	0
4.4355e-05	0
2.03791e-06	0
9.07414e-08	0
3.3762e-05	0
9.5821e-07	0
2.44478e-08	0
4.30774e-06	0
1.15738e-08	0
2.14535e-05	0
3.25297e-08	0
9.97094e-07	0
5.01323e-08	0
2.17708e-09	0
3.22354e-11	0
2.72962e-08	0
6.47523e-09	0
1.36918e-07	0
0.000163766	0
1.54247e-05	0
1.51404e-06	0
1.44824e-07	0
5.26003e-05	0
3.70194e-05	0
1.45487e-13	0
1.58974e-08	0
1.1562e-06	0
1.24133e-06	0
3.29047e-06	0
2.64168e-08	0
0.00018119	0
8.13273e-09	0
5.74352e-11	0
2.44142e-09	0
3.86587e-07	0
3.84929e-10	0
5.32802e-06	0
2.77485e-06	0
1.15818e-05	0
8.48732e-06	0
1.12225e-09	0
8.50274e-05	0
5.49517e-09	0
4.31979e-09	0
2.68195e-08	0
4.90666e-07	0
1.50623e-07	0
9.27252e-05	0
2.91977e-07	0
4.22359e-07	0
2.59743e-05	0
2.24961e-09	0
0.201588	0
0.00970455	0
1.83532e-05	0
2.70834e-06	0
0.681911	1
3.54628e-05	1
1.41928e-07	0
3.06788e-09	0
1.792e-06	0
1.64308e-05	0
2.7915e-09	0
7.08097e-08	0
4.7458e-07	0
4.34614e-07	0
9.56453e-05	0
1.15239e-07	0
2.03551e-08	0
1.27132e-08	0
7.4015e-06	0
1.49734e-11	0
6.06831e-10	0
7.43769e-07	0
4.37397e-09	0
1.78902e-08	0
3.85746e-09	0
1.24292e-07	0
2.35216e-10	0
4.57372e-10	0
7.09316e-11	0
2.13128e-09	0
3.66253e-05	0
1.68695e-07	0
1.93249e-08	0
7.00229e-05	0
5.86252e-10	0
2.85677e-05	0
6.78589e-05	0
1.07107e-07	0
0.000132647	0
0.000120158	0
1.16902e-12	0
4.06455e-11	0
3.87179e-07	0
4.18081e-11	0
2.44604e-05	0
0.00022903	0
9.92198e-11	0
0.000313295	0
4.13818e-09	0
1.20925e-05	0
1.00062e-07	0
4.11543e-06	0
4.97787e-10	0
8.06158e-08	0
2.4589e-06	0
3.8542e-05	0
2.03198e-08	0
1.08447e-07	0
4.92421e-07	0
2.04963e-07	0
8.07771e-07	0
5.71484e-08	0
1.13162e-07	0
0.000360803	0
1.3113e-06	0
1.61085e-10	0
0.00105157	0
1.54032e-06	0
0.000406604	0
1.19303e-09	0
4.59897e-08	0
1.95866e-10	0
8.53913e-07	0
4.6297e-10	0
9.82433e-13	0
2.96742e-06	0
2.54567e-07	0
5.72377e-10	0
3.04706e-07	0
4.76841e-11	0
1.05026e-10	0
0.00636892	0
2.89462e-09	0
3.54087e-06	0
2.39596e-07	0
2.23447e-07	0
2.38268e-11	0
4.04893e-08	0
1.47206e-08	0
4.23003e-06	0
8.21085e-09	0
2.84582e-08	0
4.7041e-08	0
6.11086e-07	0
6.63824e-12	0
6.17713e-08	0
1.34449e-06	0
1.1651e-10	0
1.19522e-05	0
0.001362	0
7.4063e-07	0
9.11958e-06	0
2.42741e-09	0
0.000263533	0
1.99594e-05	0
7.79e-05	0
3.49551e-08	0
7.8976e-08	0
5.88486e-07	0
3.8143e-15	0
8.36292e-08	0
0.000601848	0
3.44052e-10	0
0.0285656	0
1.59579e-11	0
0.000289041	0
2.6671e-07	0
1.85369e-09	0
1.4158e-06	0
0.000163795	0
3.83063e-06	0
0.000424448	0
1.20497e-06	0
1.83815e-07	0
6.49926e-06	0
1.03757e-06	1
5.2452e-07	0
5.19435e-08	0
2.87148e-06	0
1.30489e-06	0
1.04307e-12	0
4.48987e-08	0
5.44903e-07	0
8.00497e-06	0
4.82515e-08	0
0.000106637	0
3.95056e-05	0
4.73835e-11	0
2.05656e-07	0
6.14347e-07	0
1.54303e-05	0
7.88726e-05	0
0.00194479	0
5.27126e-05	0
1.86094e-06	0
2.37464e-06	0
5.95665e-08	0
8.59533e-09	0
5.27855e-07	0
0.0802918	1
0.000118436	0
4.84722e-06	0
2.25039e-07	0
5.54212e-06	0
5.98975e-07	0
3.03604e-08	0
3.22376e-08	0
1.09797e-07	0
2.0438e-09	0
2.69398e-05	0
0.000665541	0
4.24568e-07	0
4.47402e-09	0
4.33261e-08	0
3.65345e-10	0
0.00151872	0
2.93085e-08	0
1.08515e-08	0
1.49287e-11	0
0.000244448	0
1.42353e-07	0
1.40117e-05	0
9.63659e-08	0
1.28008e-05	0
1.1739e-06	0
0.000644332	0
3.08751e-09	0
0.000269185	0
5.13685e-07	0
2.40384e-08	0
5.45252e-08	0
1.3506e-07	0
1.82877e-09	0
2.74438e-07	0
4.1368e-08	0
6.38489e-09	0
5.21742e-09	0
6.58182e-06	0
5.65491e-09	0
1.73177e-08	0
3.00594e-07	0
1.61405e-07	0
1.68041e-11	0
1.43555e-07	0
1.83055e-05	0
9.72112e-09	0
1.07597e-09	0
9.68294e-13	0
2.48327e-05	0
1.37471e-07	0
2.06447e-08	0
6.96184e-05	0
2.48015e-06	0
4.64569e-08	0
4.81028e-10	0
1.64785e-10	0
5.38568e-12	0
8.74693e-07	0
1.18622e-08	0
2.70298e-09	0
1.02671e-07	0
2.60087e-10	0
2.80199e-08	0
2.20799e-06	0
1.09962e-06	0
1.57639e-09	0
2.51919e-06	0
1.31311e-09	0
4.07086e-09	0
3.82163e-07	0
1.80201e-06	0
4.75523e-08	0
1.44458e-10	0
4.0393e-07	0
2.67771e-08	0
1.14014e-06	0
2.22778e-06	0
0.000361869	0
3.84061e-07	0
1.14892e-07	0
0.000471656	0
5.63788e-05	0
2.23595e-05	0
3.83565e-07	0
1.5695e-07	0
3.3507e-09	0
3.71772e-07	0
0.000356846	0
0.000657762	0
3.22394e-05	0
6.67613e-05	0
3.03721e-10	0
6.37608e-08	0
1.18628e-05	0
1.56797e-06	0
2.9524e-09	0
4.7975e-07	0
6.5855e-05	0
0.039888	0
1.94044e-05	0
2.52618e-08	0
3.38593e-07	0
7.70384e-07	0
0.0885158	0
0.0298686	0
2.83315e-05	0
1.75409e-08	0
1.46901e-05	0
1.37187e-07	0
1.95135e-07	0
1.33037e-06	0
3.75609e-06	0
3.03157e-06	0
2.71725e-07	0
7.83956e-08	0
0.000624482	0
1.46898e-05	0
7.43296e-08	0
1.46497e-07	0
1.54076e-06	0
1.3489e-08	0
8.70082e-05	0
7.78233e-10	0
7.49903e-05	0
7.00155e-11	0
1.01998e-10	0
0.000690186	0
3.46718e-07	0
7.46746e-09	0
5.24473e-07	0
0.000260636	0
2.39456e-07	0
5.78837e-08	0
1.71135e-07	0
1.03274e-09	0
4.27842e-09	0
4.07007e-09	0
2.1451e-06	0
2.89431e-05	0
9.39593e-11	0
2.06313e-07	0
0.000262563	0
2.7563e-09	0
1.45877e-08	0
1.78842e-07	0
2.20918e-13	0
8.80183e-10	0
6.14168e-10	0
5.73155e-08	0
6.39714e-05	0
2.45945e-06	0
1.03555e-10	0
6.48722e-06	0
3.27209e-06	0
8.23348e-12	0
1.83399e-07	0
3.58976e-09	0
3.43196e-08	0
1.38418e-06	0
0.00135953	0
4.82945e-08	0
0.000160698	0
4.546e-05	0
2.67163e-09	0
7.74423e-11	0
1.46413e-08	0
1.25181e-07	0
1.65575e-05	0
9.14892e-09	0
0.000947645	0
5.33241e-10	0
2.96265e-07	0
2.27464e-08	0
3.76371e-06	0
9.56554e-09	0
3.77349e-09	0
0.000106253	0
2.17567e-06	0
0.000186641	0
3.59769e-06	0
7.76173e-06	0
2.62051e-07	0
1.26465e-07	0
4.64306e-09	0
2.52914e-05	0
6.53129e-06	0
4.09851e-06	0
0.00135116	1
3.15127e-07	0
3.29607e-11	0
9.1336e-05	0
4.92472e-06	0
3.88565e-08	0
9.66087e-07	0
1.30904e-05	0
1.43698e-05	0
1.51957e-06	0
6.74868e-09	0
2.06299e-10	0
1.38926e-11	0
6.30488e-08	0
3.09745e-09	0
7.55748e-06	0
0.000161573	0
0.000310068	0
1.72107e-05	0
1.97968e-09	0
2.11756e-05	0
3.34061e-06	0
0.00478195	0
1.35009e-07	0
0.000126187	0
9.08472e-13	0
3.82701e-08	0
2.64796e-06	0
5.43335e-06	0
4.00892e-06	0
1.66651e-05	0
0.0289162	0
7.86022e-08	0
0.00817958	0
1.9141e-08	0
0.000509525	1
4.11472e-05	0
1.00543e-06	0
3.1943e-07	0
2.8077e-08	0
4.26949e-10	0
2.94111e-08	0
0.000210615	0
7.77648e-05	0
4.45171e-05	0
0.000664187	0
0.0012967	0
1.15934e-05	0
1.59963e-10	0
1.42095e-06	0
1.8143e-06	0
9.14604e-09	0
1.57972e-06	0
5.79994e-05	0
1.37091e-06	0
3.84787e-08	0
1.53569e-09	0
1.75177e-05	0
2.35898e-07	0
4.50072e-07	0
0.000322886	0
3.26488e-09	0
7.08944e-13	0
3.19283e-07	0
2.96652e-10	0
4.06099e-06	0
4.12309e-07	0
7.01005e-07	0
1.28077e-08	0
1.00066e-06	0
7.92689e-09	0
1.16911e-05	0
8.63605e-09	0
4.12964e-06	0
4.45972e-05	0
0.0359498	0
2.21223e-07	0
0.000184444	0
5.80404e-10	0
2.27974e-06	0
3.96681e-08	0
1.19244e-07	0
1.00053e-06	0
1.54564e-07	0
2.52341e-05	0
1.64664e-08	0
2.60247e-06	0
7.83703e-07	0
2.28599e-06	0
3.32719e-07	0
5.59087e-07	0
2.02325e-05	0
0.000106806	0
9.56614e-06	0
0.000137986	0
0.0023756	0
1.4886e-05	0
5.27672e-07	0
2.08395e-08	0
0.0144625	0
9.6793e-06	0
3.8598e-08	0
3.70913e-06	0
6.63937e-08	0
2.82267e-06	0
0.00130421	0
1.14339e-10	0
1.31795e-06	0
3.76175e-08	0
1.08301e-07	0
4.14879e-11	0
4.24637e-06	0
3.00625e-08	0
2.34217e-07	0
8.36778e-07	0
1.31876e-07	0
2.16536e-07	0
7.37113e-08	0
4.70736e-05	0
4.36102e-09	0
5.14428e-05	0
3.64274e-07	0
1.63016e-06	0
9.93447e-05	0
0.0117963	0
0.000653556	0
3.58898e-06	0
0.000135255	0
3.31758e-14	0
2.78307e-07	0
4.01663e-10	0
8.84032e-07	0
2.0446e-06	0
3.32573e-06	0
1.2499e-14	0
1.56592e-08	0
1.0144e-06	0
1.05434e-09	0
0.000777106	0
9.39621e-07	0
2.81037e-06	0
1.16398e-06	0
1.77893e-08	0
6.64669e-07	0
3.79862e-07	0
1.1845e-05	0
4.38865e-09	0
1.18501e-07	0
5.54687e-06	0
2.30363e-09	0
0.000695923	1
2.17728e-10	0
2.49168e-10	0
8.50543e-08	0
1.22075e-08	0
1.7353e-08	0
5.1239e-08	0
3.89491e-06	0
4.6694e-06	0
3.42312e-10	0
7.09702e-07	0
1.20582e-07	0
8.56831e-09	0
1.18069e-08	0
2.06836e-12	0
2.86307e-08	0
0.00380761	0
3.75658e-05	0
9.27405e-07	0
2.61963e-06	0
1.07478e-06	0
2.51271e-07	0
9.00423e-07	0
2.83415e-06	0
1.20001e-07	0
5.34794e-07	0
2.16611e-05	0
1.21561e-10	0
3.00685e-08	0
8.15523e-07	0
1.08872e-10	0
0.00100748	0
2.01467e-10	0
1.81547e-08	0
2.72697e-08	0
9.2456e-07	0
0.000220878	0
1.28411e-06	0
4.73622e-07	0
0.00029464	0
0.00268418	0
1.21384e-11	0
9.8464e-14	0
7.11466e-07	0
1.91147e-05	0
1.56839e-09	0
5.33767e-07	0
3.48018e-08	0
1.11857e-05	0
5.98092e-06	0
5.14829e-09	0
4.18688e-06	0
1.09464e-06	0
7.99986e-05	0
1.26164e-08	0
6.79248e-07	0
3.30309e-10	0
5.9919e-10	0
3.00896e-05	0
4.93118e-11	0
1.57748e-09	0
2.44486e-07	0
8.76577e-05	0
1.24313e-07	0
5.38532e-08	0
0.000115573	0
1.4105e-05	0
9.50873e-20	0
8.65027e-13	0
5.05727e-08	0
6.25875e-06	0
1.43318e-05	0
0.00112981	0
7.20057e-09	0
1.26217e-07	0
5.71341e-08	0
3.66957e-09	0
1.7831e-05	0
1.56509e-06	0
2.26398e-06	0
1.97195e-10	0
5.92269e-07	1
3.16407e-06	0
2.80294e-07	0
4.08869e-08	0
0.000442462	0
6.30014e-07	0
5.63377e-05	0
6.16727e-09	0
5.31501e-08	0
1.66506e-07	0
1.38664e-05	0
0.00234019	0
0.000151713	0
1.15737e-07	0
4.42611e-07	0
6.58138e-08	0
9.95621e-06	0
1.35403e-07	0
5.5869e-08	0
6.36764e-06	0
1.33016e-07	0
1.85343e-05	0
2.97109e-06	0
1.96704e-07	0
1.44745e-07	0
4.53668e-05	0
5.31088e-05	0
6.50993e-08	0
1.06352e-06	0
5.34441e-09	0
5.6112e-06	0
1.70437e-05	0
0.000714191	0
1.28765e-10	0
3.46554e-12	0
1.63109e-05	0
3.49351e-06	0
6.19732e-08	1
0.00174579	0
2.94811e-06	0
5.36727e-08	0
4.36859e-09	0
1.08917e-07	0
1.32575e-08	0
1.37923e-07	0
4.95147e-05	0
3.01364e-10	0
0.000341662	0
2.18556e-06	0
4.35236e-06	0
0.000412763	0
6.83081e-06	0
2.69727e-07	0
5.11609e-08	0
1.42187e-07	0
4.58603e-05	0
1.73378e-09	0
3.87021e-07	0
6.56352e-06	0
2.88741e-09	0
6.05821e-08	0
2.21025e-11	0
6.18986e-11	0
0.00274385	0
1.83862e-05	0
8.13252e-08	0
0.000291397	0
5.41376e-08	0
4.68957e-08	0
6.39912e-06	0
2.42058e-06	0
2.47699e-05	0
2.95734e-05	0
4.35724e-06	0
2.59303e-07	0
6.05444e-06	0
2.01442e-09	0
2.66514e-08	0
1.99316e-10	0
3.8033e-08	0
0.00478552	0
1.1269e-07	0
1.07606e-06	0
3.8216e-09	0
7.69677e-05	0
0.00571404	0
3.39247e-09	0
4.10133e-07	0
1.23395e-05	0
2.00848e-08	0
9.83826e-08	0
1.84125e-05	0
2.77535e-07	0
8.1598e-09	0
3.47998e-05	0
0.00730977	0
2.87812e-05	0
1.33402e-06	0
3.77192e-06	0
0.00010008	0
6.86734e-08	0
0.000426328	0
1.35461e-05	0
1.12742e-05	0
5.53248e-08	0
0.0193672	0
1.54838e-07	0
6.01404e-08	0
4.46841e-09	0
1.05017e-06	0
1.60798e-06	0
0.000414142	0
4.26362e-05	0
6.2264e-07	0
6.26077e-08	0
5.66161e-07	0
3.29546e-06	0
3.2361e-07	0
1.01612e-07	0
0.000497485	0
1.24904e-05	0
1.87466e-08	0
2.28985e-06	0
3.46558e-06	0
9.40126e-10	0
3.56589e-05	0
4.80391e-06	0
0.00212849	0
0.00026788	0
0.0010884	0
0.00010553	0
2.55361e-08	0
1.91657e-08	0
6.95711e-07	0
1.1838e-08	0
2.99571e-12	0
3.99305e-06	0
1.48276e-05	0
4.21313e-06	0
0.000145886	0
7.6186e-05	0
3.01948e-08	0
0.000109357	0
2.05731e-06	0
1.70131e-06	0
7.40943e-05	0
7.509e-06	0
1.59462e-05	0
5.56232e-06	0
4.03178e-06	0
8.46706e-09	0
1.00789e-07	0
0.000167057	0
8.93194e-07	0
4.42723e-07	0
1.83864e-07	0
0.00411865	0
1.32095e-07	0
4.11494e-07	0
3.52088e-07	0
5.72394e-08	0
1.20833e-05	0
1.03266e-11	0
3.43751e-06	0
0.00257416	0
3.63116e-10	0
0.0121421	0
1.53524e-07	0
4.98513e-09	0
3.07534e-09	0
1.01e-07	0
0.000236306	0
4.61512e-11	0
7.2818e-08	0
1.70159e-07	0
2.24903e-10	0
6.7263e-07	0
1.05067e-06	0
0.000797789	0
0.000207514	0
1.22415e-10	0
3.1551e-08	0
0.000211712	0
4.22141e-08	0
8.16917e-09	0
1.26374e-07	0
1.49493e-07	0
2.52309e-10	0
9.98375e-06	0
1.28415e-05	0
4.68758e-09	0
0.000317212	0
4.99185e-08	0
1.46026e-05	0
0.000496214	0
4.68222e-06	0
5.16163e-07	0
8.69254e-09	0
1.90616e-07	0
6.68294e-08	0
1.75419e-05	0
3.73489e-08	0
0.000163535	0
5.44543e-07	0
1.07318e-08	0
0.000375829	0
3.80916e-05	0
2.35473e-08	0
3.89573e-07	0
6.25691e-06	0
3.77118e-07	0
2.51432e-12	0
1.43234e-05	0
1.07437e-09	0
4.97085e-10	0
0.000132842	0
5.85057e-10	0
3.90641e-06	0
1.80988e-06	0
1.50399e-06	0
0.000169164	0
0.00195972	0
3.52881e-07	0
1.0766e-08	0
2.67754e-09	0
1.08206e-05	0
8.80288e-08	0
2.55905e-07	0
1.64986e-06	0
1.3746e-06	0
1.89941e-14	0
6.54019e-12	0
0.000170849	0
5.08698e-05	0
3.10496e-07	0
2.19441e-08	0
3.70659e-11	0
1.86804e-07	0
0.00173706	0
7.158e-09	0
6.53051e-14	0
1.72424e-06	0
8.73593e-08	0
6.0286e-10	0
4.78831e-08	0
2.14259e-05	0
1.50736e-08	0
6.67231e-06	0
0.000101801	0
2.04889e-10	0
7.67432e-06	0
2.77548e-05	0
5.49309e-09	0
5.38381e-06	0
1.59993e-12	0
4.12285e-10	0
6.61318e-06	0
3.24082e-05	0
1.17101e-06	0
8.25592e-16	0
8.73047e-10	0
7.97977e-05	0
0.00105788	0
8.29322e-07	0
2.31548e-08	0
2.77307e-12	0
5.7063e-05	0
9.89811e-06	0
3.08836e-07	0
3.49404e-05	0
6.97604e-08	0
6.84163e-07	0
4.86169e-05	0
3.90067e-05	0
1.09231e-11	0
8.52934e-08	0
2.65893e-05	0
0.000127044	0
3.61793e-09	0
1.22968e-07	0
0.000678917	0
0.000679457	0
8.37897e-06	0
9.71434e-11	0
0.00106558	0
2.4535e-08	0
0.00292702	0
7.93423e-05	0
3.08177e-09	0
1.42915e-08	0
6.17348e-06	0
1.47673e-08	0
0.130708	0
1.75336e-06	0
5.70814e-09	0
8.74269e-07	0
0.307994	0
0.0104325	0
3.45255e-11	0
1.14351e-10	0
2.09433e-06	0
2.22827e-07	0
1.08681e-06	0
1.58948e-05	0
2.33047e-05	0
1.41148e-06	0
3.13275e-08	0
0.0125491	0
4.6213e-06	0
2.41776e-07	0
1.19629e-07	0
8.08335e-06	0
1.25709e-07	0
7.43867e-06	0
0.000143844	0
1.6604e-08	0
1.46294e-09	0
1.19903e-08	0
6.38244e-07	0
2.22168e-06	0
3.31173e-08	0
5.55367e-07	0
9.02574e-09	0
4.39404e-10	0
2.3666e-09	0
5.66199e-08	0
0.000275189	0
6.19967e-09	0
1.02262e-07	0
9.1446e-10	0
7.14787e-07	0
9.87805e-05	0
1.20005e-05	0
1.07907e-05	0
1.12411e-09	0
2.95934e-05	0
3.83661e-09	0
2.99442e-09	0
5.95741e-09	0
7.38159e-08	0
1.51953e-09	0
2.03936e-08	0
1.92432e-08	0
6.17434e-07	0
4.12745e-08	0
1.08643e-07	0
1.0681e-08	0
1.26433e-06	0
2.06274e-08	0
2.47034e-08	0
4.34989e-07	0
4.03596e-07	0
2.95349e-07	0
2.91503e-07	0
5.88207e-08	0
8.79606e-09	0
2.21523e-06	0
0.00021531	0
1.13145e-09	0
1.62958e-07	0
1.13693e-06	0
7.16658e-08	0
2.11336e-05	0
2.03006e-05	0
2.43497e-06	0
3.57186e-05	0
1.35709e-06	0
2.04106e-07	0
7.1603e-10	0
0.0206263	0
0.00157273	0
3.50718e-09	0
2.59578e-10	0
3.48965e-09	0
4.80662e-07	0
4.57312e-08	0
3.37882e-05	0
3.32496e-10	0
1.11789e-07	0
7.85688e-09	0
6.59753e-06	0
2.57184e-07	0
1.0988e-05	0
7.00296e-06	0
4.44322e-11	0
2.06055e-07	0
1.72015e-08	0
2.79463e-06	0
1.50111e-10	0
1.5593e-06	0
1.2272e-10	0
2.54093e-11	0
2.67755e-07	0
2.66018e-12	0
3.90184e-09	0
0.0152116	0
6.18822e-08	0
2.07984e-05	0
4.67554e-08	0
4.85619e-05	0
0.000249704	0
1.66535e-07	0
3.33364e-05	0
7.22035e-05	0
1.19824e-06	0
2.39216e-05	0
0.000188567	0
7.26846e-13	0
2.50349e-11	0
4.4332e-12	0
5.08918e-10	0
1.22759e-07	0
3.47514e-10	0
1.77297e-09	0
1.59133e-07	0
2.83614e-08	0
9.61161e-11	0
2.8191e-11	0
1.6749e-05	0
3.54708e-11	0
1.41407e-09	0
3.90172e-07	0
0.000262726	0
3.1997e-09	0
3.08949e-08	0
1.06555e-07	0
1.24142e-05	0
3.58897e-09	0
0.000402139	0
3.69161e-05	0
2.82675e-05	0
1.08928e-05	0
9.07775e-06	0
2.12079e-07	0
2.76748e-06	0
2.9643e-08	0
9.64332e-09	0
1.28926e-08	0
4.20423e-06	0
1.51271e-11	0
1.41309e-08	0
2.40909e-05	0
2.08604e-05	0
3.58862e-06	0
0.000137741	0
0.00589804	0
1.94397e-08	0
2.6301e-10	0
1.22945e-08	0
4.12671e-05	0
1.31338e-05	0
4.94902e-08	0
1.55436e-08	0
7.51078e-07	0
5.46584e-08	0
3.91937e-05	0
8.08696e-05	0
1.00829e-08	0
5.40382e-11	0
1.87782e-07	0
0.000137952	0
1.10502e-07	0
7.5887e-09	0
0.000363884	0
2.67736e-10	0
3.42597e-07	0
7.9786e-09	0
6.61658e-10	0
1.13004e-05	0
1.07892e-10	0
2.7637e-06	0
8.90055e-05	0
3.5802e-09	0
4.13123e-08	0
4.67244e-07	0
1.7389e-09	0
0.00231779	1
1.18289e-08	0
6.02911e-09	0
2.36276e-08	0
1.42161e-07	0
1.80503e-11	0
3.75645e-08	0
6.55035e-06	0
5.39979e-06	0
1.59316e-06	0
6.22472e-06	0
0.000108585	0
6.07393e-08	0
7.33381e-06	0
6.5452e-12	0
7.70807e-06	0
7.7684e-05	0
0.00193714	1
3.94673e-08	0
0.000259184	0
3.15502e-09	0
2.47839e-07	0
1.46485e-07	0
5.63099e-12	0
1.60468e-08	0
4.64775e-06	0
0.000300981	0
9.6842e-09	0
3.10727e-07	0
1.19675e-06	0
1.10106e-05	0
4.33997e-05	0
0.000110005	0
2.49328e-06	0
7.84924e-11	0
8.51668e-12	0
2.72648e-07	0
3.99824e-11	0
1.18613e-08	0
4.25088e-07	0
1.63539e-06	0
3.84223e-08	0
3.04388e-09	0
1.57922e-09	0
2.07414e-06	0
2.55057e-07	0
1.83881e-06	0
6.16399e-10	0
3.57322e-11	0
8.59134e-12	0
1.15554e-09	0
2.22286e-07	0
4.03058e-06	0
1.5873e-06	0
1.76951e-08	0
5.91505e-05	0
1.73252e-07	0
4.96756e-06	0
5.04609e-05	0
0.00291424	0
6.24877e-05	0
0.00109679	0
2.58358e-05	0
5.33493e-07	0
5.35848e-05	0
7.19608e-09	0
1.1595e-05	0
2.59609e-05	0
2.46096e-08	0
5.29402e-06	0
1.977e-07	0
1.16255e-05	0
4.37327e-05	0
5.40587e-05	0
1.14112e-05	0
5.52213e-08	0
9.14006e-05	0
1.47521e-09	0
3.72578e-07	0
2.66429e-07	0
0.000119209	0
1.74321e-06	0
2.89503e-07	0
2.6845e-07	0
1.08846e-05	0
1.65591e-05	0
2.06797e-06	0
7.18961e-08	0
3.72689e-05	0
4.46484e-12	0
0.000248979	0
6.01977e-11	0
1.56415e-06	0
4.44076e-07	0
0.00020921	0
5.81464e-07	0
6.50483e-07	0
2.23215e-08	0
5.05163e-09	0
5.05504e-08	0
6.26171e-05	0
7.23906e-09	0
2.19526e-08	0
6.55053e-06	0
3.9939e-07	0
1.45173e-06	0
2.29249e-06	0
1.77988e-10	0
2.01685e-05	0
5.73036e-08	0
1.06978e-06	0
9.55282e-10	0
3.30579e-06	0
5.67012e-09	0
3.59385e-07	0
4.15889e-06	0
5.78678e-07	0
4.39801e-09	0
5.39381e-06	0
1.32591e-07	0
4.22387e-11	0
1.06606e-06	0
9.12694e-05	0
4.62302e-06	0
9.01486e-07	0
1.42864e-06	0
0.000179434	0
0.000784912	0
3.72036e-06	0
8.81894e-07	0
6.26327e-08	0
2.52378e-08	0
2.11962e-07	0
1.68981e-12	0
1.55619e-07	0
4.78291e-05	0
3.62901e-06	0
1.2865e-05	0
1.91015e-05	0
1.60497e-07	0
3.43075e-07	0
7.50502e-05	0
2.45778e-06	0
1.41288e-08	0
2.42283e-07	0
2.48089e-06	0
1.14192e-10	0
8.12389e-10	0
1.12677e-05	0
0.000932211	0
2.68787e-08	0
1.28919e-06	0
0.001836	0
2.3806e-08	0
1.97021e-11	0
3.46661e-05	0
6.19068e-05	0
4.46864e-07	0
2.2829e-05	0
2.73601e-07	0
5.25465e-07	0
3.50343e-06	0
4.5592e-06	0
5.83755e-06	0
3.27885e-08	0
5.3361e-07	0
0.00651687	0
2.19204e-05	0
3.53093e-07	0
7.23753e-06	0
6.54489e-08	0
4.36174e-06	0
1.1403e-10	0
2.34545e-05	0
1.41662e-05	0
2.97837e-10	0
0.000711002	0
7.54109e-08	0
1.16791e-08	0
4.10301e-10	0
5.90245e-09	0
2.03958e-08	0
6.6651e-10	0
5.27342e-05	0
2.04038e-05	0
5.33657e-05	0
3.50016e-07	0
3.01515e-07	0
3.78975e-06	0
0.000556437	0
0.000132048	0
4.4297e-07	0
0.0100118	0
8.95352e-06	0
0.000368169	0
1.31738e-08	0
2.6607e-05	0
1.95453e-06	0
6.8829e-06	0
0.00127502	0
9.00004e-12	0
3.61834e-08	0
2.24239e-07	0
1.15801e-09	0
4.87917e-14	0
1.69431e-09	0
7.32473e-11	0
1.09639e-05	0
3.3115e-10	0
1.96504e-07	0
8.72812e-06	0
1.47522e-07	0
4.93074e-09	0
1.17395e-09	0
7.10428e-08	0
0.0004955	0
0.000175908	0
1.9307e-05	0
2.55213e-07	0
1.64147e-06	0
2.1253e-05	0
6.10216e-10	0
3.58841e-08	0
6.2994e-06	0
1.54898e-06	0
6.42007e-11	0
1.76069e-07	0
7.80051e-09	0
0.000140893	0
0.000750424	0
1.37948e-10	0
1.28217e-08	0
1.10896e-05	0
1.36829e-09	0
8.21996e-07	0
1.49812e-07	0
0.0970389	0
2.09342e-09	1
1.05136e-08	0
4.77469e-10	0
9.31897e-14	0
0.0751612	0
9.36949e-09	0
8.95499e-06	0
1.72801e-05	0
3.95597e-06	0
5.19785e-07	0
2.95711e-09	0
1.20541e-07	0
2.44594e-09	0
1.30392e-09	0
1.31549e-08	0
0.00181584	0
1.62629e-05	0
0.000149767	0
2.36866e-07	0
1.31936e-08	0
7.63534e-05	0
8.93052e-11	0
4.99968e-07	0
0.00122788	0
0.000176869	0
0.000341474	0
2.68064e-06	0
5.15377e-08	0
1.54919e-13	0
1.61483e-10	0
5.87295e-09	0
3.2616e-11	0
1.38677e-09	0
1.27834e-08	0
3.45553e-09	0
1.45919e-12	0
2.62613e-07	0
5.46964e-06	0
2.89223e-05	0
3.51476e-05	0
1.69739e-06	0
0.000358887	0
1.38035e-07	0
2.98407e-07	0
6.50554e-06	0
1.42732e-06	0
7.26512e-08	0
4.08471e-06	0
5.00237e-09	0
6.17629e-10	0
2.9811e-05	0
9.50569e-06	0
2.81699e-07	0
0.000566915	0
1.15084e-05	0
3.70473e-06	0
9.96713e-10	0
9.81319e-11	0
8.76252e-06	0
6.91838e-05	0
7.36273e-09	0
2.97869e-05	0
0.000336796	0
1.37639e-10	0
5.87264e-09	0
2.77545e-09	0
1.87366e-07	0
0.000177009	0
5.54006e-09	0
1.62087e-09	0
0.00309768	0
2.00127e-10	0
3.36978e-09	0
6.43683e-07	0
1.09257e-06	0
5.16378e-09	0
0.0166033	0
3.28047e-05	0
3.6495e-05	0
3.59517e-06	0
2.38519e-08	0
0.00122358	0
3.16165e-05	0
4.68405e-05	0
0.00015994	0
1.53934e-08	0
1.65469e-05	0
6.91922e-09	0
7.53507e-09	0
3.67627e-08	0
8.24481e-09	0
3.9368e-05	0
2.20231e-08	0
6.14397e-05	0
1.21699e-05	0
1.66499e-09	0
4.5267e-05	0
1.61827e-06	0
1.96875e-08	0
0.000523778	0
4.7499e-08	0
0.000592521	1
3.85834e-07	0
3.103e-06	0
5.9118e-10	0
1.75819e-07	0
1.33935e-07	0
1.63231e-07	0
3.3241e-06	0
2.10772e-11	0
3.43851e-09	0
1.0209e-06	0
0.000443906	0
1.81383e-06	0
6.5428e-06	0
8.91293e-06	0
3.12548e-07	0
2.43736e-08	0
4.32709e-06	0
6.11864e-13	0
1.31656e-05	0
9.89066e-06	0
2.3467e-06	0
3.7813e-07	0
2.32613e-06	0
2.94328e-06	0
2.73039e-06	0
1.76951e-06	0
1.55333e-11	0
5.26152e-07	0
1.846e-10	0
4.43587e-07	0
8.16186e-07	0
8.14632e-05	0
1.88054e-07	0
2.57819e-05	0
7.10366e-11	0
4.3803e-05	0
5.3792e-05	0
1.64797e-06	0
1.59007e-08	0
7.42769e-10	0
1.27014e-10	0
0.00184756	1
7.81628e-10	0
3.22499e-11	0
4.78135e-07	0
8.95338e-07	0
0.0397049	0
2.86018e-07	0
4.28158e-12	0
2.25411e-07	0
2.52928e-06	0
2.32158e-06	0
0.00866898	0
5.91929e-09	0
2.70199e-07	0
4.17242e-09	0
7.62686e-10	0
1.36336e-05	0
0.000111337	0
0.000226198	0
2.35308e-05	0
0.000151467	0
1.29455e-08	0
7.25774e-08	0
2.10643e-07	0
2.3808e-08	0
5.15237e-09	0
3.30542e-08	0
2.14059e-05	0
2.58535e-10	0
0.00275246	0
5.42413e-09	0
1.40082e-07	0
5.30757e-07	0
2.59323e-05	0
1.47237e-06	0
0.00599114	0
4.44763e-08	0
1.57397e-07	0
8.4733e-10	0
4.67065e-06	0
6.34369e-05	0
1.27166e-06	0
8.10602e-12	0
4.0942e-11	0
3.16107e-12	0
1.18197e-05	0
4.88545e-08	0
1.51708e-09	0
4.59393e-07	0
1.87077e-06	0
0.000261875	0
6.50157e-14	0
3.61094e-12	0
1.96687e-06	0
0.00138173	0
1.23749e-06	0
0.000269507	0
1.09374e-09	0
1.61393e-06	0
8.27971e-06	0
3.34072e-13	0
7.91484e-10	0
1.01593e-09	0
7.06782e-06	0
2.92453e-09	0
0.00189931	0
3.90096e-06	0
2.64583e-06	0
0.00364771	0
5.90742e-06	0
8.564e-06	0
5.3141e-09	0
8.97138e-07	0
2.68318e-05	0
2.50017e-05	0
5.51043e-07	0
1.00264e-06	0
0.000111212	0
2.89675e-06	0
7.34917e-06	0
1.11523e-09	0
6.52368e-07	0
0.000680522	0
4.97156e-06	0
0.0004145	0
1.00124e-06	0
3.03516e-05	0
6.20838e-05	0
0.00593535	0
0.000344436	0
0.0299607	0
2.67704e-09	0
6.37739e-06	0
1.52596e-06	0
2.66629e-06	0
2.66416e-10	0
5.35664e-05	0
5.86498e-07	0
0.00054344	0
6.4499e-05	0
0.000155413	0
2.1603e-10	0
4.70534e-07	0
2.79542e-09	0
1.24965e-06	0
2.2291e-07	0
4.26552e-08	0
1.07442e-09	0
8.54771e-06	0
1.78552e-08	0
2.58965e-06	0
8.68455e-07	0
4.5276e-08	0
1.05378e-06	0
4.13277e-05	0
2.22647e-07	0
4.20021e-09	0
7.50329e-10	0
6.27863e-07	0
2.02395e-07	0
2.14286e-07	0
4.70026e-07	0
9.79417e-05	0
2.03115e-05	0
0.000585486	0
0.000168525	0
4.28214e-10	0
5.8542e-07	0
0.0001854	0
5.35786e-07	0
0.000131364	0
1.87951e-07	0
3.72404e-14	0
8.18398e-07	0
4.37966e-09	0
0.000478691	0
1.90187e-09	0
6.33773e-08	0
6.25715e-07	0
2.22785e-06	0
1.96855e-07	0
5.66267e-07	0
9.11568e-06	0
1.98511e-08	0
7.78616e-06	0
1.49158e-07	0
9.12941e-07	0
9.40396e-06	0
2.33168e-08	0
0.0616774	0
2.72042e-11	0
5.29384e-08	0
1.13864e-07	0
0.00011755	0
1.89021e-05	0
5.91746e-07	0
0.000356271	0
1.85535e-05	0
1.16874e-06	0
2.13281e-07	0
0.000299972	0
7.27096e-05	0
9.08328e-08	0
3.10327e-07	0
0.00796122	0
2.47744e-09	0
2.33402e-07	0
1.67255e-08	0
9.7684e-06	0
1.58268e-07	0
2.38205e-06	0
1.9827e-15	0
1.37806e-08	0
2.74376e-08	0
4.75897e-08	0
1.0752e-06	0
6.13247e-05	0
9.58093e-08	0
7.89685e-10	0
0.00354091	0
4.97436e-08	0
6.0592e-07	0
7.65251e-07	0
9.87794e-11	0
6.37343e-08	0
8.77669e-06	0
1.09192e-06	0
3.76532e-07	0
6.68435e-08	0
1.8877e-08	0
1.33036e-06	0
4.51929e-08	0
2.26558e-05	0
1.08165e-06	0
0.00390269	0
0.000100279	0
1.95841e-08	0
2.27262e-07	0
3.00521e-09	0
0.00358757	0
4.76984e-08	0
0.00168321	0
3.0052e-06	0
4.64183e-06	0
0.00200408	1
2.31031e-06	0
2.72629e-07	0
7.53697e-09	0
2.73251e-06	0
2.54755e-07	0
3.46011e-09	0
4.5097e-06	0
7.21031e-06	0
2.33228e-05	0
0.00109988	0
5.00569e-09	0
5.80917e-06	0
7.52592e-05	0
0.00991708	0
2.17827e-10	0
1.02197e-07	0
1.23099e-06	0
1.62582e-09	0
1.62267e-09	0
1.59866e-05	0
6.62898e-07	0
6.5162e-09	0
5.55421e-06	0
5.07325e-08	0
7.77938e-07	0
1.86591e-08	0
8.23045e-10	0
9.4913e-12	0
5.27222e-09	0
2.3639e-07	0
4.41853e-07	0
0.000213203	0
2.01506e-07	0
3.92863e-08	0
1.68907e-09	0
1.19819e-07	0
0.000168246	0
3.56312e-08	0
0.00015462	0
4.65869e-07	0
1.25652e-06	0
6.24207e-08	0
0.147114	0
0.00500949	0
0.00112186	0
3.5211e-07	0
4.38362e-07	0
1.13164e-05	0
2.55659e-07	0
2.26224e-16	0
0.000355099	0
1.20108e-07	0
1.56805e-14	0
4.75526e-08	0
3.85339e-07	0
1.69913e-05	0
1.57661e-06	0
1.36878e-07	0
0.000456952	0
3.04113e-05	0
7.58073e-09	0
7.16681e-07	0
5.27553e-07	0
3.29507e-06	0
0.000769996	0
4.42134e-10	0
2.02287e-08	0
2.8425e-06	0
3.82756e-06	0
5.55555e-10	0
1.26807e-06	0
1.46033e-05	0
6.37975e-11	0
1.51295e-07	0
4.48183e-12	0
1.03447e-05	0
2.63426e-07	0
1.46898e-07	0
3.39118e-07	0
5.0996e-07	0
2.61406e-05	0
2.50245e-09	0
1.55432e-05	0
0.00176641	0
6.94263e-06	0
1.06974e-06	0
2.79983e-06	0
3.73577e-07	0
3.1886e-06	0
0.00365135	0
9.99808e-05	0
1.2634e-06	0
1.29662e-08	0
2.46128e-06	0
0.000329942	0
8.44079e-06	0
1.17812e-07	0
8.44578e-07	0
2.61214e-09	0
7.31498e-10	0
9.53912e-07	0
1.3157e-07	0
1.24028e-05	0
1.37534e-05	0
3.82216e-06	0
0.00045146	0
5.43796e-05	0
3.58234e-07	0
0.171524	0
1.61261e-08	0
2.22953e-06	0
8.3032e-10	0
3.14091e-07	0
7.32612e-10	0
2.64397e-08	0
4.08755e-08	0
2.67351e-07	0
0.845395	1
0.00042852	0
0.00641756	0
2.47143e-07	0
4.14217e-07	0
1.42741e-06	0
1.66754e-09	0
1.09141e-05	0
2.77758e-08	0
4.6949e-09	0
3.03442e-05	0
0.0483438	0
0.00186887	0
0.000906933	0
2.7022e-09	0
0.000180416	0
0.000957011	0
1.76454e-07	0
2.69646e-07	0
1.99813e-07	0
5.60996e-05	0
6.58011e-08	0
8.13723e-07	0
6.73072e-08	0
1.8983e-05	0
7.94264e-07	0
5.42197e-11	0
8.16923e-06	0
5.67011e-09	0
7.31362e-08	0
6.25681e-08	0
6.50756e-06	0
3.97081e-10	0
0.000760202	0
1.00414e-05	0
5.08111e-06	0
2.00283e-09	0
7.72444e-05	0
0.000127795	0
7.26128e-06	1
7.99924e-09	0
1.16839e-08	0
1.09049e-08	0
6.33668e-06	0
3.12049e-05	0
5.71689e-06	0
1.08776e-06	0
2.49107e-07	0
1.09111e-08	0
3.17074e-07	0
0.0041305	0
0.000185555	0
0.000764389	0
1.60449e-06	0
9.04584e-05	0
1.89204e-07	0
0.000142387	0
1.96779e-07	0
8.53232e-07	0
5.47382e-07	0
2.5073e-05	0
0.000653608	0
3.9829e-07	0
1.68735e-06	0
8.58489e-10	0
1.58652e-07	0
3.52006e-05	0
1.13364e-06	0
4.25434e-08	0
9.38389e-08	0
3.37263e-12	0
4.06121e-09	0
2.42983e-08	0
3.52052e-07	0
1.80356e-10	0
1.40417e-05	0
1.46011e-05	0
9.02499e-07	0
3.84436e-12	0
5.98243e-08	0
3.17492e-11	0
2.83696e-07	0
4.82934e-07	0
0.00022685	0
5.71811e-06	0
2.8104e-11	0
4.64658e-08	0
2.24665e-10	0
1.54805e-05	0
1.82593e-07	0
4.78236e-09	0
6.12321e-10	0
4.73894e-08	0
2.90065e-08	0
7.40946e-07	0
0.00106841	0
2.9076e-08	0
4.21498e-09	0
1.37063e-07	0
0.000130179	0
1.34781e-08	0
2.42901e-09	0
7.51957e-06	0
1.02674e-06	0
9.11527e-07	0
4.38126e-05	0
4.18778e-10	0
5.18492e-05	0
0.000130817	0
0.00037175	0
1.41125e-07	0
3.67193e-11	0
1.10661e-11	0
0.00122282	0
1.49225e-10	0
2.04163e-08	0
4.56111e-07	0
6.02375e-05	0
5.4253e-09	0
1.786e-06	0
1.67592e-06	0
9.04285e-08	0
1.77031e-05	0
0.000560975	0
2.3843e-08	0
6.30554e-07	1
0.0340144	0
4.77354e-07	0
2.82411e-11	0
4.59434e-09	0
5.84497e-07	0
1.29819e-06	0
0.00121592	0
4.18994e-08	0
2.77415e-07	0
0.000100848	0
1.32494e-07	0
4.1906e-06	0
1.19161e-09	0
1.3933e-06	0
3.65402e-06	0
5.22199e-06	0
6.18625e-09	0
1.51378e-09	0
1.05082e-10	0
5.44454e-06	0
9.77308e-05	0
8.39335e-11	0
1.02427e-07	0
1.39574e-07	0
0.000263074	0
0.000148521	0
3.62204e-08	0
1.42843e-05	0
4.22575e-05	0
0.00140827	0
3.55524e-05	0
0.250531	0
7.92735e-11	0
1.4763e-08	0
1.4605e-12	0
7.48833e-07	0
4.12614e-10	0
6.83364e-06	0
5.96954e-08	0
7.70074e-06	0
1.39012e-09	0
1.38054e-12	0
3.79288e-05	0
0.000133661	0
9.67822e-08	0
8.41757e-09	0
1.3493e-08	0
2.53916e-08	0
6.19967e-06	0
2.33244e-09	0
8.84767e-07	0
4.06153e-05	0
2.97658e-07	0
0.00662014	0
2.1779e-06	0
2.55024e-07	0
2.42551e-08	0
8.3849e-11	0
9.10575e-08	0
0.00229633	0
1.21103e-10	0
6.40412e-08	0
0.00303807	0
6.92622e-08	0
3.52661e-05	0
8.89234e-06	0
8.3793e-08	0
0.0664005	0
3.03344e-08	0
1.63086e-08	0
1.98011e-06	0
6.91753e-09	0
1.77358e-07	0
5.72934e-10	0
2.52481e-07	0
2.24934e-06	0
3.87563e-09	0
1.25586e-08	0
1.60979e-06	0
2.65923e-05	0
3.43836e-07	0
1.48054e-11	0
6.56335e-12	0
1.29266e-09	0
8.50209e-05	0
0.00025901	0
1.50813e-10	0
2.26559e-05	0
1.10386e-05	0
6.67866e-10	0
3.61795e-05	0
2.69482e-08	0
1.36441e-07	0
1.16051e-05	0
3.85303e-05	0
3.02608e-07	0
2.83334e-07	0
0.000231589	0
0.000129103	0
0.0545798	1
4.77193e-07	0
3.75381e-06	0
1.98902e-10	0
0.000571997	0
1.3175e-07	0
1.87731e-05	0
2.47508e-09	0
1.69455e-06	0
8.33762e-06	0
1.30141e-05	0
1.43413e-10	0
2.63656e-08	0
1.9609e-06	0
0.000283383	0
1.8328e-06	0
4.93829e-05	0
4.49478e-06	0
3.65075e-09	0
3.18622e-09	0
1.96322e-05	0
0.0417898	0
1.63454e-09	0
2.47319e-05	0
1.04722e-08	0
9.76816e-07	0
8.40932e-12	0
1.64698e-06	0
8.93451e-09	0
1.61796e-09	0
5.66834e-09	0
6.44344e-06	0
2.23097e-06	0
4.98621e-10	0
7.40064e-07	0
1.62377e-08	0
3.22958e-09	0
1.01926e-08	0
1.15494e-06	0
1.8919e-06	0
1.17554e-06	0
6.06846e-05	0
1.70715e-05	1
1.00031e-08	0
1.2566e-05	0
4.82449e-09	0
1.40074e-05	0
2.09195e-05	0
3.46514e-08	0
0.000309717	0
1.87276e-06	0
9.92573e-10	0
2.34863e-06	0
3.50243e-06	0
2.27229e-08	0
5.4578e-05	0
2.3801e-08	0
1.65691e-06	0
4.68068e-08	0
3.01225e-06	0
5.99207e-07	0
8.68953e-11	0
9.9859e-06	0
0.00127007	0
5.18943e-05	0
2.79805e-06	0
1.17137e-10	0
0.000207125	0
3.75362e-07	0
0.00125231	0
3.09229e-07	0
1.13878e-07	0
5.09696e-06	0
3.24471e-09	0
6.0269e-05	0
1.18111e-08	0
1.00845e-05	0
0.00130649	0
3.38375e-12	0
2.34876e-07	0
2.14214e-08	0
0.000814046	0
3.29274e-07	0
1.60148e-13	0
1.59922e-11	0
1.21231e-07	0
4.51911e-07	0
0.0215384	0
0.00013691	0
3.62625e-07	0
2.16397e-06	0
7.55095e-05	0
8.87331e-06	0
0.000174697	0
6.32657e-05	0
3.74021e-08	0
8.26559e-10	0
0.000252471	0
2.01906e-05	0
1.77982e-07	0
3.76272e-06	0
4.05379e-08	0
2.90043e-09	0
9.55133e-07	0
3.27068e-08	0
5.97329e-06	0
7.46119e-10	0
7.97026e-08	0
1.35316e-08	0
1.8859e-08	0
7.34751e-09	0
1.79372e-10	0
2.93655e-05	0
5.96918e-06	0
2.15724e-07	0
2.97752e-06	0
1.82255e-07	0
5.60751e-05	0
8.63059e-08	0
1.64232e-06	0
2.38898e-06	0
4.58185e-06	0
0.000649846	0
2.47878e-06	0
9.5249e-08	0
2.52e-05	0
6.85468e-06	0
3.95529e-08	0
3.00871e-06	0
1.79204e-07	0
5.30123e-09	0
1.04473e-09	0
5.28121e-08	0
0.00122904	0
0.00475468	0
0.000325421	1
4.21166e-09	0
7.02885e-09	0
9.66942e-08	0
7.28558e-08	0
5.29407e-09	0
6.84218e-07	0
0.000485901	0
1.01365e-05	0
0.000114332	0
6.41925e-09	0
0.0135319	0
0.00264116	0
2.2772e-10	0
0.000321381	0
3.21164e-09	0
1.53339e-08	0
4.48748e-06	0
1.12648e-06	0
3.26523e-08	0
0.000204518	0
0.00697526	0
1.77873e-08	0
4.60144e-06	0
1.02316e-07	0
8.60438e-06	0
9.0072e-06	0
5.08251e-07	0
2.95702e-05	0
7.15119e-08	0
2.28598e-11	0
5.27373e-10	0
4.29023e-10	0
1.45057e-08	0
1.1588e-07	0
0.000118755	0
1.12272e-08	0
1.38087e-10	0
4.35851e-05	0
3.06928e-07	0
1.82827e-09	0
1.06291e-05	0
1.46661e-07	0
6.48742e-10	0
9.59113e-05	0
2.11476e-08	0
5.77123e-06	0
1.22887e-06	0
5.5126e-08	0
2.76607e-11	0
1.66322e-10	0
1.29329e-05	0
2.69418e-07	0
7.24597e-08	0
5.74626e-07	0
1.17106e-09	0
1.68472e-05	0
8.11269e-07	0
1.93523e-07	0
0.000914818	0
0.389287	0
4.68625e-06	0
2.09213e-06	0
5.37131e-09	0
0.00191604	0
1.79985e-07	0
1.61307e-09	0
0.00138495	0
3.59119e-06	0
2.87626e-07	0
1.12438e-07	0
2.91248e-05	0
6.8647e-09	0
3.95602e-07	0
1.15742e-08	0
8.11095e-16	0
2.56324e-05	0
3.23565e-07	0
1.00295e-06	0
4.69766e-12	0
2.48203e-07	0
6.90248e-07	0
4.02138e-06	0
3.64827e-06	0
0.0019824	0
0.000794605	0
1.15016e-06	0
6.92218e-08	0
7.21821e-06	0
7.30634e-06	0
1.22594e-05	0
7.9891e-06	0
1.59229e-05	0
3.25466e-05	0
5.68938e-06	0
2.44824e-07	0
0.00247442	0
5.81639e-09	0
6.09116e-08	0
9.67286e-07	0
1.62309e-08	0
8.84907e-06	0
2.94455e-08	0
1.4892e-10	0
2.76587e-05	0
8.4622e-06	0
4.1422e-05	0
3.4397e-06	0
0.000397323	0
0.00168462	0
0.000117045	0
0.00927272	0
1.00466e-06	0
1.85113e-09	0
1.00661e-05	0
9.42085e-08	0
0.00181923	0
2.92069e-06	0
1.06515e-05	0
5.86087e-05	0
5.59322e-06	0
2.34444e-05	0
5.67514e-05	0
6.21853e-08	0
0.00237661	0
1.41439e-08	0
1.95859e-07	0
5.18194e-06	0
1.42389e-05	1
5.28507e-11	0
1.13364e-05	0
0.0932913	0
4.34312e-06	0
3.52072e-05	0
5.92431e-07	0
0.000522865	0
5.08023e-09	0
7.43939e-06	0
4.32974e-08	0
0.00592655	0
1.72567e-05	0
3.84552e-06	0
0.000289392	0
3.1832e-09	0
3.53203e-11	0
4.21919e-07	0
4.71056e-07	0
0.00125024	0
3.49479e-06	0
7.43493e-06	0
0.000497168	0
0.000191204	0
8.72768e-09	0
2.03074e-05	0
3.35377e-09	0
7.6874e-07	0
1.94893e-05	0
3.72507e-07	0
3.50687e-07	0
1.23075e-10	0
1.34793e-05	0
1.02814e-07	0
2.09843e-11	0
7.80444e-05	0
3.72636e-12	0
4.03544e-05	0
1.25539e-06	0
3.78951e-05	0
6.40554e-07	0
1.26586e-08	0
9.86935e-05	0
4.00571e-06	0
9.18874e-07	0
4.04182e-07	0
1.88769e-06	0
2.95947e-10	0
9.03111e-09	0
1.2874e-05	0
4.1909e-08	0
1.47248e-05	0
5.55775e-10	0
3.40054e-09	0
1.77809e-05	0
8.26774e-09	0
9.63164e-06	0
1.07089e-10	0
1.39048e-06	0
3.26385e-06	0
1.56136e-08	0
9.61665e-09	0
1.50676e-09	0
1.14099e-07	0
7.11597e-07	0
1.20382e-09	0
3.76629e-05	0
4.7656e-07	0
1.07384e-09	0
8.33812e-06	0
1.15809e-08	0
1.29766e-10	0
3.22053e-07	0
0.00128101	0
3.49159e-06	0
0.0538236	0
4.72318e-05	0
0.000488212	0
2.32531e-06	0
9.2189e-08	0
6.30306e-10	0
4.29937e-07	0
1.97013e-07	0
0.000841281	0
1.67984e-06	0
0.00178091	0
3.34009e-08	0
4.71955e-11	0
6.32576e-08	0
1.36944e-06	0
0.000283043	0
0.000167192	0
1.23042e-07	0
1.97774e-08	0
3.47573e-08	0
2.75359e-06	0
6.49333e-06	0
6.63472e-07	0
1.53083e-06	0
0.000185798	0
7.80708e-06	0
7.82876e-08	0
5.80817e-09	0
3.86187e-06	0
9.1902e-05	0
9.37868e-06	0
3.68487e-06	0
5.98952e-10	0
1.46374e-06	0
3.06728e-07	0
2.05442e-08	0
4.1346e-08	0
1.59456e-08	0
1.29656e-08	0
1.48871e-08	0
4.67921e-10	0
3.08461e-10	0
1.71727e-06	0
0.000116699	0
6.03572e-09	0
0.000164051	0
1.24894e-07	0
4.99378e-05	0
5.29524e-10	0
1.05164e-12	0
3.48474e-06	0
5.79238e-05	0
0.000258362	0
4.17214e-06	0
3.51541e-10	0
2.92118e-05	0
2.47334e-09	0
3.78603e-06	0
6.96859e-09	0
6.5782e-10	0
5.93439e-10	0
2.87586e-08	0
3.37551e-05	0
1.28942e-06	0
0.108062	0
0.373794	0
5.50715e-11	0
1.67995e-06	0
0.000102701	1
2.38084e-08	0
3.53784e-08	0
1.61447e-06	0
4.3847e-05	0
8.48757e-07	0
1.16188e-05	0
3.48064e-06	0
1.63504e-10	0
0.00135066	0
4.38784e-06	0
0.00241378	0
6.17826e-06	0
1.84057e-10	0
3.58669e-08	0
0.000163101	0
9.16618e-18	0
2.83003e-06	0
8.65669e-06	0
1.01064e-07	0
2.30482e-05	0
7.98858e-06	0
1.41434e-06	0
3.88759e-09	0
1.67653e-05	0
2.49306e-06	0
6.00467e-06	0
1.78654e-07	0
1.13384e-05	0
8.83807e-10	0
2.6237e-06	0
7.8269e-06	0
1.57975e-07	0
3.90459e-13	0
1.62107e-09	0
1.7232e-08	0
2.63552e-05	0
3.67979e-08	0
2.47976e-10	0
4.24577e-08	0
2.46045e-08	0
2.77788e-16	0
6.52987e-06	0
6.42798e-09	0
4.82999e-09	0
1.21519e-06	0
9.59201e-06	0
0.000110289	0
3.45521e-05	0
2.67309e-06	0
1.05371e-07	0
2.68096e-07	0
2.40975e-05	0
1.17051e-06	0
1.72984e-07	0
1.45528e-09	0
1.18407e-09	0
1.73262e-08	0
0.100295	0
0.000145342	0
1.39208e-07	0
7.59105e-08	0
2.14668e-05	0
0.00025155	0
0.00126033	0
1.33583e-08	0
1.40291e-07	0
8.21664e-17	0
1.30302e-05	0
2.3449e-07	0
0.000256508	0
8.00402e-08	0
3.562e-06	0
0.00363875	0
2.04805e-06	0
4.93284e-07	0
2.97317e-06	0
1.97227e-10	0
8.20834e-07	0
1.11854e-09	0
2.30218e-08	0
2.48614e-09	0
3.1967e-05	0
9.15404e-07	0
1.59259e-06	0
3.95001e-05	0
1.72226e-06	0
2.40393e-08	0
3.97791e-05	0
2.64916e-05	0
6.14221e-06	0
0.00182787	0
3.34034e-05	0
1.58373e-06	0
0.000938906	0
2.81929e-09	0
2.88496e-08	0
8.10746e-09	0
4.78697e-08	0
1.70179e-09	0
2.37389e-10	0
3.5074e-06	0
4.72862e-08	0
1.61691e-07	0
0.000704154	0
4.81954e-07	0
0.000135398	0
5.15835e-07	0
0.000399477	0
2.55947e-09	0
0.000191456	0
1.42873e-06	0
1.30657e-05	0
1.20019e-06	0
3.24263e-09	0
1.80699e-07	0
5.15155e-12	0
5.51264e-08	0
2.66598e-09	0
3.58826e-10	0
1.23615e-06	0
0.0012801	0
1.81248e-07	0
0.000329525	0
6.24568e-06	0
3.47288e-08	0
7.65785e-13	0
0.00120571	0
0.000527225	0
7.23565e-09	0
2.50373e-08	0
0.000822471	0
5.01274e-08	0
1.4291e-08	0
1.77375e-08	0
3.15805e-09	0
1.55724e-11	0
7.77926e-14	0
9.82139e-08	0
4.75956e-06	0
1.70804e-07	0
3.03632e-08	0
0.000194026	0
7.17369e-09	0
1.77438e-07	0
1.40637e-12	0
1.79917e-05	0
8.77656e-08	0
0.00136274	0
3.51474e-05	0
1.67698e-06	0
0.000140019	0
6.72398e-07	0
5.42405e-06	0
1.45354e-06	0
4.98e-07	0
2.2955e-05	0
6.54652e-06	0
5.68952e-05	0
3.47842e-10	0
2.96797e-07	0
1.32562e-07	0
1.39573e-05	0
3.07817e-09	0
5.49064e-05	0
8.03939e-07	0
2.6958e-09	0
2.40567e-08	0
1.31589e-10	0
3.2833e-11	0
5.58302e-05	0
1.16966e-08	0
7.70225e-05	0
0.000828016	0
3.74073e-10	0
5.66111e-07	0
2.41105e-07	0
0.000147566	0
2.99997e-05	0
1.68213e-06	0
1.4657e-08	0
4.34019e-10	0
1.66326e-06	0
7.49235e-10	0
1.4877e-07	0
1.1913e-06	0
3.58808e-05	0
3.87352e-08	0
7.87744e-08	0
0.0109737	0
3.13836e-07	0
8.43079e-06	0
2.8608e-07	0
1.65777e-05	0
2.3488e-08	0
5.5997e-09	0
2.51485e-11	0
5.96958e-10	0
3.53117e-06	0
4.508e-07	0
0.000131891	0
3.56554e-07	0
0.00241377	0
2.05128e-07	0
7.88317e-06	0
0.0260483	0
0.000105957	0
3.75575e-07	0
7.3449e-06	0
7.80328e-09	0
2.87337e-06	0
3.02426e-09	0
1.91895e-07	0
4.55974e-05	0
2.18118e-05	0
9.22029e-06	0
8.93799e-07	0
2.956e-08	0
0.000230003	0
1.84955e-09	0
5.0623e-06	0
3.70906e-07	0
2.43744e-05	0
1.10016e-07	0
5.0344e-06	0
7.19703e-07	0
1.4518e-05	0
3.65618e-06	0
4.04783e-09	0
1.45079e-06	0
0.000765425	0
6.53636e-07	0
4.49098e-09	0
3.20082e-05	0
0.000456739	0
8.23338e-05	0
0.000246115	0
1.31258e-09	0
1.40736e-06	0
3.99365e-06	0
1.94989e-06	0
7.15808e-06	0
2.8016e-08	0
1.03484e-05	0
0.536436	0
1.06325e-08	0
5.97626e-08	0
0.000129825	0
2.34789e-08	0
4.57184e-07	0
6.63502e-05	0
4.36661e-08	0
7.86906e-08	0
1.94322e-07	0
7.5556e-08	0
3.59427e-07	0
2.63851e-07	0
8.28142e-10	0
0.000323693	0
2.2916e-06	0
3.16854e-09	0
1.47271e-06	0
0.00269843	0
5.01248e-08	0
9.21417e-12	0
2.47909e-07	0
1.24039e-08	0
0.0190702	0
2.38306e-05	0
9.81929e-07	0
1.50301e-06	0
1.37159e-09	0
1.96072e-06	0
7.77522e-06	0
3.59029e-06	0
6.28554e-09	0
1.73552e-06	0
1.20824e-05	0
2.85394e-06	0
4.68286e-07	0
3.88634e-09	0
2.25894e-06	0
2.06847e-07	1
1.79082e-06	0
2.23929e-07	0
2.86109e-09	0
0.000651714	0
1.99589e-06	0
9.9099e-07	0
1.81356e-05	0
1.11865e-10	0
0.178826	1
1.58694e-08	0
8.99769e-06	0
1.03321e-05	0
2.77929e-06	0
1.20241e-07	0
5.6644e-07	0
2.25592e-06	0
0.0625967	0
4.05696e-08	0
5.9377e-07	0
8.27033e-06	0
0.000214181	0
8.05208e-05	0
5.93183e-05	0
9.12935e-05	0
1.38239e-07	0
1.50679e-05	0
1.00845e-06	0
9.87093e-07	0
7.54861e-07	0
2.50059e-05	0
7.86785e-11	0
0.000891479	0
1.60891e-08	0
7.1953e-05	0
8.31753e-06	0
3.41976e-09	0
2.19975e-05	0
0.00011242	1
4.18154e-15	0
3.78693e-11	0
2.82818e-08	0
3.39631e-05	0
1.61702e-06	0
1.87896e-09	0
1.37258e-11	0
7.07961e-05	0
1.42407e-06	0
8.6482e-09	0
7.44729e-08	0
3.02055e-05	0
9.74997e-05	0
0.0191762	0
4.81493e-08	0
6.09532e-09	0
4.41151e-07	0
2.34628e-06	0
1.97211e-07	0
5.86119e-07	0
4.3422e-06	0
1.55469e-05	0
9.72455e-10	0
7.39141e-11	0
0.000102668	0
4.56116e-06	0
0.11548	0
1.18426e-07	0
6.10932e-05	0
3.03054e-11	1
4.99076e-05	0
1.21193e-09	0
5.48628e-05	0
8.28507e-07	0
2.8051e-08	0
2.07872e-08	0
6.4097e-12	0
2.47697e-06	0
1.70348e-06	0
3.78356e-08	0
7.29347e-08	0
2.44886e-09	0
4.44904e-07	0
4.30078e-08	0
4.95845e-09	0
7.62337e-10	0
1.02698e-07	0
0.000152584	0
8.295e-07	0
2.24647e-07	0
0.000378189	0
5.12964e-05	0
9.97323e-10	0
2.94242e-07	0
7.29119e-06	0
1.14151e-07	0
9.83326e-06	0
1.03098e-08	0
1.6668e-07	0
7.576e-08	0
0.0945529	0
2.35838e-08	0
1.30076e-08	0
2.18428e-05	0
2.48245e-10	0
7.57266e-09	0
1.26435e-06	0
7.8525e-07	0
3.5945e-05	0
4.59751e-07	0
5.82978e-05	0
2.59643e-09	0
4.49573e-07	0
6.55509e-07	0
6.51738e-06	0
1.25897e-08	0
2.84922e-08	0
3.18808e-14	0
2.1817e-05	0
4.38386e-11	0
4.09303e-08	0
1.54173e-09	0
1.54818e-08	0
1.67963e-07	0
1.02356e-06	0
9.26947e-05	0
0.000815454	0
3.90464e-05	0
5.41295e-07	0
3.66143e-05	0
1.5253e-07	0
4.92313e-07	0
1.09751e-06	0
3.47258e-09	0
1.6237e-09	0
5.72454e-08	0
2.3175e-07	0
8.32849e-07	0
0.000180086	0
3.11774e-05	0
0.00100101	0
2.04616e-05	0
2.63724e-09	0
1.25509e-08	0
0.000609776	0
0.000174405	0
9.23883e-08	0
2.05109e-07	0
3.17415e-05	0
0.00607115	0
0.00102894	0
0.000265202	0
3.83646e-07	0
9.45121e-09	0
3.37227e-08	0
1.64908e-05	1
1.0416e-06	0
0.00101202	0
0.000222171	0
6.16838e-05	0
1.89551e-05	0
0.000185487	0
5.55175e-08	0
2.81834e-07	0
1.80774e-07	0
9.23601e-08	0
1.46295e-05	0
8.47557e-08	0
3.38732e-08	0
0.000632448	0
8.58609e-05	0
5.54718e-09	0
7.29475e-09	0
1.25038e-10	0
4.35451e-06	0
1.34866e-09	0
5.81958e-08	0
0.000120666	0
1.57035e-07	0
0.000173796	0
2.8247e-09	0
9.44487e-08	0
1.5478e-05	0
7.28963e-10	0
0.00019473	0
1.07925e-05	0
0.0011636	0
1.26879e-08	0
4.16493e-06	0
1.77347e-07	0
6.40144e-06	0
2.15075e-06	0
6.04179e-10	0
2.83379e-07	0
6.2633e-07	0
1.71925e-06	0
4.4298e-07	0
0.000307777	0
9.61347e-07	0
1.85674e-09	0
2.66873e-05	0
2.49185e-09	0
0.00140227	0
3.88535e-08	0
5.03121e-07	0
4.21529e-08	0
0.000189678	0
9.94919e-07	0
6.58693e-06	0
1.88235e-06	0
0.000366087	0
5.00859e-06	0
0.000205368	0
1.06923e-05	0
7.4421e-06	0
1.50263e-05	0
0.0007747	0
0.000126334	0
6.44461e-07	0
4.74839e-09	0
2.12222e-08	0
4.77868e-06	0
7.43794e-11	0
1.33814e-06	0
2.45633e-09	0
1.96652e-07	0
1.27984e-08	0
1.60206e-05	0
6.29954e-09	0
3.07621e-06	0
0.00014396	0
6.0547e-08	0
9.91004e-09	0
6.87806e-09	0
8.51016e-06	0
8.24536e-05	0
4.21519e-07	0
3.30885e-10	0
3.99052e-08	0
6.89983e-07	0
3.0061e-09	0
3.28066e-14	0
1.06631e-07	0
3.03114e-08	0
8.87801e-07	0
3.22176e-08	0
1.27139e-05	0
2.36878e-10	0
2.59116e-10	0
3.23314e-07	0
1.18527e-06	0
6.51116e-07	0
1.21796e-09	0
0.000805172	0
1.31017e-07	0
8.56263e-08	0
7.3079e-07	0
9.88067e-09	0
2.36066e-08	0
1.93801e-06	0
2.67728e-07	0
0.026609	0
1.515e-05	0
7.1907e-09	0
4.5501e-12	0
1.43343e-07	0
2.36907e-06	0
5.17124e-07	0
5.88909e-08	0
1.86051e-05	0
1.07025e-09	0
1.90092e-05	0
1.22682e-10	0
5.22701e-07	0
6.22259e-06	0
1.41168e-08	0
8.33103e-06	0
3.60382e-07	0
6.40329e-07	0
6.97028e-07	0
4.69964e-06	0
6.1913e-07	0
2.6003e-07	0
5.00702e-10	0
5.65818e-10	0
2.3383e-08	0
3.53388e-09	0
5.8214e-07	0
1.81005e-07	0
1.73182e-09	0
2.00061e-07	0
1.20831e-11	0
1.68144e-06	0
4.10559e-06	0
1.76475e-06	0
4.00195e-07	0
1.95476e-07	0
5.73962e-05	0
4.12145e-10	0
3.20288e-07	0
2.44061e-10	0
8.46368e-08	0
1.17606e-08	0
2.76006e-12	0
2.50233e-07	0
2.84089e-06	0
8.38874e-08	0
3.36324e-05	0
2.6333e-08	0
0.000137237	0
6.62487e-08	0
5.49015e-06	0
1.90577e-10	0
2.02814e-10	0
8.24818e-09	0
1.5426e-06	0
5.47586e-09	0
8.94024e-07	0
3.8037e-07	0
6.01055e-10	0
2.15411e-06	0
4.15168e-06	0
1.4051e-07	0
4.53992e-06	0
5.44751e-06	0
2.31264e-10	0
8.13858e-06	0
1.75325e-06	0
2.15751e-07	0
1.20515e-06	0
3.53161e-08	0
7.58686e-07	0
1.94262e-07	0
1.17529e-07	0
0.000573736	0
4.94443e-07	0
1.57198e-08	0
7.84051e-05	0
0.00897193	0
1.01542e-05	0
1.09665e-09	0
2.56069e-09	0
1.2638e-06	0
0.000969602	0
4.89483e-06	0
0.00181088	1
0.00933306	0
2.46949e-06	0
6.04436e-08	0
2.02643e-07	0
1.58778e-07	0
0.00331542	0
1.07639e-06	0
6.35491e-08	0
2.32339e-07	0
0.00067121	0
5.6937e-06	0
7.86685e-05	0
7.90793e-10	0
4.57264e-08	0
6.71289e-07	0
4.35082e-08	0
4.45782e-08	0
9.79659e-07	0
1.4748e-06	0
8.74354e-06	0
3.70122e-07	0
5.39279e-07	0
1.14596e-08	0
7.92492e-07	0
2.15698e-06	0
4.98139e-09	0
2.45099e-07	0
2.15168e-07	0
5.5827e-07	0
2.53912e-08	0
2.65045e-08	0
6.0213e-07	0
2.23951e-08	0
3.6344e-08	0
1.1379e-07	0
2.65903e-05	0
2.46278e-07	0
1.88209e-05	0
6.542e-05	0
1.36562e-08	0
3.93553e-08	0
0.000191709	0
1.75089e-09	0
6.63921e-10	0
4.12156e-07	0
9.99368e-05	0
7.58834e-07	0
4.45198e-10	0
2.21064e-06	0
1.71074e-05	0
4.34914e-08	0
3.26324e-08	0
7.30737e-09	0
0.000537208	0
2.70927e-08	0
0.000690002	0
3.55703e-08	0
0.00121539	1
3.40838e-08	0
0.000592008	0
2.26468e-07	0
0.00024097	0
2.84889e-07	0
1.23498e-06	0
7.47206e-07	0
8.7657e-09	0
0.00563205	0
4.319e-09	0
5.21778e-11	0
1.04771e-05	0
4.23506e-06	0
1.89814e-09	0
0.00558149	0
1.25774e-09	0
1.84599e-08	0
3.14648e-07	0
2.92721e-08	0
1.14059e-10	0
1.40065e-05	0
1.75989e-09	0
4.26303e-10	0
3.63264e-09	0
5.70753e-08	0
0.0002661	0
8.94843e-07	0
2.97994e-08	0
4.18879e-05	0
1.35446e-08	0
2.48845e-06	0
2.81447e-06	0
1.79817e-09	0
2.4958e-06	0
7.90931e-05	0
4.12641e-05	0
2.51106e-07	0
0.000130046	0
5.4032e-06	0
5.00569e-11	0
8.30338e-08	0
1.07464e-05	0
1.40954e-06	0
2.86541e-05	0
5.22088e-09	0
7.65157e-05	0
7.08309e-08	0
4.85509e-05	0
1.18716e-08	0
2.43077e-08	0
6.56979e-05	0
7.87577e-07	0
0.00132551	0
1.68689e-08	0
1.52164e-05	0
3.56888e-09	0
4.75195e-08	0
8.81316e-08	0
8.30652e-11	0
3.62539e-06	0
0.000162737	0
2.4844e-08	0
0.000147818	0
1.20814e-07	0
1.45635e-08	0
5.12542e-08	0
2.46526e-05	0
3.8305e-07	0
6.46607e-06	0
1.63356e-07	0
2.14112e-06	0
1.0628e-07	0
7.2319e-08	0
0.00608135	0
4.0261e-09	0
0.000553133	0
1.31117e-06	0
1.09955e-09	0
5.08314e-09	0
1.85263e-06	0
2.0373e-06	0
2.42425e-07	0
0.000859335	0
8.0025e-08	0
1.30932e-05	0
2.54389e-06	0
2.34876e-12	0
9.92131e-08	0
1.6569e-05	0
2.13564e-05	0
2.07142e-08	0
1.55956e-06	0
4.70495e-08	0
0.0016824	0
4.59381e-06	0
0.000974297	0
5.85893e-08	0
1.76509e-07	0
0.01604	0
4.23382e-05	0
7.69659e-07	0
1.64078e-06	0
8.74218e-08	0
1.55957e-10	0
1.33754e-08	0
3.67087e-08	0
2.14516e-06	0
5.74536e-08	0
9.76425e-07	0
2.17779e-07	0
0.000439789	0
0.00583072	0
2.21078e-08	0
3.02022e-08	0
1.00988e-08	0
2.79147e-08	0
1.08608e-08	0
1.00143e-05	0
0.00126483	0
7.10955e-06	0
3.62796e-08	0
0.00014196	0
5.76613e-09	0
2.20345e-07	0
2.50124e-09	0
4.85054e-05	0
1.47636e-06	0
1.06087e-09	0
7.72505e-05	0
0.000162445	0
8.02498e-08	0
4.87936e-05	0
7.5303e-11	0
1.66526e-06	0
1.62241e-06	0
3.90148e-07	0
0.00101707	0
4.55619e-06	0
3.65433e-08	0
3.1229e-08	0
1.01265e-05	0
0.00189099	0
1.85924e-08	0
1.20873e-05	0
0.00153885	0
5.81194e-06	0
2.38932e-06	0
6.35077e-08	0
8.09557e-07	0
1.43134e-07	0
2.23673e-05	0
1.03248e-05	0
2.4022e-09	0
0.000292069	0
4.12946e-09	0
9.10082e-07	0
7.18204e-08	0
0.000127963	0
1.19495e-06	0
1.99358e-07	0
1.74308e-06	0
8.96367e-08	0
4.32823e-09	0
0.0015325	0
0.00103583	0
7.54741e-09	0
6.69997e-06	0
6.76958e-07	0
9.69313e-08	0
2.60895e-07	0
0.000152153	0
3.04967e-08	0
1.99692e-07	0
2.91766e-08	0
0.000188156	0
2.12518e-07	0
8.97881e-09	0
8.92256e-05	0
2.24454e-05	0
8.47735e-08	0
1.09791e-09	0
4.59967e-06	0
0.00361605	0
0.000220107	0
4.07008e-06	0
1.5187e-09	0
1.2425e-09	0
2.58563e-07	0
0.00419079	0
1.56255e-08	0
3.30214e-08	0
1.23084e-06	0
4.24259e-06	0
6.12092e-07	0
1.79716e-11	0
1.64006e-08	0
0.000161017	0
1.16805e-11	0
2.09137e-10	0
3.75989e-10	0
4.06634e-07	0
5.92449e-06	0
0.000393704	0
4.84378e-08	0
7.2291e-08	0
0.000491246	0
8.92269e-06	0
1.58354e-09	0
7.49327e-08	0
6.37797e-09	0
7.19947e-06	0
2.27045e-05	0
1.26001e-06	0
3.33677e-07	0
4.50399e-09	0
4.0597e-09	0
2.39414e-07	0
4.52441e-07	0
8.60901e-06	0
1.11809e-07	0
5.67853e-08	0
1.64896e-05	0
6.29693e-06	0
3.67611e-06	0
1.44803e-05	0
0.0100998	0
7.56536e-06	0
3.94101e-05	0
4.66587e-07	0
3.90505e-05	0
1.74264e-05	0
8.07393e-05	0
2.02333e-05	0
2.51124e-06	0
2.33928e-05	0
0.0229372	0
1.54117e-07	0
1.86101e-06	0
2.71222e-07	0
8.61429e-08	0
1.85741e-06	0
2.1495e-08	0
1.67414e-08	0
4.57561e-09	0
7.67567e-14	0
1.43988e-11	0
5.85994e-06	0
0.00248091	0
2.62208e-06	0
1.91005e-07	0
7.30272e-07	0
2.10897e-06	0
2.57871e-05	0
4.92792e-07	0
1.93128e-07	0
0.00196186	0
1.0038e-06	0
4.79461e-08	0
0.000145203	0
4.94532e-08	0
1.25806e-11	0
5.83833e-06	0
9.18804e-08	0
1.25192e-08	0
2.03859e-07	0
2.24461e-10	0
8.11753e-07	0
4.4377e-09	0
1.06587e-05	0
1.4232e-05	0
1.99816e-07	0
6.11752e-08	0
3.21459e-06	0
7.49242e-09	0
1.20178e-11	0
6.59491e-05	0
1.30188e-09	0
2.36303e-11	0
0.000389042	0
1.09166e-11	0
2.96833e-09	0
1.33592e-06	0
3.51155e-09	0
0.656818	1
9.28263e-09	0
0.000102696	0
1.96627e-05	0
0.00589867	0
1.70995e-07	0
9.91405e-08	0
2.64324e-07	0
0.00115476	0
6.50742e-09	0
2.83871e-07	0
0.00651787	0
8.18724e-08	0
9.89997e-11	0
3.08435e-07	0
3.28751e-13	0
8.3422e-07	0
7.74724e-10	0
0.000157594	0
0.000759025	0
5.51014e-07	0
0.00619981	0
7.02262e-08	0
1.60766e-05	0
0.000186905	0
6.10905e-08	0
3.38378e-11	0
4.325e-05	0
4.70419e-09	0
3.61902e-05	0
2.34674e-07	0
5.58852e-06	0
0.000106852	0
1.32066e-05	0
1.31753e-07	0
8.10531e-08	0
9.71973e-08	0
3.65331e-07	0
1.10235e-09	0
1.70465e-07	0
5.61281e-08	0
0.0011435	0
1.68109e-05	0
0.000256059	0
3.43963e-08	0
1.15221e-08	0
2.96259e-06	0
2.75305e-08	0
1.9158e-05	0
6.89174e-10	0
0.000897569	0
7.52113e-06	0
1.91834e-07	0
8.63403e-09	0
9.87909e-08	0
3.99578e-08	0
2.8896e-07	0
3.32185e-06	0
5.70825e-09	0
9.05998e-06	0
1.36923e-05	0
1.19988e-10	0
5.45479e-09	0
1.44842e-10	0
7.69349e-09	0
0.000261276	0
1.37976e-07	0
1.03983e-06	0
2.9118e-08	0
6.11705e-05	0
5.4435e-12	0
1.38729e-06	0
2.63535e-09	0
7.22034e-05	0
8.45646e-10	0
2.53682e-10	0
2.47426e-08	0
1.74512e-05	0
2.18669e-06	0
1.54333e-07	0
5.27083e-11	0
1.7865e-05	0
1.09464e-06	0
3.13526e-05	0
0.0296869	0
3.15186e-09	0
1.17559e-06	0
4.45115e-05	0
6.45228e-07	0
9.19501e-06	0
4.85518e-05	0
4.17567e-10	0
3.10574e-06	0
0.00102836	0
1.12224e-06	0
6.58769e-10	0
3.90816e-07	0
7.28201e-06	0
0.000384052	0
6.65845e-12	0
2.07595e-08	0
1.41707e-07	0
3.02308e-05	0
1.31824e-11	0
4.61367e-06	0
8.91194e-10	0
2.18427e-12	0
4.75399e-05	1
1.76394e-05	0
4.49547e-09	0
1.58014e-09	0
1.20962e-05	0
9.49646e-09	0
7.50061e-10	0
2.46597e-07	0
5.47274e-09	0
6.45766e-07	0
2.53939e-07	0
2.35045e-08	0
2.25227e-09	0
1.8971e-06	0
6.84214e-06	0
0.000219319	0
2.49143e-07	0
6.65982e-09	0
1.20525e-07	0
5.946e-11	0
8.9528e-07	0
1.30059e-05	0
2.71483e-07	0
6.08471e-06	0
0.000275162	0
1.3715e-09	0
1.65037e-07	0
9.2418e-07	0
5.76348e-08	0
3.63046e-07	0
1.00664e-05	0
7.74688e-15	0
0.00170659	0
1.51406e-08	0
6.55508e-06	0
2.03007e-07	0
3.95363e-06	0
9.78978e-10	0
3.13337e-08	0
4.08868e-07	0
5.44391e-06	0
6.42195e-06	0
0.000497046	0
6.50284e-06	0
0.000837167	0
9.03996e-11	0
4.0507e-10	0
1.73923e-11	0
5.10213e-09	0
3.08697e-05	0
2.93603e-12	0
1.8762e-05	0
3.98556e-09	0
2.33148e-09	0
1.92413e-11	0
1.92958e-06	0
6.28151e-07	0
3.33693e-07	0
2.15814e-07	0
0.000802105	0
5.37722e-08	0
1.97465e-05	0
3.2208e-10	0
5.47411e-05	0
5.41545e-07	0
1.87253e-05	0
1.49185e-07	0
1.21605e-06	0
3.87519e-09	0
2.66432e-09	0
4.13581e-07	0
2.3743e-05	0
1.27871e-05	0
6.57108e-10	0
1.46649e-06	0
3.3601e-08	0
3.44944e-08	0
2.36159e-07	0
7.90884e-08	0
1.38103e-09	0
9.53438e-07	0
1.63866e-05	0
2.181e-08	0
2.26606e-06	0
4.29659e-13	0
1.19775e-07	0
4.853e-08	0
1.44746e-13	0
1.40549e-08	0
4.31076e-14	0
7.20269e-07	0
1.16764e-07	0
7.91596e-05	0
6.13875e-06	0
5.53349e-10	0
9.82751e-07	0
9.62805e-12	0
9.72463e-08	0
1.07089e-08	0
5.85744e-06	0
1.56136e-06	0
3.37725e-10	0
2.65506e-06	0
1.37646e-07	0
0.00013822	0
3.96396e-07	0
1.07255e-06	0
1.16599e-11	0
1.05184e-06	0
1.93619e-08	0
3.39169e-05	0
1.71503e-09	0
2.54477e-11	0
1.65698e-07	0
3.15565e-09	0
4.93677e-11	0
4.26733e-06	0
1.71082e-08	0
6.61176e-06	0
6.34146e-08	0
6.09969e-08	0
7.11954e-12	0
3.37258e-08	0
3.11334e-10	0
4.96334e-10	0
1.04843e-07	0
5.10919e-11	0
3.23246e-08	0
2.91367e-07	0
1.68782e-05	0
1.06701e-07	0
7.8955e-09	0
1.18544e-15	0
1.89671e-06	0
6.94466e-05	0
9.18909e-07	0
1.68645e-06	0
1.69942e-07	0
0.00340161	0
7.02317e-06	0
2.9728e-06	0
3.65536e-08	0
1.69287e-07	0
6.36917e-07	0
7.65685e-10	0
7.0075e-11	0
3.90901e-06	0
0.0002425	0
3.94323e-06	0
1.5685e-11	0
3.07242e-05	0
6.48581e-10	0
2.15813e-10	0
4.42646e-07	0
6.30426e-06	0
3.51586e-09	0
3.64034e-08	0
2.69232e-10	0
5.07311e-08	0
8.4338e-08	0
1.74817e-12	0
6.08823e-08	0
1.54923e-09	0
8.7238e-09	0
1.07196e-10	0
3.33566e-09	0
7.7317e-09	0
2.04351e-06	0
0.000560526	0
1.71817e-11	0
3.53035e-09	0
4.76757e-05	0
8.24262e-13	0
1.72678e-10	0
2.33584e-11	0
1.37905e-10	0
6.96728e-06	0
5.84451e-09	0
3.75362e-07	0
8.98608e-06	0
1.56954e-11	0
1.14561e-09	0
4.24861e-13	0
0.000744649	0
1.56017e-05	0
2.21672e-07	0
5.18739e-10	0
6.20497e-07	0
2.96763e-05	0
1.187e-05	0
6.70303e-06	0
3.10578e-08	0
6.26716e-05	0
1.27566e-05	0
1.48609e-09	0
2.53783e-09	0
2.04899e-05	0
1.41228e-11	0
0.000134944	0
1.30888e-06	0
1.44336e-05	0
1.72335e-09	0
1.24451e-08	0
0.000403174	0
0.000261436	0
8.06237e-09	0
1.75e-09	0
1.45902e-08	0
1.34699e-06	0
0.00177698	0
8.24179e-07	0
4.71355e-06	0
2.09065e-09	0
3.03345e-07	0
1.11968e-07	0
1.31943e-11	0
3.80194e-09	0
2.87759e-07	0
7.68889e-06	0
2.20656e-09	0
2.79007e-11	0
1.32669e-05	0
1.26026e-05	0
0.000813671	0
0.000452566	0
0.000142317	0
2.08975e-07	0
1.44087e-05	0
3.3217e-08	0
8.67116e-05	1
4.69775e-06	0
2.06295e-07	0
5.38509e-09	0
0.00013578	0
6.89024e-05	0
3.80555e-07	0
6.51874e-09	0
1.7954e-07	0
5.64425e-05	0
3.56063e-09	0
0.00214571	0
1.0485e-05	0
0.000110185	0
4.30313e-07	0
2.31904e-07	0
0.328681	1
0.00017066	0
5.61211e-06	0
2.79765e-08	0
8.12948e-09	0
4.68865e-09	0
9.71652e-06	0
1.05425e-12	0
4.85321e-05	0
0.00250817	0
1.70957e-05	0
4.30051e-06	0
1.49127e-08	0
7.43246e-06	0
1.85674e-06	0
0.0265141	0
4.14504e-06	0
7.4505e-08	0
2.72568e-10	0
0.00750886	0
1.48162e-08	0
2.00467e-12	0
3.86248e-07	0
1.09886e-07	0
0.00435845	0
1.50178e-07	0
0.000466691	0
2.25181e-07	0
0.000168423	0
1.23177e-07	0
1.60841e-05	0
1.62725e-05	0
0.000136797	0
0.00259223	0
3.7909e-06	0
3.63083e-06	0
5.00198e-13	0
0.000213627	0
6.54689e-09	0
9.21263e-06	0
3.68004e-09	0
0.000119708	0
5.91754e-09	0
0.96574	0
2.31561e-10	0
3.27879e-06	0
7.85028e-07	0
5.92265e-11	0
7.5951e-06	0
5.86939e-08	0
8.99463e-06	0
7.26488e-09	0
0.000155249	0
1.53017e-06	0
0.00032767	0
1.65909e-09	0
1.74677e-12	0
5.23134e-06	0
1.45524e-06	0
8.74948e-06	0
1.74734e-09	0
7.48283e-06	0
9.42579e-07	0
1.47886e-06	0
2.91268e-07	0
9.93711e-06	0
1.13024e-05	0
9.34585e-10	0
2.34855e-05	0
3.56865e-06	0
7.04566e-06	0
7.65509e-06	0
0.0207121	0
1.76932e-06	0
2.5867e-06	0
5.48183e-06	0
4.86585e-07	0
6.6209e-07	0
1.68637e-07	0
1.45395e-07	0
4.63497e-07	0
4.85989e-09	0
6.25542e-08	0
7.28606e-07	0
1.10183e-06	0
3.47722e-07	0
1.09786e-09	0
4.84772e-07	0
3.03296e-08	0
6.78825e-09	0
8.70928e-10	0
1.1132e-08	0
4.81233e-09	0
8.55616e-10	0
1.50653e-06	0
1.22623e-05	0
6.91304e-06	0
2.5964e-06	0
1.1152e-13	0
3.0898e-06	0
1.07415e-15	0
2.39714e-07	0
9.75813e-07	0
2.09279e-05	0
8.7877e-07	0
2.89468e-09	0
2.21613e-09	0
3.16977e-12	0
2.08893e-08	0
1.49181e-11	0
4.21157e-09	0
6.1637e-14	0
1.04324e-06	0
1.12479e-11	0
4.07806e-09	0
1.2298e-07	0
5.62376e-11	0
4.94507e-08	0
2.26349e-11	0
2.95678e-09	0
1.77904e-10	0
2.94681e-09	0
4.78068e-09	0
3.23603e-09	0
7.76226e-09	0
8.48639e-09	0
2.02212e-10	0
2.31477e-09	0
8.0274e-09	0
3.37826e-08	0
3.67401e-08	0
2.3798e-08	0
1.45475e-09	0
8.70353e-08	0
4.3783e-11	0
4.93066e-12	0
1.21869e-10	0
1.29336e-08	0
6.85498e-09	0
1.08934e-08	0
1.61912e-08	0
4.5916e-07	0
2.97361e-06	0
0.000315645	0
5.25686e-06	0
2.72673e-05	0
1.39632e-08	0
1.13843e-06	0
1.6902e-08	0
6.42637e-08	0
9.37988e-08	0
8.98088e-10	0
1.32147e-13	0
3.33444e-08	0
5.67314e-05	0
8.45826e-06	0
8.47428e-11	0
2.10583e-05	0
1.50063e-05	0
1.39589e-05	0
0	1
0	1
0	1
0	1
0	1
0	1
0	1
0	1
0	1
0	1
0	1
0	1
0	1
0	1
0	1
0	1
0	1
0	1
0	1
0	1
0	1
0	1
0	1
0	1
