1.8422	0
4.9594	0
1.7133	0
1.1857	0
6.2686	1
1.0371	0
4.209	0
0.5106	0
3.3221	0
1.6659	0
1.4393	0
1.705	0
5.5874	0
16.6589	0
1.0767	0
5.1208	0
1.1031	0
1.2582	0
4.5821	0
3.9485	0
1.0351	0
2.7212	0
7.3872	0
1.0062	0
11.9191	0
15.2602	0
1.452	0
3.8414	0
3.6869	0
2.9193	0
3.2591	0
1.7832	0
7.6795	0
0.9797	0
0.8108	0
0.8377	0
1.9287	0
0.3977	0
3.2353	0
1.0617	0
1.1689	0
1.0961	0
0.5068	0
2.3322	0
1.707	0
7.2772	0
2.4674	0
6.9452	0
3.8137	0
1.2806	0
3.0126	0
6.8882	0
0.8628	0
4.9173	0
1.7499	0
0.5871	0
4.2813	0
1.8448	0
8.2642	0
1.5905	0
0.741	0
10.692	0
18.3067	0
4.3283	0
0.5557	0
5.1959	0
8.3726	0
3.9239	0
2.838	0
0.9494	0
0.8525	0
2.8495	0
1.7744	0
1.7744	0
4.8794	0
4.1159	0
0.5145	0
1.614	0
1.4228	0
0.4783	0
1.2557	0
0.9507	0
1.5966	0
11.3612	0
3.8541	0
1.2057	0
2.6542	0
6.8677	0
0.67	0
0.5827	0
7.3235	0
3.7665	0
7.0031	1
9.8006	0
1.1489	0
2.8528	0
0.9353	0
0.724	0
1.9557	0
14.9834	0
1.363	0
0.565	0
10.2955	0
1.4034	0
3.5707	0
3.5242	0
2.0759	0
1.2358	0
0.6905	0
1.417	0
1.1219	0
4.5646	0
8.9813	0
9.3585	0
1.1873	0
1.7317	0
1.5054	0
2.4804	0
1.5919	0
2.1902	0
3.5738	0
7.9161	0
1.8405	0
16.5783	0
1.0678	0
0.1226	0
3.002	0
5.9334	0
1.3306	0
9.0129	0
2.5876	0
2.1996	0
2.6513	0
3.0482	0
0.4394	0
1.5055	0
0.8371	0
4.1747	0
2.4847	0
1.0746	0
0.8602	0
3.8529	0
2.0779	0
2.6932	0
1.2083	0
1.0428	0
8.9085	0
0.4662	0
4.5022	0
3.056	0
2.2757	0
6.3491	0
1.3551	0
4.074	0
3.3952	0
2.3262	0
2.0428	0
0.6808	0
0.4288	0
0.7462	0
1.5143	0
2.9227	0
3.6477	0
25.8527	0
1.8136	0
5.4607	1
1.7251	0
2.4703	0
1.2334	1
2.9927	0
1.2778	0
3.665	0
3.9886	0
4.8367	0
2.6126	0
0.7774	0
1.1688	0
1.7904	0
2.3059	0
8.0099	0
1.1161	0
1.2393	0
2.496	0
3.0772	0
27.4486	0
2.0614	0
3.3166	0
1.7542	0
2.2821	0
1.814	0
1.5932	0
2.0135	0
3.3487	0
2.7451	0
7.7155	0
0.8576	0
1.4245	0
3.2849	0
3.4536	0
9.3043	0
6.7728	0
2.1031	0
6.2166	1
2.1876	0
2.3883	0
1.2029	0
2.8775	0
2.7829	0
1.0985	0
0.7115	0
2.5876	0
0.6782	0
1.9612	0
0.4524	0
0.9033	0
7.8124	0
0.9803	0
1.4361	0
3.5216	0
6.8732	0
15.6819	0
5.5746	0
0.3389	0
5.9575	0
0.5548	0
3.4579	0
0.6317	0
0.914	0
3.4234	0
2.4136	0
0.8562	0
3.2748	0
0.7908	0
1.3206	0
7.6921	0
8.5065	0
0.983	0
10.9491	0
0.6913	0
1.8666	0
10.0666	0
0.8842	0
7.9142	0
1.3019	0
3.1911	0
4.1749	0
5.1077	0
3.2463	0
4.7737	0
4.5379	0
2.3798	0
3.2891	0
0.2955	0
12.0883	0
3.8183	0
2.3478	0
6.5308	0
0.3713	0
13.8643	0
0.7209	0
0.7785	0
9.8742	0
1.5638	0
10.6711	0
1.198	0
6.0035	0
2.2926	0
0.9248	0
2.0649	0
1.2365	0
4.6094	0
13.186	0
1.4558	0
1.869	0
8.6429	0
2.2703	0
1.0011	0
1.1107	0
0.8113	0
2.1643	0
1.3777	0
1.4026	0
0.3774	0
2.1725	0
2.35	0
0.6558	0
1.2588	0
4.3215	0
2.4913	0
1.532	0
18.1933	0
3.4835	0
0.4322	0
0.4239	0
8.9164	0
12.608	0
8.7623	0
4.8229	0
1.0991	0
7.4605	0
0.585	0
6.6345	0
0.9062	0
0.3228	0
2.604	0
11.1475	0
1.2062	0
2.2904	0
1.2316	0
1.0929	0
0.874	0
0.942	0
9.6001	0
2.6076	0
1.2068	0
1.7758	0
1.1424	0
2.0906	0
0.4638	0
0.7063	0
2.5627	0
3.0386	0
0.9303	0
2.8791	0
1.5652	0
5.6946	0
3.4188	0
7.5292	0
1.2594	0
8.7489	0
1.6314	0
6.7617	0
0.5905	0
7.4995	0
0.592	0
8.1438	0
8.5845	0
7.7922	0
1.1981	0
0.7011	0
2.6782	0
1.0656	0
2.5562	0
0.7139	0
5.8821	0
2.7196	0
2.0432	0
1.0253	0
1.5681	0
15.23	1
2.0042	0
3.3273	0
2.1109	0
10.3073	0
12.017	0
1.5144	0
3.8724	0
1.5108	0
3.0196	0
18.2263	0
5.861	0
5.7481	0
4.1695	0
3.4369	0
2.3599	0
0.9346	0
0.9301	0
3.4519	0
0.793	0
1.7319	0
1.8974	0
8.5256	0
0.2844	0
1.3198	0
1.1805	0
1.273	0
4.1467	0
2.536	0
6.7421	0
5.6061	0
1.9689	0
1.1193	0
1.4721	0
1.8848	0
2.4257	0
3.0797	0
12.4402	0
2.6234	0
1.062	0
1.2003	0
4.9008	0
2.624	0
4.6714	0
1.1181	0
12.0659	0
10.1652	0
0.9135	0
2.0458	0
0.6069	0
4.2263	0
0.7279	0
8.5873	0
2.223	0
2.7684	0
2.7634	0
0.532	0
1.8031	0
2.9675	0
5.9365	0
9.8475	0
2.0466	0
1.2588	0
2.6689	0
3.6453	0
11.6417	0
1.1415	0
14.1728	0
0.8394	0
3.0895	0
0.6643	0
5.1728	0
2.5867	0
1.0389	0
1.8845	0
0.5842	0
6.7332	0
6.9058	0
13.3317	0
7.0066	0
3.0426	0
8.0639	0
1.6469	0
1.6957	0
1.1544	0
4.6992	0
1.1651	0
1.4116	0
10.3041	0
1.2495	0
0.9181	0
1.2612	0
15.502	0
11.3776	0
5.454	0
1.8849	0
2.3931	0
1.736	0
2.2989	0
1.0991	0
3.1776	0
3.4473	0
1.181	0
10.3705	0
11.0198	0
8.4837	0
0.3641	0
1.8379	0
7.9193	0
1.8932	0
3.0619	0
2.8404	0
1.373	0
0.9505	0
0.6606	0
16.1627	0
1.3359	0
1.1255	0
2.7809	0
3.4222	1
7.4913	0
0.8634	0
5.5445	0
1.3148	0
1.0641	0
3.6325	0
1.2316	0
0.649	0
11.0649	0
2.8228	0
1.6501	0
0.4601	0
5.2427	0
0.441	0
1.882	0
1.1084	0
1.0162	0
2.8664	0
1.4448	0
2.6652	0
7.0598	0
3.1834	0
0.3873	0
9.0162	1
2.7029	0
0.1841	0
0.0	1
0.0	1
0.0	1
0.0	1
0.0	1
0.0	1
0.0	1
0.0	1
0.0	1
0.0	1
0.0	1
3.3306	0
15.962	0
28.8614	0
1.8415	0
2.7843	0
9.0761	0
1.416	0
10.4533	0
7.2188	0
1.7851	0
2.3436	0
1.636	0
1.3343	0
28.2401	0
2.1716	0
11.0303	0
5.4544	0
2.6783	0
17.6612	0
1.3345	0
5.625	0
1.6464	0
6.5448	0
2.82	0
3.8772	0
1.9164	0
5.5999	0
19.4042	0
4.086	0
1.5601	0
2.2831	0
1.4015	0
1.5907	0
5.2669	0
1.5736	0
2.4855	0
2.0552	0
5.5209	0
4.2713	0
1.3494	0
1.4467	0
2.0315	0
1.88	0
2.9326	0
1.8061	0
3.15	0
11.4818	0
3.5736	0
3.4782	0
2.3466	0
1.9646	0
1.5376	0
4.5105	0
13.1426	0
2.689	0
4.7483	0
1.762	0
4.8726	0
3.7527	0
6.1984	0
2.6431	0
3.7465	0
1.9755	0
1.4394	0
1.4976	0
1.7072	0
2.143	0
4.7564	0
12.1498	0
2.8688	0
11.8062	0
1.5499	0
10.1429	0
1.8496	0
16.3701	0
3.3864	0
1.7018	0
4.4905	0
3.9948	0
7.2597	0
1.375	0
2.1139	0
3.7771	0
2.0041	0
2.159	0
7.0041	0
10.1099	0
3.1842	0
2.1613	0
5.7635	0
2.9657	0
2.2047	0
7.1853	0
4.5742	0
1.8507	0
3.5163	0
2.9191	0
1.336	0
1.5943	0
1.6579	0
6.5856	0
1.9172	0
3.5997	0
1.845	0
1.4463	0
6.6399	1
4.9873	0
4.7487	0
5.6291	0
2.6284	0
2.4646	0
23.6691	0
3.1325	0
2.8822	0
2.8106	0
3.036	0
21.2565	0
3.8945	0
7.2872	0
4.3017	0
3.1965	0
1.8289	0
1.5548	0
3.8394	0
6.5355	0
7.8853	1
7.8097	0
1.4837	0
1.4206	0
3.6098	0
6.6885	0
8.5465	0
3.2125	0
3.0529	0
7.0642	0
1.5977	0
15.9624	0
5.0532	0
2.6593	0
4.6033	0
24.6888	0
2.5699	0
2.8466	0
5.6716	0
12.3774	0
5.1277	0
1.8524	0
20.0108	0
7.0689	0
20.8182	0
2.3825	0
3.0786	0
1.6335	0
2.7432	0
1.7091	0
1.8414	0
29.2092	0
1.8684	0
1.759	0
11.004	0
1.4152	0
1.9056	0
2.2571	0
1.3829	0
1.8915	0
2.5833	0
3.9018	0
1.3214	0
2.2509	0
2.9464	0
4.9625	0
3.6404	0
3.4072	0
1.6739	0
3.6662	0
11.7806	0
7.3357	0
1.9955	0
1.9937	0
6.4134	0
2.3922	0
3.1256	0
5.6317	0
3.7181	0
16.8415	0
5.7597	0
10.6514	0
4.4709	0
1.4883	0
2.019	0
2.2946	0
3.6314	0
3.1582	0
1.4745	0
1.6208	0
5.3691	0
11.264	0
2.1762	0
1.2949	0
2.8157	0
4.2731	0
2.2445	0
1.798	0
4.0793	0
2.1031	0
2.0726	0
2.7967	0
2.4795	0
2.1665	0
4.854	1
2.095	0
1.523	0
1.5979	0
1.8157	0
4.024	0
2.0382	0
1.3908	0
3.9438	0
11.5472	0
6.2423	0
21.944	0
1.5633	0
1.5526	0
1.5124	0
5.0605	0
10.7047	0
8.8309	0
4.4706	0
3.068	0
2.4361	0
3.1912	0
2.3937	0
1.6157	0
1.3287	0
1.3912	0
5.2546	0
3.3749	0
7.7183	0
2.5663	0
4.8487	0
16.3323	0
4.9143	0
1.3886	0
2.8743	0
1.5529	0
2.604	0
1.4187	0
2.3997	0
3.8034	0
3.0532	0
6.8003	0
2.258	0
17.8958	0
1.9503	0
15.5427	0
11.5586	0
1.8052	0
4.0435	0
7.5183	0
1.4657	0
9.0558	0
12.1923	0
1.627	0
2.1646	0
2.5825	0
7.8494	0
6.1934	0
2.5117	0
3.1883	0
15.1893	0
1.8011	0
7.9284	0
7.0493	0
16.6785	0
7.3123	0
5.8064	0
1.8271	0
10.4954	0
2.7879	0
6.203	0
17.3466	0
1.4292	0
9.7962	0
1.8363	0
1.9337	0
3.0058	0
1.4314	0
14.6464	0
1.8747	0
2.9535	0
4.9037	0
7.1688	0
1.6978	0
4.3912	0
2.2027	0
11.0462	0
13.6426	0
2.8082	0
17.3019	1
5.8389	0
16.3516	0
17.033	0
1.9638	0
8.9367	0
1.6985	0
2.3489	0
2.9663	0
1.5002	0
9.6558	0
1.9889	0
3.8206	0
1.5779	0
2.4515	0
6.1684	0
2.8463	0
9.0684	0
3.437	0
2.4114	0
1.9577	0
1.9013	0
1.4596	0
3.3362	0
3.8008	0
1.2604	0
2.081	0
3.6633	0
2.9344	0
1.6068	0
5.0861	0
2.9464	0
1.7037	0
19.3943	0
11.2584	0
16.659	0
2.4502	0
1.756	0
2.375	0
3.7345	0
2.8504	0
2.0052	0
1.7831	0
1.8557	0
4.2036	0
2.4114	0
6.631	0
1.6197	0
29.209	0
1.5213	0
10.3626	0
3.2886	0
10.2959	0
2.1598	0
2.0701	0
5.0639	0
3.4702	0
5.6572	0
33.0106	1
3.0916	0
10.1352	0
1.4924	0
1.7763	0
2.8184	0
3.0745	0
2.9376	0
24.0935	0
13.9589	0
8.8344	0
9.0176	0
1.6012	0
1.5567	0
2.0231	0
1.6648	0
3.4168	0
2.1176	0
3.1014	0
12.709	1
3.6655	0
24.3217	1
7.368	0
22.8453	0
5.6406	0
1.679	0
14.0229	1
2.3022	0
2.1073	0
4.2017	0
2.7785	0
1.7992	0
1.7318	0
4.2293	0
6.0973	0
18.7434	0
2.3061	0
2.835	0
1.5341	0
4.5441	0
2.4591	0
2.0425	0
3.3302	0
1.4448	0
1.8234	0
3.9847	0
7.2254	0
4.7905	0
5.7823	0
2.7151	0
4.538	0
1.673	0
2.4105	0
1.3865	0
3.7413	0
10.7093	0
3.9153	0
2.5244	0
1.4133	0
2.5082	0
5.0464	0
13.0564	0
12.9133	0
5.1305	0
3.1956	0
1.5269	0
3.7749	0
2.4815	0
1.8014	0
1.6508	0
2.7369	0
4.519	0
10.1482	0
18.8041	0
3.2	0
4.1195	0
3.7347	0
5.9069	0
1.4498	0
4.3343	0
1.4192	0
2.6457	0
4.408	1
2.6432	0
3.9655	0
4.5184	0
3.0982	0
3.6216	0
17.8691	0
6.9232	0
1.3135	0
8.1138	0
5.8405	0
1.7883	0
9.443	0
16.5024	0
1.3747	0
2.4212	0
6.3878	0
8.347	0
3.4215	0
4.5396	0
14.2313	0
2.3913	0
7.8421	1
1.662	0
1.7012	0
7.2413	0
6.8549	0
5.4914	0
1.4585	0
2.0658	0
2.5226	0
2.5886	0
1.3556	0
5.5721	0
2.0729	0
7.5294	0
2.2606	0
1.4777	0
8.7385	0
1.5818	0
3.7084	0
3.2978	0
2.1431	0
2.6957	0
1.4406	0
3.4805	0
1.4397	0
6.6489	0
2.0556	0
1.9507	0
5.0336	0
2.461	0
3.8443	0
1.521	0
4.6054	0
2.2756	0
1.5705	0
2.7238	0
6.7506	0
2.1968	0
6.4519	0
3.3177	0
1.3493	0
6.8373	0
1.3384	0
1.4977	0
1.5918	0
3.6367	0
3.8601	0
6.2643	0
13.2849	0
22.5997	1
1.4875	0
1.6461	0
12.9884	0
2.8118	0
3.8019	0
1.9842	0
7.9156	0
8.234	0
2.8456	0
4.4202	0
7.2905	0
6.2664	0
2.864	0
9.9036	0
4.177	0
4.4774	0
2.5412	0
1.5586	0
4.8095	0
2.5871	0
3.6266	0
6.2634	0
1.6722	0
12.0748	0
2.1014	0
2.5725	0
3.069	0
3.5101	0
8.2361	0
1.773	0
2.4504	0
1.4107	0
2.8737	0
4.9521	0
3.4387	0
2.1025	0
3.4043	0
4.4373	0
5.369	0
1.476	0
1.5712	0
3.6526	0
5.9305	0
4.311	0
8.0156	0
1.9349	0
3.6608	0
3.1728	0
1.6831	0
1.4027	0
1.5853	0
16.4264	0
11.7168	0
1.9207	0
3.2871	0
1.9162	0
6.3727	0
1.3572	0
2.0726	0
2.9892	0
10.0012	0
3.9043	0
7.1857	0
2.264	0
1.4936	0
2.143	0
20.5156	0
3.579	0
2.0131	0
1.5033	0
6.6988	0
21.3744	1
1.4559	0
15.3878	0
2.5322	0
2.7666	0
13.3482	0
11.5407	0
4.3206	0
3.8203	0
1.6118	0
16.8628	0
1.5517	0
3.3039	0
2.6806	0
2.3338	0
2.022	0
2.0268	0
1.6472	0
6.1095	0
4.2772	0
3.9255	0
1.9447	0
1.6413	0
2.4243	0
3.3042	0
1.3145	0
5.7543	0
4.3142	0
11.8061	0
5.9037	0
2.9371	0
3.1254	0
4.3987	0
1.3066	0
15.3339	0
1.8593	0
2.2111	0
8.7158	0
9.5932	0
1.9258	0
2.3402	0
4.6315	0
1.6559	0
1.4991	0
2.1357	0
2.0401	0
1.7042	0
1.3175	0
2.1735	0
2.0044	0
2.8674	0
3.9946	0
1.7635	0
3.2159	0
1.5276	0
3.3776	0
3.3452	0
16.0477	0
3.3309	0
24.4408	0
1.9154	0
6.0577	0
2.522	0
39.9993	1
5.762	0
1.9848	0
3.8935	0
1.9667	0
10.4906	0
2.1194	0
2.2797	0
4.4526	0
1.7594	0
2.1766	0
23.7721	1
9.2881	0
1.4941	0
7.5902	0
1.5552	0
4.2351	0
13.7422	0
18.226	0
4.6509	0
1.8766	0
2.2786	0
4.5809	0
2.0078	0
3.3126	0
1.3223	0
1.6186	0
6.5811	0
2.8926	0
3.6439	0
1.5273	0
5.2464	0
5.6895	0
4.0489	0
18.432	0
6.7203	0
3.616	0
11.0461	0
4.754	0
10.2827	0
4.2336	0
1.5551	0
4.5596	0
1.9518	0
4.3624	0
7.3186	0
1.4672	0
4.2001	0
1.711	0
7.4084	1
2.4143	0
17.7101	0
12.5337	0
1.6209	0
2.3866	0
15.2895	0
3.3432	0
2.7526	0
9.0685	0
1.7624	0
9.5737	0
3.9526	0
7.8475	0
5.0181	0
6.1182	0
14.8119	0
3.4361	0
20.8182	0
2.2542	0
2.488	0
4.8023	0
14.8638	0
3.2715	0
1.6466	0
1.9809	0
2.1362	0
1.4704	0
2.3174	0
3.1223	0
1.6755	0
7.2269	0
5.2454	0
2.0505	0
1.5883	0
1.384	0
2.2823	0
7.6081	0
3.4767	0
3.7497	0
2.191	0
1.8556	0
2.3685	0
1.8853	0
1.8752	0
2.1184	0
1.4983	0
3.8169	0
11.8897	0
14.6221	0
5.4365	0
2.1983	0
5.0919	0
2.5327	0
5.2633	0
4.9596	0
5.08	0
6.6181	0
1.3906	0
4.3676	0
3.6963	0
14.488	0
8.8401	0
1.5286	0
2.0852	0
3.1911	0
6.9651	0
1.7681	0
2.6355	0
2.0642	0
22.4443	0
3.3712	0
6.5627	0
6.9983	0
18.2552	0
2.6224	0
1.4887	0
8.7997	0
1.8527	0
2.2359	0
1.7614	0
2.4472	0
1.8981	0
1.749	0
1.835	0
33.0111	0
4.1848	0
1.4781	0
4.4524	0
1.396	0
1.4457	0
2.3654	0
12.4013	0
2.4116	0
2.0601	0
4.5968	0
5.7487	0
1.9085	0
2.5111	0
5.9227	0
1.4321	0
4.6864	0
6.3566	0
11.4048	0
3.7333	0
2.2898	0
35.2289	1
2.6037	0
6.3755	0
7.0949	0
7.747	0
1.997	0
4.9765	0
1.9902	0
2.7334	0
3.4382	0
3.1837	0
2.4974	0
8.8265	0
1.6656	0
1.9826	0
2.3358	0
2.8935	0
10.7935	0
7.4957	0
3.3716	0
1.5057	0
1.4509	0
3.2755	0
7.0137	0
2.2992	0
4.0449	0
2.542	0
6.3582	0
9.8755	0
2.5818	0
18.198	0
3.9768	0
23.0157	0
1.3708	0
3.0244	0
4.602	0
3.1565	0
3.1044	0
8.4266	0
8.6397	0
4.8298	0
1.9304	0
2.6241	0
2.2995	0
1.3006	0
2.2686	0
10.2915	0
11.9948	0
2.688	0
1.3667	0
1.9227	0
1.7107	0
1.8661	0
8.1377	0
19.4054	0
3.9768	0
3.7807	0
3.5669	0
1.9178	0
4.2075	0
15.764	0
3.1559	0
5.972	0
3.8004	0
6.9523	0
3.2096	0
3.1018	0
25.8529	0
6.0028	0
2.3138	0
3.6346	0
5.3952	0
2.3335	0
1.3665	0
10.6508	0
9.3366	0
2.1224	0
1.8958	0
4.4515	0
2.0789	0
5.1483	0
7.6472	0
1.9877	0
17.0767	0
9.5676	0
13.5552	0
3.111	0
1.4472	0
1.4436	0
2.6855	0
1.9802	0
2.4006	0
6.5941	0
1.4658	0
35.2289	0
1.957	0
1.3605	0
5.1362	0
1.4415	0
3.2192	0
7.6851	0
3.1465	0
2.6838	0
1.9969	0
3.2271	0
6.2087	0
3.5471	0
11.9288	0
7.1894	0
1.7729	0
32.2191	1
1.3823	0
12.1164	0
6.3939	0
1.6311	0
1.9142	0
1.4577	0
10.5329	0
3.6938	0
4.871	0
3.4029	0
1.8204	0
1.9396	0
2.1409	0
1.923	0
9.4507	0
4.6784	0
3.4748	0
4.695	0
6.34	1
5.7598	0
23.4723	0
3.2213	0
14.2179	0
1.5605	0
2.0905	0
1.4451	0
30.4577	1
8.844	0
2.5174	0
3.2735	0
2.039	0
2.763	0
1.8026	0
2.9688	0
2.4484	0
13.5842	0
5.9559	0
4.0456	0
1.4788	0
2.7298	0
1.9315	0
1.4945	0
1.5124	0
1.3381	0
5.3726	0
5.586	0
3.6066	0
3.4881	0
2.2348	0
3.4871	0
1.5326	0
3.4291	0
3.9806	0
2.9486	0
9.5483	0
6.3756	0
13.0138	0
18.1981	0
5.9613	0
4.2548	0
9.7526	0
1.6413	0
1.6305	0
6.1865	0
1.5081	1
3.3347	0
8.3574	0
1.986	0
1.4049	0
2.3298	0
2.9275	0
1.667	0
6.7657	0
1.9349	0
3.3297	0
1.4101	0
2.4579	0
1.4414	0
1.9943	0
1.4181	0
8.0535	0
3.4514	0
1.8694	0
1.6071	0
3.4087	0
2.8813	0
4.5562	0
11.2976	0
1.9268	0
2.3442	0
1.5871	0
2.0683	0
11.476	0
2.0135	0
5.7574	0
3.6201	0
4.3916	0
7.5833	0
1.6781	0
1.6769	0
1.6596	0
1.6478	0
1.5109	0
1.9298	0
2.2512	0
2.9064	0
9.7843	0
1.7851	0
3.1072	0
12.6478	0
4.1567	0
3.7362	0
36.9903	0
3.9608	0
12.8552	0
10.2771	0
1.3397	0
2.8433	0
5.6088	0
2.8751	0
1.3794	0
2.7817	0
2.0169	0
2.0474	0
1.3216	0
2.0391	0
1.9906	0
1.4756	0
4.1618	0
7.599	0
1.3438	0
2.5678	0
4.6521	0
2.3088	0
1.5396	0
4.6943	0
2.4144	0
6.4763	0
2.666	0
2.2282	0
12.5337	0
13.1427	0
5.5905	0
5.4884	0
18.3131	0
5.0567	0
4.3634	0
4.0218	1
8.6102	0
2.071	0
18.3721	0
1.5638	0
9.1549	0
3.3195	0
3.3884	0
19.7584	0
16.1873	0
19.3626	0
5.6066	0
1.7911	0
1.803	0
1.6047	0
4.8142	0
7.9424	0
4.8738	0
8.9294	0
3.4589	0
2.9827	0
3.6666	0
2.789	0
3.0836	0
9.2842	0
1.9697	0
5.2935	0
14.8078	0
4.2411	0
7.6957	0
4.4321	0
2.1568	0
4.4983	0
3.6072	0
6.5659	1
1.6129	0
4.1631	0
9.1487	0
1.6415	0
2.1176	0
9.804	0
3.6091	0
2.464	0
21.618	0
3.9836	0
1.583	0
1.7696	0
16.7788	0
12.9798	1
1.6255	0
12.9967	0
2.8946	0
2.1483	0
4.5913	0
1.3989	0
14.0554	0
1.3879	0
6.4008	0
5.504	0
9.0363	0
1.6289	0
2.1672	0
5.2959	0
3.0791	0
22.2245	0
2.2075	0
6.3285	0
4.5379	0
1.7781	0
2.7932	0
5.7864	0
13.7824	0
14.0443	0
8.94	0
6.8767	0
3.4987	0
4.1492	0
6.1402	0
11.5412	0
9.1047	0
3.3988	0
2.2797	0
1.3375	0
4.171	0
15.4977	1
1.3239	0
2.2533	0
2.3822	0
1.3476	0
1.8956	0
3.8592	0
5.0749	0
3.846	0
2.0185	0
1.7395	0
4.3746	0
6.4644	0
1.6996	0
1.4923	0
5.2652	0
9.8473	0
5.3461	0
2.5561	0
9.1054	0
5.5657	0
2.0333	0
2.7375	0
4.2048	0
4.5141	0
17.6116	0
3.9493	0
1.3672	0
1.3023	0
3.406	0
1.5277	0
5.037	0
3.7536	0
3.6671	0
1.7004	0
2.1896	0
2.3985	0
11.1208	0
1.5565	0
2.6423	0
1.7377	0
24.9511	0
2.7535	0
3.1276	0
2.989	0
4.4391	0
7.7948	0
3.0315	1
1.5681	0
2.6407	0
20.1389	0
4.0085	0
3.2786	0
4.7825	0
2.3063	0
1.9175	0
2.5824	0
1.5467	0
5.5422	0
2.7833	0
9.2503	0
2.775	0
2.897	0
13.7524	0
1.7141	0
2.0002	0
2.1938	0
6.578	0
2.8072	0
1.3702	0
12.5563	0
3.0524	0
4.1797	0
1.6379	0
2.3501	0
15.4674	0
4.2583	0
22.012	1
1.376	0
1.5104	0
9.4649	0
1.8665	0
3.7232	0
2.7593	0
1.8867	0
6.1226	0
8.1537	0
1.7697	0
1.5542	0
2.1045	0
1.9714	0
3.3786	0
2.5354	0
1.6374	0
1.6815	0
2.0592	0
1.2898	0
1.4729	0
1.2818	0
4.7853	0
18.8085	0
2.2216	0
1.8238	0
3.585	0
8.0358	0
3.5429	0
8.8426	0
5.4754	0
7.7383	0
5.9014	0
9.2131	0
14.9294	0
3.4177	0
1.7069	0
1.9388	0
3.1357	0
2.8576	0
4.0794	0
1.5422	0
3.5047	0
4.7511	0
2.0201	0
1.8779	0
3.1148	0
8.355	0
2.4282	0
3.3593	0
2.4417	0
6.9461	0
4.056	0
1.4067	0
1.6289	0
1.5499	0
8.0921	0
1.5804	0
4.4846	0
2.9808	0
6.3828	0
1.4954	0
3.2468	0
9.0657	0
1.368	0
15.0375	0
3.0748	0
3.0978	0
19.3305	0
2.0979	0
1.7654	0
2.3423	0
6.3591	0
1.4737	0
1.4582	0
1.31	0
1.6571	0
1.7558	0
1.2949	0
1.6132	0
1.7907	0
11.9607	0
2.8364	0
18.432	0
1.7609	0
4.0525	0
6.1717	0
1.9444	0
1.8274	0
1.4576	0
6.0273	0
2.4377	0
4.1229	0
1.5325	0
1.4608	0
1.5992	0
1.4549	0
5.805	0
2.6464	0
1.7832	0
4.9574	0
4.171	0
2.1201	0
3.1666	0
4.7287	0
2.5613	0
2.7768	0
2.0364	0
3.9249	0
3.1533	0
1.8456	0
3.3057	0
1.7059	0
1.8022	0
1.475	0
1.3506	0
22.0828	0
1.939	0
1.4989	0
1.9331	0
2.7623	0
8.9272	0
5.5927	0
1.6221	0
7.7608	0
4.8279	0
2.0024	0
2.7525	0
3.4526	0
4.6226	0
2.5987	0
11.5892	0
1.268	0
4.5698	0
1.9551	0
1.4701	0
1.6876	0
1.9051	0
1.9552	0
18.9412	0
7.9726	0
3.0893	0
21.199	0
13.0649	0
1.2546	0
3.0498	0
2.2964	0
2.8017	0
10.1997	0
1.2759	0
4.5798	0
2.2116	0
3.7773	0
7.9012	0
4.9166	0
3.4001	0
1.539	0
6.2951	0
2.3802	0
3.0795	0
21.3744	0
9.5861	0
39.9993	0
17.3718	0
10.0262	0
1.6668	0
1.3469	0
3.3323	0
26.3849	1
1.4666	0
3.1979	0
4.428	0
1.4043	0
5.2958	0
2.051	0
4.4901	0
10.4079	0
1.6119	0
4.5704	0
2.5606	0
2.1043	0
12.4928	0
1.3174	0
3.1825	0
10.2166	0
4.598	0
1.6764	0
5.0611	0
1.3516	0
19.5956	0
3.2005	0
11.851	0
1.3539	0
1.3223	0
5.0042	0
2.4251	0
2.8956	0
2.5602	0
2.7013	0
1.3685	0
36.989	0
1.7714	0
5.7345	0
1.3725	0
5.6932	0
2.0339	0
4.4387	0
2.5925	0
1.589	0
1.6652	0
2.2337	0
6.03	0
5.1379	0
4.5579	0
11.1102	0
2.0798	0
2.0881	0
1.9759	0
9.2086	0
1.8933	0
2.9	0
4.4914	0
1.8455	0
1.2724	0
4.436	0
2.6779	0
4.4257	0
3.6274	0
2.5162	0
8.5726	0
9.1654	0
3.1177	0
6.0086	0
1.5802	0
10.2128	0
2.2125	0
1.8791	0
1.6003	0
3.3883	0
2.9675	0
15.4656	1
2.0005	0
2.1444	0
18.5529	0
6.1489	0
3.1466	0
5.2428	0
1.7275	0
1.5591	0
5.3451	0
1.9329	0
1.4152	0
1.8921	0
1.9764	0
1.9101	0
1.3534	0
2.8235	0
2.1678	0
2.3079	0
1.7397	0
3.291	0
19.7062	0
29.2081	0
2.3167	0
1.7292	0
3.6101	0
8.2174	0
2.5589	0
6.3861	0
4.7685	0
4.8592	0
5.2369	0
1.67	0
1.4716	0
1.9442	0
2.2288	0
2.3208	0
2.9483	0
6.2777	0
8.4978	0
3.9851	0
4.9063	0
31.5498	0
2.0146	0
2.1447	0
2.0896	0
9.0817	0
13.5453	0
1.6534	0
4.7592	0
8.4232	0
2.0636	0
2.222	0
3.5337	0
11.1482	0
1.3812	0
2.7621	0
19.1852	0
1.3507	0
9.757	0
2.4515	0
4.0012	0
2.5455	0
1.5755	0
6.2474	0
1.9781	0
14.3234	0
1.4575	0
2.5441	0
3.8968	0
15.3631	0
7.0631	0
4.1553	0
15.6208	0
3.6269	0
2.4654	0
1.3262	0
2.8372	1
21.0874	0
5.8022	0
2.3238	0
2.7761	0
7.2323	0
1.4019	0
2.0507	0
1.5223	0
22.6819	0
9.9593	0
5.0156	0
5.4884	0
2.8314	0
3.9167	0
1.4419	0
13.6331	0
1.3968	0
2.9897	0
1.5973	0
6.364	0
8.5323	0
1.7506	0
11.2528	0
7.3806	0
2.0388	0
1.8301	0
7.1756	0
7.4339	0
2.6498	0
4.5396	0
17.3954	0
2.2994	0
3.2998	0
1.3027	0
1.5073	0
1.6937	0
5.2833	0
4.1486	0
5.5517	0
26.9916	0
2.8032	0
1.7776	0
7.9666	0
7.911	0
4.4331	0
2.0849	0
9.3369	0
1.9255	0
1.7336	0
1.5301	0
2.7196	0
7.6611	0
1.9834	0
8.2976	0
7.9804	0
27.9602	0
2.5013	0
11.9154	0
1.8703	0
1.4897	0
6.9828	0
4.853	0
5.6412	0
5.5876	0
7.0392	0
2.1463	0
3.3599	0
5.1272	0
15.0786	0
1.9778	0
1.5414	0
2.0083	0
4.2629	0
2.3294	0
18.9005	1
7.3485	0
1.8922	0
5.7317	0
1.514	0
2.4232	0
1.4168	0
2.9861	0
3.0383	0
4.4253	0
3.3339	0
12.9631	0
5.1362	0
2.8232	0
2.0864	0
3.0472	0
2.3242	0
4.8271	0
5.7203	0
2.0986	0
1.4148	0
2.6521	0
9.4219	0
3.629	0
4.9586	0
2.8833	0
1.9558	0
1.8356	0
7.463	0
1.803	0
2.0274	0
2.7341	0
2.2709	0
4.0201	0
1.6278	0
14.658	0
9.8273	0
19.7178	0
5.0619	0
4.9758	0
5.7122	0
2.1229	0
5.1507	0
1.672	0
1.3441	0
1.2963	0
1.8887	0
6.7999	0
2.5503	0
3.4511	0
10.0386	0
5.6453	0
1.3258	0
13.8648	0
12.1577	0
3.0288	0
1.7793	0
1.6714	0
6.5358	0
4.888	0
1.4645	0
4.4415	0
1.5018	0
2.4524	0
1.6238	0
33.0111	1
7.1028	0
6.446	0
2.5027	0
1.4254	0
2.5522	0
1.6826	0
1.6589	0
2.4923	0
2.5648	0
2.4399	0
3.8775	0
11.9007	0
10.4678	0
2.289	0
3.8049	0
2.6522	0
1.339	0
10.7149	0
2.1384	0
12.1922	0
2.1355	0
22.7624	1
2.1096	0
2.6702	0
13.633	0
1.4946	0
3.3899	0
1.8837	0
1.7416	0
5.7725	0
15.3191	0
11.9552	0
1.6399	0
6.0298	0
1.658	0
1.4537	0
2.4118	0
1.6285	0
22.6808	0
1.902	0
4.3184	0
30.0006	1
1.4869	0
1.959	0
3.6953	0
1.424	0
3.8994	0
3.0312	0
1.3891	0
3.2922	0
1.3796	0
2.1294	0
4.0751	0
1.6409	0
12.2134	0
5.6882	0
16.9674	1
2.9294	0
2.5017	0
5.6985	0
11.7304	0
3.8202	0
11.3372	0
26.9917	0
1.5058	0
3.0757	0
7.5673	0
5.0995	0
1.6255	0
21.1434	0
3.945	0
1.4526	0
4.0093	0
12.7984	0
2.2387	0
1.5336	0
5.4528	0
1.5763	0
10.0096	0
1.8549	0
1.7343	0
6.9731	0
1.9061	0
2.3235	0
5.1751	0
2.9004	0
1.9217	0
1.4875	0
1.5086	0
4.286	0
5.3853	0
18.9418	0
1.8341	0
4.2861	0
1.7432	0
2.3485	0
4.1369	0
6.5325	0
21.1434	0
4.0987	0
21.8779	0
6.0996	0
1.3886	0
1.8342	0
3.9853	0
1.7237	0
6.3795	0
1.342	0
2.3413	0
2.0654	0
7.4833	0
2.3861	0
16.2783	0
3.4312	0
3.9063	0
7.1551	0
1.931	0
2.4152	0
11.3061	0
1.6145	0
2.6854	0
1.3631	0
5.4659	0
10.0594	0
2.4628	0
1.5527	0
1.9315	0
5.3878	0
4.4792	0
1.3081	0
5.8756	0
2.4434	0
1.8181	0
5.9745	0
6.3087	0
1.728	0
1.5859	0
2.0003	0
5.9831	0
2.4	0
4.4654	0
2.7673	0
5.3216	0
1.32	0
2.5473	0
3.1401	0
2.9927	0
4.6529	0
5.1001	0
10.0342	0
2.3767	0
7.7923	0
2.4841	0
3.5238	0
3.4138	0
2.3394	0
7.9209	0
2.3627	0
3.8168	0
27.6972	0
7.8351	0
8.0921	0
33.0106	0
2.2771	0
9.1053	0
1.7632	0
1.5991	0
1.5876	0
2.8082	0
3.5905	0
2.0701	0
8.0206	0
3.757	0
4.2673	0
2.6597	0
1.5843	0
2.7163	0
5.8493	0
3.6655	0
1.706	0
2.7969	0
5.0222	0
3.6337	0
1.3249	0
3.0242	0
1.4232	0
6.2088	0
4.6473	0
3.6485	0
2.8153	0
5.4399	0
4.8752	0
4.7735	1
2.2456	0
1.5873	0
3.0903	0
1.6118	0
3.0712	0
2.164	0
6.8701	0
1.8533	0
3.1528	0
2.4153	0
1.6193	0
2.221	0
2.0868	0
6.4463	0
3.2415	0
1.5793	0
1.4132	0
2.8594	0
2.2908	0
4.6913	0
2.464	0
2.2457	0
22.8446	0
10.561	0
2.0231	0
3.9693	0
1.3109	0
12.0145	0
2.0621	0
4.607	0
4.1414	0
6.4175	0
14.536	0
9.3722	0
5.3995	0
1.4932	0
5.0611	0
3.4911	0
1.448	0
4.272	0
7.127	0
4.9716	0
1.9856	0
11.5825	0
18.1697	0
6.0417	0
2.1402	0
2.6963	0
16.5025	0
5.0698	0
14.6719	0
2.1613	0
2.6776	0
2.314	0
3.2951	0
3.6811	0
27.2145	0
5.768	0
12.4513	0
4.612	0
7.7553	0
2.551	0
30.97	0
12.503	0
6.1029	0
2.1454	0
7.9243	1
15.4815	0
1.3804	0
2.0996	0
4.3418	0
1.8535	0
2.3887	0
3.0757	0
1.2832	0
4.4866	0
2.9733	0
2.4069	0
1.4355	0
4.5386	0
5.7698	0
16.4996	1
6.1777	0
1.775	0
12.4144	0
5.5149	0
1.5394	0
3.5082	0
6.797	0
2.1725	0
8.7232	0
3.0185	0
5.4098	0
2.2272	0
4.9693	0
17.2095	0
4.3929	0
1.4209	0
1.4179	0
2.2745	0
10.0922	0
7.0688	0
3.3995	0
2.0327	0
1.3242	0
6.6466	0
2.1107	0
5.0292	0
2.8187	0
3.5331	0
1.2907	0
5.6004	0
1.8169	0
2.2873	0
1.4239	0
5.1868	0
1.4755	0
1.8173	0
14.2435	0
14.1983	0
3.0924	0
4.9021	0
9.4182	0
1.5166	0
1.5065	0
2.5804	0
5.423	0
1.7369	0
12.7908	0
5.7235	0
3.0669	0
3.3565	0
8.8425	0
1.5311	0
2.8818	0
17.3716	0
1.8721	0
2.5625	0
7.4455	0
1.3881	0
1.4219	0
1.5994	0
1.4286	0
6.0773	0
7.499	0
2.2475	0
5.7541	0
2.619	0
5.0228	0
10.2084	0
3.1768	0
20.715	0
15.4975	0
3.5371	0
1.5021	0
1.5779	0
2.1952	0
1.9075	0
3.687	0
15.2328	0
1.7738	0
2.6426	0
6.3155	0
23.1033	0
27.6963	0
2.1618	0
4.9224	0
1.6409	0
1.7873	0
1.6104	0
1.4086	0
2.3538	0
3.3058	0
9.1036	0
4.5899	0
2.3353	0
3.5445	0
3.102	0
1.9529	0
1.9659	0
9.7962	0
6.8345	0
1.3971	0
1.5902	0
1.6795	0
2.1566	0
19.368	0
8.0637	0
1.4483	0
3.849	0
2.9992	0
13.6036	0
2.0882	0
25.0895	1
3.1655	0
13.108	0
15.1201	0
1.4081	0
12.3631	0
8.2148	0
6.9731	0
9.8916	0
1.7395	0
1.9199	0
12.1851	0
2.5866	0
1.3773	0
1.7433	0
4.597	0
14.5974	0
9.1087	0
9.1515	0
2.8473	0
3.2267	0
2.9898	0
1.8334	0
2.0514	0
1.2949	0
1.457	0
1.7893	0
1.6709	0
3.0675	0
1.6126	0
2.1963	0
1.7091	0
12.7589	0
3.0348	0
2.1851	0
1.706	0
5.6613	0
4.4283	0
1.703	0
1.5584	0
11.3581	0
1.7809	0
11.2583	0
2.4884	0
1.624	0
2.5466	0
1.5557	0
2.2723	0
14.9022	0
3.2754	0
1.6866	0
1.7228	0
1.9214	0
1.7015	0
1.2604	0
2.9368	0
5.6507	0
3.6094	0
22.6024	0
1.6683	0
3.0782	0
6.0591	0
6.2096	0
2.0353	0
1.4839	0
1.4203	0
17.3019	0
4.6603	0
13.8441	0
3.7487	0
5.1178	0
10.9415	0
7.3268	0
3.1781	0
5.1951	0
1.3478	0
12.3921	0
10.5957	0
4.1085	0
5.5559	0
3.1079	0
2.5415	0
1.7137	0
5.2044	0
2.3519	0
1.3875	0
3.9085	0
1.7073	0
11.4577	0
2.8669	0
3.3651	0
2.3166	0
5.3239	0
1.571	0
8.2917	0
6.5593	0
3.9677	0
3.9924	0
2.5003	0
2.2002	0
9.5785	0
2.0161	0
9.337	0
1.9598	0
1.6804	0
21.8778	0
2.4458	0
4.1002	0
2.9584	0
1.3077	0
5.8307	0
3.0609	0
3.9782	0
1.5121	0
4.0842	0
19.2575	0
2.4564	0
1.3314	0
1.4499	0
4.6417	0
1.3028	0
3.4205	0
3.943	0
1.7274	0
2.8606	0
2.2274	0
1.7103	0
1.4023	0
2.793	0
1.9007	0
3.4034	0
1.81	0
3.336	0
1.3651	0
1.3235	0
4.8022	0
3.4381	0
2.606	0
4.331	0
2.6615	0
2.5682	0
3.766	0
12.7824	0
4.5481	0
3.892	0
3.7355	0
9.1687	0
26.5782	0
6.3069	0
2.0836	0
3.5484	0
4.8195	0
4.3625	0
7.1088	0
2.0894	0
1.7037	0
6.1891	0
3.2504	0
1.985	0
2.9748	0
16.1349	0
1.4978	0
1.362	0
1.7469	0
13.5553	0
4.084	0
4.0013	0
9.0955	0
3.4463	0
4.0729	0
1.6871	0
23.3773	0
1.3919	0
8.1727	0
7.2306	0
4.9569	0
1.4926	0
2.6574	0
9.0593	0
6.9711	0
1.9205	0
2.0209	0
1.9492	0
1.5604	0
5.8623	0
7.4228	0
6.5941	0
14.8247	0
2.7424	0
1.9745	0
4.3663	0
4.1609	0
5.2748	0
30.97	1
1.6671	0
6.6203	0
1.5307	0
3.7075	0
13.1684	0
2.1975	0
18.0857	0
3.0504	0
1.5541	0
2.9829	0
2.1761	0
8.6632	0
2.5057	0
4.0601	0
2.9659	0
35.2289	0
7.0169	0
1.4255	0
2.0594	0
7.243	0
4.0156	0
1.319	0
3.1517	0
2.2148	0
1.4219	0
23.0157	0
15.6208	0
12.5846	0
2.1431	0
1.6793	0
3.9294	0
8.0586	0
28.2404	0
8.2042	0
3.2132	0
13.2668	0
3.8938	0
3.6951	0
2.9013	0
2.4048	0
2.6335	0
2.7949	0
3.7248	0
7.3912	0
2.479	0
1.3868	0
1.4131	0
1.9888	0
1.6626	0
3.8032	0
1.9792	0
10.9362	0
1.508	0
4.0724	0
4.4581	0
1.4952	0
7.0661	0
3.4036	0
1.7486	0
1.6775	0
4.2309	0
1.7681	0
1.7311	0
2.0057	0
1.3151	0
2.9443	0
19.925	0
6.2031	0
2.2152	0
3.0872	0
3.5488	0
2.675	0
13.16	0
2.1338	0
1.4438	0
2.7696	0
1.9092	0
3.4008	0
3.9121	0
11.9157	0
1.4582	0
2.4131	0
4.0285	0
12.2271	0
1.5326	0
3.5502	0
2.0125	0
1.6265	0
1.496	0
1.5113	0
11.4995	0
2.691	0
1.4749	0
1.5888	0
1.6534	0
1.4966	0
2.5609	0
2.5251	0
2.0087	0
3.2674	0
2.9378	1
22.0826	0
2.3279	0
2.2424	0
17.7139	0
12.3485	0
3.5129	0
2.0229	0
2.3183	0
1.6942	0
4.8815	0
1.9146	0
2.0121	0
5.4338	0
3.7283	0
1.3623	0
5.0595	0
12.6409	0
2.9349	0
1.5464	0
5.2057	0
4.54	0
1.342	0
3.83	0
3.5577	0
2.3948	0
4.1718	0
1.4684	0
16.579	0
5.6397	0
1.4069	0
1.6739	0
1.7855	0
100.0	0
1.6581	0
1.5747	0
1.7095	0
4.7495	0
1.5572	0
2.0935	0
2.504	0
1.7839	0
1.4366	0
4.6727	0
1.5802	0
3.1718	0
3.8002	0
1.317	0
6.6697	0
13.1691	0
2.5935	1
2.3178	0
2.0516	0
2.8835	0
3.1082	0
2.1475	0
7.8073	0
2.6943	0
1.6207	0
10.5421	0
2.2665	0
4.1655	0
1.5378	0
8.7476	0
13.76	0
8.5719	0
1.4909	0
6.4393	0
1.693	0
3.9936	0
3.7976	0
16.17	0
1.4852	0
3.478	0
10.5888	0
1.4817	0
1.923	0
3.7614	0
12.2177	0
2.0965	0
7.3198	0
1.7195	0
2.1801	0
1.2774	0
4.456	0
2.8513	0
7.4807	0
3.4177	0
3.3031	0
7.7074	0
2.2444	0
14.1984	0
6.7507	0
1.6195	0
2.662	0
5.0394	0
8.4776	0
2.6372	0
2.3707	0
1.9853	0
1.9394	0
2.0245	0
4.3858	0
6.3081	0
4.2898	0
2.4098	0
1.3723	0
1.5979	0
4.2811	0
3.7369	0
9.0985	0
11.3088	0
5.6247	0
3.8766	0
3.6567	0
2.271	0
1.3955	0
9.8951	0
2.7638	0
1.8119	0
9.4352	0
2.4897	0
7.3222	0
1.5591	0
3.2666	0
1.8864	0
3.0456	0
1.4184	0
1.9136	0
1.9235	0
1.7399	0
1.3805	0
1.9253	0
5.9159	0
2.4199	0
3.3083	0
3.1067	0
5.3218	0
3.3297	0
3.4483	0
2.864	0
1.8034	0
2.3883	0
1.3935	0
6.7238	0
2.2934	0
11.3143	0
6.8475	0
2.5258	0
4.7489	0
2.0065	0
2.3789	0
2.4016	0
3.7053	0
2.5175	0
5.656	1
27.9587	0
3.5683	0
8.1552	0
1.9329	0
2.2156	0
2.4978	0
11.1211	0
1.9127	0
5.1298	0
2.1183	0
4.0345	0
1.5923	0
1.4896	0
1.9414	0
2.0042	0
3.3065	0
3.0423	0
2.4538	0
2.056	0
9.8237	0
1.948	0
8.1714	0
13.09	0
3.7824	0
30.97	1
4.2096	0
4.4393	0
1.5766	0
1.3665	0
1.7177	0
16.78	0
1.7467	0
1.4593	0
4.8705	0
18.0032	0
4.3321	0
1.9005	0
3.395	0
1.3543	0
1.3339	0
2.9602	0
6.5137	0
1.3234	0
3.74	0
1.9552	0
1.3476	0
1.3138	0
3.2944	0
12.0551	0
5.0574	0
2.6229	0
9.9238	0
1.7451	0
13.5457	0
2.0768	0
4.4513	0
3.5099	0
1.4637	0
1.3485	0
1.333	1
4.0834	0
3.0315	0
3.3025	0
2.4398	0
6.5773	0
7.3909	0
2.8852	0
4.6007	0
1.6108	0
4.5205	0
9.0922	0
1.352	0
2.8172	0
2.5616	0
10.6905	0
2.1943	0
1.5707	0
2.549	0
3.6709	0
3.4049	0
6.1173	0
1.7453	0
8.4659	0
1.7357	0
1.755	0
7.3377	0
1.5086	0
2.494	0
17.9762	0
3.9649	0
14.5122	0
16.2601	0
1.8022	0
3.1523	0
3.0975	0
6.1261	0
2.3331	0
1.505	0
3.7917	0
2.1908	0
3.454	0
2.0734	0
1.779	0
2.0903	0
2.228	0
2.0602	0
2.4699	0
8.3285	0
6.5993	0
2.0991	0
6.8626	0
1.7569	0
5.0766	0
20.4671	0
2.1702	0
1.9163	0
3.6282	0
2.6089	0
4.0608	0
1.3931	0
1.3685	0
1.6376	0
2.2693	0
4.9442	0
4.3305	0
2.3796	0
3.7542	0
4.0157	0
3.8364	0
1.3299	0
1.9316	0
6.6484	0
1.4999	0
6.6967	0
23.1927	1
2.5182	0
17.337	0
1.4285	0
4.5248	0
2.0543	0
1.8165	0
10.4171	0
2.6457	0
2.0841	0
2.5189	0
1.8788	0
2.2828	0
2.5287	0
1.8255	0
1.7295	0
11.3426	0
6.6132	0
5.872	0
3.0371	0
14.8703	0
11.6318	0
2.1664	0
1.5813	0
19.2212	0
2.4395	0
2.054	0
8.2218	0
7.8646	0
1.375	0
3.6138	0
1.4321	0
6.9575	0
2.9171	0
8.8327	0
1.4378	0
12.5489	0
5.1447	1
9.2881	0
4.9445	0
15.6998	0
1.5724	0
4.7982	0
1.51	0
5.862	0
2.6461	0
15.4826	0
1.5953	0
7.436	0
9.1586	0
2.3169	0
5.9588	0
19.1496	0
18.8746	0
1.3862	0
1.3693	0
1.7477	0
2.0032	0
2.7092	0
2.4741	0
10.8631	0
1.8348	0
3.3966	0
18.5227	0
5.3278	0
10.3004	0
19.1851	0
3.3773	0
12.9463	0
3.2475	0
5.7487	0
4.0992	0
2.9336	0
1.4991	0
2.5168	0
4.0517	0
3.8121	0
2.8864	1
5.5262	0
27.9592	1
2.3021	0
4.1738	0
1.8909	0
1.8226	0
3.7763	0
1.7492	0
4.1141	0
2.1334	0
2.4551	0
1.4669	0
8.5811	0
5.6341	0
6.6775	0
1.9897	0
15.8785	0
2.1757	0
2.068	0
1.2886	0
3.164	0
9.162	0
1.4233	0
7.2205	0
4.3332	0
1.6061	0
2.0135	0
25.3791	0
11.8188	0
1.5947	0
2.9943	0
2.7912	0
3.1129	0
2.3324	0
3.0988	0
4.1686	0
5.1668	0
1.7688	0
3.3489	0
2.2557	0
4.8021	0
2.5354	0
10.2563	0
6.2414	0
2.0216	0
6.7788	0
2.1365	0
16.0306	0
3.2656	0
1.6813	0
3.941	0
1.4846	0
5.3705	0
2.3145	0
2.5422	0
2.8438	0
8.3089	0
2.0064	0
1.3863	0
4.6457	0
28.5402	0
6.516	0
7.3763	0
22.5242	1
5.5165	0
1.8805	0
10.8544	0
1.9202	0
3.2829	0
19.8408	0
1.6753	0
4.4519	0
3.824	0
1.2907	0
1.6953	0
2.1712	0
6.1831	0
1.9176	0
10.9103	0
2.3849	0
2.7029	0
8.5116	0
22.8456	0
6.0313	0
1.3157	0
3.0816	0
1.8145	0
5.8522	0
4.1416	0
1.4816	0
13.2668	0
13.3853	0
4.6838	0
2.0911	0
3.3441	0
4.511	0
1.4559	0
2.9232	0
2.4317	0
2.7205	0
14.8638	0
6.833	0
2.3265	0
2.8225	0
6.2412	0
2.9099	0
4.2409	0
1.4189	0
5.7594	0
1.7131	0
13.3114	0
1.54	0
2.2884	0
1.6338	0
6.0758	0
2.4946	0
3.0391	0
6.1843	0
8.6486	0
2.6002	0
2.015	0
1.9147	0
1.394	0
1.6749	0
1.9302	0
8.5078	0
21.0322	0
4.1362	0
1.9085	0
13.4032	1
2.0547	0
3.1583	0
8.0486	0
2.9437	0
10.6421	0
2.7604	0
3.8601	0
6.8401	0
1.7545	0
5.1423	0
6.9961	0
3.9598	0
4.8476	0
21.7464	0
2.1012	0
2.7447	0
2.4212	0
1.411	0
2.9212	0
2.455	0
1.5602	0
1.4964	0
2.2553	0
1.6521	0
6.4359	0
1.8146	0
1.3678	0
2.1078	0
8.622	0
3.8587	0
3.1828	0
4.9904	0
18.198	0
1.3248	0
2.0701	0
1.4283	0
10.9495	0
1.5893	0
2.5097	0
8.4524	0
2.3249	0
7.5263	0
8.9557	0
24.6888	0
6.2015	0
9.7605	0
6.8086	0
1.7184	0
6.1097	0
5.0763	0
1.5644	0
2.3159	0
1.336	0
9.3193	0
11.5412	0
8.787	0
1.7791	0
3.1118	0
14.9968	0
3.655	0
2.1174	0
4.5178	0
22.763	0
2.6029	0
3.8356	0
11.2638	0
2.19	0
1.453	0
1.4856	0
2.0502	0
3.9343	0
24.6888	0
3.929	0
1.7519	0
1.5308	0
4.0904	0
4.7994	0
1.562	0
4.785	0
6.0168	0
2.0943	0
4.4621	0
1.9167	0
10.3976	0
1.676	0
3.3989	0
5.8985	0
1.4015	0
1.5175	0
2.2156	0
1.4365	0
9.1875	0
9.6461	0
1.7603	0
1.5683	0
1.7254	0
6.5904	0
10.3629	0
11.0996	0
2.4348	0
4.3409	0
5.1697	0
1.7859	0
1.625	0
11.4702	0
11.0303	0
1.4055	0
3.3938	0
1.602	0
4.0559	0
2.0393	0
4.2256	0
7.7994	0
4.3948	0
2.0303	0
4.7749	0
24.0935	0
9.2708	0
4.8087	0
1.7157	0
1.625	0
2.6388	0
5.1667	0
7.7874	0
4.0617	0
18.2554	0
22.4474	0
4.822	0
2.2711	0
2.9712	0
1.4928	0
1.8076	0
2.3796	0
4.4648	0
11.0666	0
20.1877	0
2.6721	0
3.6836	0
1.608	0
2.3878	0
1.3351	0
1.362	0
3.4926	0
2.9244	0
9.1146	0
5.9636	0
5.5209	0
1.7024	0
20.5157	0
7.5071	0
2.0831	0
1.9512	0
1.8861	0
5.586	0
12.6956	0
1.9843	0
9.7805	0
1.604	0
1.7724	0
3.635	0
2.9907	0
1.892	0
2.3863	0
4.2674	0
4.5762	0
2.9917	0
1.9931	0
2.8071	0
3.2058	0
1.7919	0
2.9609	0
7.0847	0
26.99	0
2.9015	0
1.4282	0
1.4785	0
3.2754	0
1.3758	0
1.4222	0
4.4225	0
8.2415	0
1.6977	0
10.957	0
2.0866	0
2.1881	0
1.8739	0
2.5449	0
3.6195	0
2.6092	0
1.7242	0
1.7259	0
5.2987	0
7.5324	0
2.0475	0
2.5737	0
1.5077	0
2.5551	0
0.0	1
0.0	1
0.0	1
0.0	1
0.0	1
0.0	1
0.0	1
0.0	1
0.0	1
0.0	1
0.0	1
0.0	1
0.0	1
0.0	1
0.0	1
0.0	1
0.0	1
0.0	1
0.0	1
0.0	1
0.0	1
0.0	1
0.0	1
0.0	1
0.0	1
0.0	1
0.0	1
0.0	1
0.0	1
0.0	1
0.0	1
0.0	1
0.0	1
0.0	1
