2.308	0
0.6073	0
0.6581	0
8.0493	0
18.8081	0
4.8225	0
2.8206	0
0.6775	0
2.3748	0
3.3894	0
10.4675	0
1.317	0
1.9558	0
4.0449	0
1.4258	0
2.0157	0
10.3181	0
8.1726	0
3.7355	0
1.7177	0
0.6996	0
2.8005	0
1.3363	0
1.1275	0
1.2121	0
2.4709	0
5.6677	0
1.4518	0
7.7618	0
2.2738	0
6.9533	0
5.4536	0
0.9934	0
6.1163	0
0.9719	0
4.4057	0
2.5882	0
3.1567	0
3.2741	0
2.5471	0
8.5234	0
8.3479	0
35.2288	0
1.1876	0
2.3709	0
0.7944	0
4.1882	0
2.7704	0
2.4622	0
1.9674	0
0.6957	0
10.2371	0
2.3004	0
4.2009	0
1.0305	0
3.1681	0
3.4977	0
3.8431	0
5.4063	0
1.7885	0
3.1784	0
12.0013	0
1.0335	0
2.1527	0
0.8285	0
9.1587	0
1.0044	0
2.6304	0
2.8867	0
2.3108	0
4.2491	0
1.6878	0
7.0148	0
12.6929	0
0.4979	0
2.8346	0
3.2219	0
2.1874	0
13.536	0
3.6171	0
2.315	0
6.4119	0
9.994	0
1.3395	0
2.9646	0
6.0224	0
18.7756	1
1.44	0
6.508	0
22.0826	0
5.8811	0
7.9896	0
1.3153	0
2.3223	0
7.3414	0
1.8235	0
2.5175	0
9.7471	0
5.4655	0
7.0678	0
8.1048	0
1.2787	0
25.6893	0
2.0914	0
4.0314	0
3.7512	0
19.2919	0
4.6861	0
3.4717	0
0.5699	0
1.5766	0
2.6765	0
1.5173	0
1.1075	0
3.2037	0
4.8023	0
2.4094	0
3.8064	0
1.4026	0
3.4248	0
8.9605	0
2.5952	0
3.5459	0
7.2224	0
0.7082	0
0.9237	0
0.7385	0
1.9538	0
5.1147	0
2.728	0
2.1133	0
2.6601	0
0.8306	0
3.9375	1
7.6818	0
1.7903	0
2.6786	0
0.7314	0
8.6772	0
0.81	0
3.4557	0
2.7834	0
9.5443	0
2.2265	0
1.7708	0
3.7237	0
2.2744	1
2.2808	0
2.6982	0
3.7452	0
5.4855	0
8.4695	0
0.5143	0
1.3962	1
5.1114	0
4.4823	0
18.4911	0
3.9846	0
1.4876	1
3.064	0
3.5628	0
9.1841	0
1.2455	0
5.6264	0
0.9191	0
11.3084	0
3.5594	0
3.4429	0
5.7266	0
14.1508	0
2.1717	0
0.9934	0
8.0815	0
10.7276	0
2.5145	0
6.5142	0
2.8331	0
2.1379	0
3.7473	0
2.7146	0
7.2671	0
1.9142	0
2.3026	0
5.8436	0
5.1213	0
2.9342	0
16.7537	1
20.5631	0
0.6923	0
1.4659	0
0.9486	0
4.1375	0
0.33	0
1.5768	0
2.3133	0
0.5762	0
23.5695	0
3.0854	0
4.5544	0
29.5871	0
0.3715	0
1.7123	0
2.2741	0
0.95	0
1.7091	0
2.9937	0
5.1558	0
3.18	0
12.9179	0
1.6933	0
1.8345	0
0.383	0
1.5867	0
3.1513	0
8.4474	0
10.1193	0
2.26	0
3.5587	0
6.3599	0
1.2985	0
1.6249	0
7.3003	0
0.9938	0
6.2849	0
10.0537	0
1.9934	0
2.4051	0
9.0981	0
2.2083	0
14.2886	0
4.5028	0
1.3824	0
1.7462	0
1.1309	0
10.0299	0
1.521	0
0.9359	0
5.7983	0
7.8709	0
0.6742	0
1.2459	0
2.9673	0
5.9168	0
2.6664	0
1.6141	0
2.5533	0
2.9317	0
2.3169	0
3.5794	0
4.2631	0
1.9976	0
1.3089	0
3.659	0
2.7458	0
3.5173	0
5.3206	0
16.9471	0
1.0313	0
3.4652	0
5.8495	0
2.3371	0
13.5446	0
1.4151	0
3.621	0
1.3758	0
2.5357	0
1.1428	0
0.8493	0
0.9109	0
6.0893	0
1.9048	0
0.5257	0
1.7341	0
4.6018	0
5.8541	0
3.3179	0
13.5544	0
1.8675	0
1.9361	0
2.1658	0
1.8921	0
1.8705	0
3.9181	0
2.4057	0
2.7229	0
1.9341	0
3.3746	0
2.3275	0
1.1324	0
2.1806	0
2.227	0
7.3316	0
9.0017	0
6.4424	0
2.4933	0
3.5772	0
10.983	0
2.8622	0
14.2638	0
2.0063	0
0.9764	0
4.1507	0
0.4625	1
4.229	0
1.6792	0
0.741	0
0.5705	0
2.0344	0
2.1454	0
1.3593	0
0.8602	0
3.977	0
1.6762	0
4.9389	0
3.6359	0
1.0121	0
14.893	0
1.3869	0
3.5647	0
0.833	0
4.0871	1
2.6245	0
3.7532	0
7.8648	0
1.5173	0
4.2818	0
1.1425	0
2.1015	0
11.6312	0
7.1286	0
1.9299	0
0.3776	0
3.7882	0
3.7882	0
10.7987	0
2.4107	0
1.4677	0
7.0894	0
3.1484	0
1.3452	0
1.5895	0
6.7158	0
3.0474	0
0.5178	0
2.5071	0
1.0167	0
2.8238	0
13.4316	0
4.4884	0
1.9122	0
0.5267	0
5.9223	0
0.9688	0
1.9133	0
1.8024	0
1.2404	0
3.9553	0
7.4543	0
2.7307	0
6.3594	0
9.6272	0
4.1732	0
2.2534	0
0.7484	0
0.9211	0
1.9779	0
1.7741	0
7.1161	0
1.0547	0
1.0301	0
5.0009	0
6.3311	0
1.7498	0
0.658	0
1.0869	0
6.0225	1
2.8445	0
7.6492	0
1.8491	0
7.0762	0
1.1828	0
13.1824	0
1.1277	0
0.9099	0
3.7456	0
2.5818	0
4.7272	0
1.671	0
1.7192	0
5.3517	0
1.6784	0
2.5906	0
1.7736	0
1.0215	0
1.0974	0
0.9813	0
3.1058	0
4.8538	0
21.0848	0
2.1586	0
2.0559	0
7.3203	0
4.6492	0
2.0426	0
1.9616	0
13.7582	0
6.9592	0
3.4583	0
13.8648	0
2.3482	0
3.9409	1
4.6347	0
2.2834	0
3.0029	0
1.5622	0
2.2083	0
3.5855	1
8.8452	0
1.2102	0
1.9773	0
2.2319	0
14.2994	0
3.889	0
3.0788	0
3.8998	1
6.2156	0
1.0076	0
2.5754	0
8.6607	0
5.0657	0
4.8882	0
5.4316	0
2.505	0
4.1199	1
1.445	0
1.994	0
1.4313	0
4.1186	0
10.3047	0
2.3533	0
0.4435	0
8.2602	0
12.7835	0
2.0595	0
4.4364	0
2.407	0
6.4866	0
4.9115	0
2.5518	0
3.164	0
3.3051	0
2.6087	0
3.3786	0
2.0536	0
3.8832	0
1.8437	0
5.4247	0
0.7569	0
12.9008	0
0.7674	0
2.026	0
2.8558	0
2.9524	0
11.1436	1
15.5717	0
5.2167	0
1.7354	0
2.4361	0
13.9127	0
1.2363	0
0.9858	0
8.2005	0
1.0263	0
4.1526	0
1.4741	0
6.8807	0
1.8079	0
1.1159	0
4.1692	0
1.6032	0
8.8741	0
1.7632	0
1.9785	0
1.5623	0
3.5576	0
3.7246	0
6.5932	0
2.7897	0
0.8203	0
4.4876	0
6.6487	0
0.551	0
1.0179	0
1.7662	0
3.7253	0
4.9519	0
6.2745	1
2.2353	0
2.6168	0
2.2281	0
1.2771	0
1.5365	0
2.4789	0
3.8196	0
13.0983	0
1.1037	0
1.726	0
2.9863	0
0.4013	0
1.9221	0
9.2171	0
2.1507	0
2.5429	0
7.5558	0
3.5078	0
0.5477	0
2.7276	0
1.0725	0
4.8051	0
0.7205	0
4.8238	0
12.2902	0
1.6768	0
1.4875	0
8.1882	0
0.5208	0
2.5181	0
19.4406	0
0.4611	0
12.7405	0
1.0774	0
0.4175	0
6.4343	0
12.7343	0
9.7791	0
0.5766	0
1.2207	0
1.1809	0
9.048	0
10.7897	0
5.2895	0
2.709	0
6.2995	0
1.2723	0
2.1972	0
3.8148	0
2.1376	0
0.6712	0
0.9093	0
1.2379	0
12.0397	0
1.0313	0
1.9264	0
1.1176	0
27.9592	0
12.0151	0
4.673	0
0.9353	0
1.2579	0
3.6257	0
7.0939	0
4.6037	0
3.9065	0
1.1046	0
16.9318	0
2.0195	0
1.9844	0
3.8054	0
3.6888	0
6.8568	1
0.3158	0
5.9516	0
20.2785	1
3.6357	0
3.1867	0
3.7753	0
3.065	0
22.524	0
2.904	0
3.1633	0
3.4175	0
10.5521	0
5.0076	0
2.1606	0
27.2144	0
1.5155	0
2.8847	1
1.4566	0
5.5903	0
3.5857	0
10.0637	0
1.4448	0
20.0533	0
2.9505	0
1.9354	0
1.5974	0
1.7639	0
2.4924	0
24.0902	0
1.0263	0
5.6612	0
2.8568	0
11.5537	0
0.8887	0
14.9335	0
11.5753	0
14.1412	0
1.064	0
26.2	1
5.2631	1
3.9413	0
6.0387	0
0.8449	0
13.4162	0
1.1914	0
0.6426	0
1.4183	1
1.6218	0
7.2272	0
1.3056	0
0.7197	0
18.5826	0
26.0228	1
4.8066	0
18.9999	0
6.9818	1
1.1008	0
4.1852	0
19.2575	0
1.2795	0
6.0143	0
1.8093	0
0.9152	0
2.2767	0
0.9094	0
1.7851	0
0.3431	0
1.8645	0
3.1336	0
2.897	0
0.6733	0
3.8609	0
0.5814	0
8.5351	0
4.6783	0
1.0757	0
0.9263	0
7.1555	0
0.4763	0
8.367	0
4.1389	0
1.4785	0
1.4938	0
12.8391	0
26.3848	0
3.2295	0
7.7393	0
0.9465	0
3.1614	0
1.7363	1
7.6613	0
4.6038	0
1.0055	0
6.7192	0
3.9904	0
4.298	0
9.7485	0
3.2956	0
1.0668	0
4.9057	1
0.5986	0
1.6533	0
1.5892	0
0.4294	0
1.9757	0
12.0116	0
2.0169	0
2.8499	1
3.2514	0
3.957	0
5.9012	0
3.2181	0
1.37	0
18.9418	0
11.1621	0
3.9607	0
13.6372	0
8.5648	0
2.4719	0
2.9797	0
1.8315	0
2.5116	0
2.1367	0
5.8224	0
2.1697	0
14.6345	0
3.4687	0
2.0757	0
0.9348	0
2.2614	0
4.7859	0
1.12	0
1.2885	0
1.5593	0
1.486	0
8.1828	0
4.0113	0
5.5132	0
2.2836	0
5.2732	0
1.647	0
2.7747	0
0.8019	0
0.6397	0
0.9108	0
0.5769	0
4.2542	0
1.0855	0
4.3952	0
0.7779	0
7.2416	0
1.0647	0
1.0591	0
1.4614	0
4.4239	0
1.4872	0
8.2953	0
15.4969	0
2.7382	1
3.1675	0
6.8889	0
1.9209	0
0.7231	0
0.9804	0
12.2085	0
0.2661	0
8.9024	0
2.9326	1
1.2816	0
3.1826	0
0.276	0
5.1079	0
1.8934	0
12.4436	0
1.405	0
11.1147	0
1.2756	0
0.5793	0
1.9496	0
4.8927	0
9.9461	0
3.5482	0
0.5465	0
2.109	0
3.1703	0
3.6095	0
2.938	0
4.0545	0
0.7908	0
2.6485	0
5.4933	0
2.017	0
0.8424	1
4.8309	0
1.4987	0
1.0623	0
2.6456	0
3.0015	0
3.6431	0
0.7395	0
4.2308	0
7.5548	0
1.8024	0
3.4657	0
3.5218	0
3.6096	0
2.3426	0
9.3969	0
2.7979	0
1.5435	0
16.9858	0
2.7267	1
2.8206	0
5.4797	0
2.0003	0
1.6811	0
0.5428	0
2.6554	0
1.074	0
0.7251	0
3.5657	0
8.064	0
2.8131	0
10.9722	0
8.4846	0
5.6126	0
1.3844	0
0.456	0
1.9395	0
0.8812	0
8.566	0
2.2826	0
5.9819	0
4.6907	0
1.6995	0
2.2446	0
1.8081	0
6.7932	0
1.6683	0
2.2842	0
19.1848	0
11.0132	0
0.5314	0
3.3814	0
0.913	0
1.5597	0
3.3038	0
1.1588	0
0.8372	0
5.9945	0
0.755	0
3.4377	0
33.9793	1
7.5833	0
3.1339	0
4.0534	1
1.4215	0
4.293	0
5.254	0
6.0679	0
2.1104	0
0.725	0
0.4934	0
0.7733	0
21.877	1
0.5883	0
5.887	1
3.6248	0
2.9341	0
2.9862	0
5.9531	0
8.5162	0
3.4197	0
1.8162	0
1.9473	0
1.91	0
3.5356	0
1.2112	0
3.0623	0
0.9871	0
1.0141	0
1.5136	0
0.6503	0
10.9065	0
1.5164	0
1.9331	0
0.4898	0
0	1
0	1
0	1
0	1
0	1
0	1
0	1
0	1
0	1
0	1
0	1
0	1
0	1
0	1
0	1
0	1
0	1
0	1
0	1
0	1
0	1
0	1
0	1
0	1
0	1
0	1
0	1
0	1
0	1
0	1
0	1
0	1
0	1
0	1
0	1
0	1
