2.308	0
0.6073	0
0.6581	0
8.0493	0
18.8081	0
4.8225	0
2.8206	0
0.6775	0
2.3748	0
3.3894	0
10.4675	0
1.317	0
1.9558	0
4.0449	0
1.4258	0
2.0157	0
10.3181	0
8.1726	0
3.7355	0
1.7177	0
0.6996	0
2.8005	0
1.3363	0
1.1275	0
1.2121	0
2.4709	0
5.6677	0
1.4518	0
7.7618	0
2.2738	0
6.9533	0
5.4536	0
0.9934	0
6.1163	0
0.9719	0
4.4057	0
2.5882	0
3.1567	0
3.2741	0
2.5471	0
8.5234	0
8.3479	0
35.2288	0
1.1876	0
2.3709	0
0.7944	0
4.1882	0
2.7704	0
2.4622	0
1.9674	0
0.6957	0
10.2371	0
2.3004	0
4.2009	0
1.0305	0
3.1681	0
3.4977	0
3.8431	0
5.4063	0
1.7885	0
3.1784	0
12.0013	0
1.0335	0
2.1527	0
0.8285	0
9.1587	0
1.0044	0
2.6304	0
2.8867	0
2.3108	0
4.2491	0
1.6878	0
7.0148	0
12.6929	0
0.4979	0
2.8346	0
3.2219	0
2.1874	0
13.536	0
3.6171	0
2.315	0
6.4119	0
9.994	0
1.3395	0
2.9646	0
6.0224	0
18.7756	1
1.44	0
6.508	0
22.0826	0
5.8811	0
7.9896	0
1.3153	0
2.3223	0
7.3414	0
1.8235	0
2.5175	0
9.7471	0
5.4655	0
7.0678	0
8.1048	0
1.2787	0
25.6893	0
2.0914	0
4.0314	0
3.7512	0
19.2919	0
4.6861	0
3.4717	0
0.5699	0
1.5766	0
2.6765	0
1.5173	0
1.1075	0
3.2037	0
4.8023	0
2.4094	0
3.8064	0
1.4026	0
3.4248	0
8.9605	0
2.5952	0
3.5459	0
7.2224	0
0.7082	0
0.9237	0
0.7385	0
1.9538	0
5.1147	0
2.728	0
2.1133	0
2.6601	0
0.8306	0
3.9375	1
7.6818	0
1.7903	0
2.6786	0
0.7314	0
8.6772	0
0.81	0
3.4557	0
2.7834	0
9.5443	0
2.2265	0
1.7708	0
3.7237	0
2.2744	1
2.2808	0
2.6982	0
3.7452	0
5.4855	0
8.4695	0
0.5143	0
1.3962	1
5.1114	0
4.4823	0
18.4911	0
3.9846	0
1.4876	1
3.064	0
3.5628	0
9.1841	0
1.2455	0
5.6264	0
0.9191	0
11.3084	0
3.5594	0
3.4429	0
5.7266	0
14.1508	0
2.1717	0
0.9934	0
8.0815	0
10.7276	0
2.5145	0
6.5142	0
2.8331	0
2.1379	0
3.7473	0
2.7146	0
7.2671	0
1.9142	0
2.3026	0
5.8436	0
5.1213	0
2.9342	0
16.7537	1
20.5631	0
0.6923	0
1.4659	0
0.9486	0
4.1375	0
0.33	0
1.5768	0
2.3133	0
0.5762	0
23.5695	0
3.0854	0
4.5544	0
29.5871	0
0.3715	0
1.7123	0
2.2741	0
0.95	0
1.7091	0
2.9937	0
5.1558	0
3.18	0
12.9179	0
1.6933	0
1.8345	0
0.383	0
1.5867	0
3.1513	0
8.4474	0
10.1193	0
2.26	0
3.5587	0
6.3599	0
1.2985	0
1.6249	0
7.3003	0
0.9938	0
6.2849	0
10.0537	0
1.9934	0
2.4051	0
9.0981	0
2.2083	0
14.2886	0
4.5028	0
1.3824	0
1.7462	0
1.1309	0
10.0299	0
1.521	0
0.9359	0
5.7983	0
7.8709	0
0.6742	0
1.2459	0
2.9673	0
5.9168	0
2.6664	0
1.6141	0
2.5533	0
2.9317	0
2.3169	0
3.5794	0
4.2631	0
1.9976	0
1.3089	0
3.659	0
2.7458	0
3.5173	0
5.3206	0
16.9471	0
1.0313	0
3.4652	0
5.8495	0
2.3371	0
13.5446	0
1.4151	0
3.621	0
1.3758	0
2.5357	0
1.1428	0
0.8493	0
0.9109	0
6.0893	0
1.9048	0
0.5257	0
1.7341	0
4.6018	0
5.8541	0
3.3179	0
13.5544	0
1.8675	0
1.9361	0
2.1658	0
1.8921	0
1.8705	0
3.9181	0
2.4057	0
2.7229	0
1.9341	0
3.3746	0
2.3275	0
1.1324	0
2.1806	0
2.227	0
7.3316	0
9.0017	0
6.4424	0
2.4933	0
3.5772	0
10.983	0
2.8622	0
14.2638	0
2.0063	0
0.9764	0
4.1507	0
0.4625	1
4.229	0
1.6792	0
0.741	0
0.5705	0
2.0344	0
2.1454	0
1.3593	0
0.8602	0
3.977	0
1.6762	0
4.9389	0
3.6359	0
1.0121	0
14.893	0
1.3869	0
3.5647	0
0.833	0
4.0871	1
2.6245	0
3.7532	0
7.8648	0
1.5173	0
4.2818	0
1.1425	0
2.1015	0
11.6312	0
7.1286	0
1.9299	0
0.3776	0
3.7882	0
3.7882	0
10.7987	0
2.4107	0
1.4677	0
7.0894	0
3.1484	0
1.3452	0
1.5895	0
6.7158	0
3.0474	0
0.5178	0
2.5071	0
1.0167	0
2.8238	0
13.4316	0
4.4884	0
1.9122	0
0.5267	0
5.9223	0
0.9688	0
1.9133	0
1.8024	0
1.2404	0
3.9553	0
7.4543	0
2.7307	0
6.3594	0
9.6272	0
4.1732	0
2.2534	0
0.7484	0
0.9211	0
1.9779	0
1.7741	0
7.1161	0
1.0547	0
1.0301	0
5.0009	0
6.3311	0
1.7498	0
0.658	0
1.0869	0
6.0225	1
2.8445	0
7.6492	0
1.8491	0
7.0762	0
1.1828	0
13.1824	0
1.1277	0
0.9099	0
3.7456	0
2.5818	0
4.7272	0
1.671	0
1.7192	0
5.3517	0
1.6784	0
2.5906	0
1.7736	0
1.0215	0
1.0974	0
0.9813	0
3.1058	0
4.8538	0
21.0848	0
2.1586	0
2.0559	0
7.3203	0
4.6492	0
2.0426	0
1.9616	0
13.7582	0
6.9592	0
3.4583	0
13.8648	0
2.3482	0
3.9409	1
4.6347	0
2.2834	0
3.0029	0
1.5622	0
2.2083	0
3.5855	1
8.8452	0
1.2102	0
1.9773	0
2.2319	0
14.2994	0
3.889	0
3.0788	0
3.8998	1
6.2156	0
1.0076	0
2.5754	0
8.6607	0
5.0657	0
4.8882	0
5.4316	0
2.505	0
4.1199	1
1.445	0
1.994	0
1.4313	0
4.1186	0
10.3047	0
2.3533	0
0.4435	0
8.2602	0
12.7835	0
2.0595	0
4.4364	0
2.407	0
6.4866	0
4.9115	0
2.5518	0
3.164	0
3.3051	0
2.6087	0
3.3786	0
2.0536	0
3.8832	0
1.8437	0
5.4247	0
0.7569	0
12.9008	0
0.7674	0
2.026	0
2.8558	0
2.9524	0
11.1436	1
15.5717	0
5.2167	0
1.7354	0
2.4361	0
13.9127	0
1.2363	0
0.9858	0
8.2005	0
1.0263	0
4.1526	0
1.4741	0
6.8807	0
1.8079	0
1.1159	0
4.1692	0
1.6032	0
8.8741	0
1.7632	0
1.9785	0
1.5623	0
3.5576	0
3.7246	0
6.5932	0
2.7897	0
0.8203	0
4.4876	0
6.6487	0
0.551	0
1.0179	0
1.7662	0
3.7253	0
4.9519	0
6.2745	1
2.2353	0
2.6168	0
2.2281	0
1.2771	0
1.5365	0
2.4789	0
3.8196	0
13.0983	0
1.1037	0
1.726	0
2.9863	0
0.4013	0
1.9221	0
9.2171	0
2.1507	0
2.5429	0
7.5558	0
3.5078	0
0.5477	0
2.7276	0
1.0725	0
4.8051	0
0.7205	0
4.8238	0
12.2902	0
1.6768	0
1.4875	0
8.1882	0
0.5208	0
2.5181	0
19.4406	0
0.4611	0
12.7405	0
1.0774	0
0.4175	0
6.4343	0
12.7343	0
9.7791	0
0.5766	0
1.2207	0
1.1809	0
9.048	0
10.7897	0
5.2895	0
2.709	0
6.2995	0
1.2723	0
2.1972	0
3.8148	0
2.1376	0
0.6712	0
0.9093	0
1.2379	0
12.0397	0
1.0313	0
1.9264	0
1.1176	0
27.9592	0
12.0151	0
4.673	0
0.9353	0
1.2579	0
3.6257	0
7.0939	0
4.6037	0
3.9065	0
1.1046	0
16.9318	0
2.0195	0
1.9844	0
3.8054	0
3.6888	0
6.8568	1
0.3158	0
5.9516	0
20.2785	1
3.6357	0
3.1867	0
3.7753	0
3.065	0
22.524	0
2.904	0
3.1633	0
3.4175	0
10.5521	0
5.0076	0
2.1606	0
27.2144	0
1.5155	0
2.8847	1
1.4566	0
5.5903	0
3.5857	0
10.0637	0
1.4448	0
20.0533	0
2.9505	0
1.9354	0
1.5974	0
1.7639	0
2.4924	0
24.0902	0
1.0263	0
5.6612	0
2.8568	0
11.5537	0
0.8887	0
14.9335	0
11.5753	0
14.1412	0
1.064	0
26.2	1
5.2631	1
3.9413	0
6.0387	0
0.8449	0
13.4162	0
1.1914	0
0.6426	0
1.4183	1
1.6218	0
7.2272	0
1.3056	0
0.7197	0
18.5826	0
26.0228	1
4.8066	0
18.9999	0
6.9818	1
1.1008	0
4.1852	0
19.2575	0
1.2795	0
6.0143	0
1.8093	0
0.9152	0
2.2767	0
0.9094	0
1.7851	0
0.3431	0
1.8645	0
3.1336	0
2.897	0
0.6733	0
3.8609	0
0.5814	0
8.5351	0
4.6783	0
1.0757	0
0.9263	0
7.1555	0
0.4763	0
8.367	0
4.1389	0
1.4785	0
1.4938	0
12.8391	0
26.3848	0
3.2295	0
7.7393	0
0.9465	0
3.1614	0
1.7363	1
7.6613	0
4.6038	0
1.0055	0
6.7192	0
3.9904	0
4.298	0
9.7485	0
3.2956	0
1.0668	0
4.9057	1
0.5986	0
1.6533	0
1.5892	0
0.4294	0
1.9757	0
12.0116	0
2.0169	0
2.8499	1
3.2514	0
3.957	0
5.9012	0
3.2181	0
1.37	0
18.9418	0
11.1621	0
3.9607	0
13.6372	0
8.5648	0
2.4719	0
2.9797	0
1.8315	0
2.5116	0
2.1367	0
5.8224	0
2.1697	0
14.6345	0
3.4687	0
2.0757	0
0.9348	0
2.2614	0
4.7859	0
1.12	0
1.2885	0
1.5593	0
1.486	0
8.1828	0
4.0113	0
5.5132	0
2.2836	0
5.2732	0
1.647	0
2.7747	0
0.8019	0
0.6397	0
0.9108	0
0.5769	0
4.2542	0
1.0855	0
4.3952	0
0.7779	0
7.2416	0
1.0647	0
1.0591	0
1.4614	0
4.4239	0
1.4872	0
8.2953	0
15.4969	0
2.7382	1
3.1675	0
6.8889	0
1.9209	0
0.7231	0
0.9804	0
12.2085	0
0.2661	0
8.9024	0
2.9326	1
1.2816	0
3.1826	0
0.276	0
5.1079	0
1.8934	0
12.4436	0
1.405	0
11.1147	0
1.2756	0
0.5793	0
1.9496	0
4.8927	0
9.9461	0
3.5482	0
0.5465	0
2.109	0
3.1703	0
3.6095	0
2.938	0
4.0545	0
0.7908	0
2.6485	0
5.4933	0
2.017	0
0.8424	1
4.8309	0
1.4987	0
1.0623	0
2.6456	0
3.0015	0
3.6431	0
0.7395	0
4.2308	0
7.5548	0
1.8024	0
3.4657	0
3.5218	0
3.6096	0
2.3426	0
9.3969	0
2.7979	0
1.5435	0
16.9858	0
2.7267	1
2.8206	0
5.4797	0
2.0003	0
1.6811	0
0.5428	0
2.6554	0
1.074	0
0.7251	0
3.5657	0
8.064	0
2.8131	0
10.9722	0
8.4846	0
5.6126	0
1.3844	0
0.456	0
1.9395	0
0.8812	0
8.566	0
2.2826	0
5.9819	0
4.6907	0
1.6995	0
2.2446	0
1.8081	0
6.7932	0
1.6683	0
2.2842	0
19.1848	0
11.0132	0
0.5314	0
3.3814	0
0.913	0
1.5597	0
3.3038	0
1.1588	0
0.8372	0
5.9945	0
0.755	0
3.4377	0
33.9793	1
7.5833	0
3.1339	0
4.0534	1
1.4215	0
4.293	0
5.254	0
6.0679	0
2.1104	0
0.725	0
0.4934	0
0.7733	0
21.877	1
0.5883	0
5.887	1
3.6248	0
2.9341	0
2.9862	0
5.9531	0
8.5162	0
3.4197	0
1.8162	0
1.9473	0
1.91	0
3.5356	0
1.2112	0
3.0623	0
0.9871	0
1.0141	0
1.5136	0
0.6503	0
10.9065	0
1.5164	0
1.9331	0
0.4898	0
0.0	1
0.0	1
0.0	1
0.0	1
0.0	1
0.0	1
0.0	1
0.0	1
0.0	1
0.0	1
0.0	1
0.0	1
0.0	1
0.0	1
0.0	1
0.0	1
0.0	1
0.0	1
0.0	1
0.0	1
0.0	1
0.0	1
0.0	1
0.0	1
0.0	1
0.0	1
0.0	1
0.0	1
0.0	1
0.0	1
0.0	1
0.0	1
0.0	1
0.0	1
0.0	1
0.0	1
1.7442	0
2.2993	0
4.6118	0
2.0466	0
2.5408	0
1.9067	0
30.0011	1
3.7612	0
3.4466	0
11.0728	1
15.4192	0
3.2586	0
8.8424	0
29.2092	0
3.494	0
3.9023	0
11.8058	0
16.9044	0
9.0876	0
2.8841	0
11.4797	0
24.6877	0
1.4842	0
1.9696	0
9.0986	0
2.1097	0
1.3249	0
20.614	0
13.0305	0
35.2289	1
1.3558	0
3.3264	0
16.167	0
7.8824	0
3.9338	0
2.1548	0
26.0231	0
1.4259	0
23.6694	0
5.4791	1
16.3888	0
25.6894	0
30.0011	0
22.0123	0
6.0726	0
2.7251	0
30.4583	0
11.2025	0
9.7017	0
35.2289	0
14.6967	0
19.7993	0
39.9993	0
2.4656	0
11.3772	0
10.5933	0
2.4315	0
4.6138	0
3.2148	0
33.0106	0
25.5312	0
4.3962	0
13.5741	0
23.8761	0
3.5746	0
1.5594	0
25.5312	0
16.4073	0
1.8244	0
4.5608	0
20.3253	0
30.0011	0
8.1851	0
8.38	0
25.6892	0
5.0912	0
7.3506	0
1.7585	0
4.722	0
27.6966	0
10.4501	0
32.2191	0
1.5849	0
2.0401	0
7.8523	0
1.5476	0
21.1992	0
4.6911	0
39.9993	1
14.2534	0
11.0462	0
24.0906	0
6.0213	0
2.3082	0
18.0578	0
7.8982	0
8.169	1
15.2901	0
5.6353	0
13.6527	0
2.507	0
4.6106	0
23.5702	0
24.0935	0
25.853	0
13.8124	1
18.5849	0
18.5832	0
6.0346	1
25.5313	0
28.2406	1
29.5872	1
21.256	0
2.2825	0
27.4486	0
30.4583	0
23.9829	0
33.98	1
2.1233	0
27.448	0
1.5158	0
31.5498	0
35.2289	0
1.2706	0
2.5293	0
10.5895	0
3.0213	0
6.5765	0
20.3253	0
2.753	0
13.4034	0
2.4713	0
14.1844	1
27.6966	0
15.1013	0
15.742	0
17.3612	0
25.8529	0
8.081	1
17.1641	0
36.9903	0
14.2657	0
26.7797	0
23.0156	0
35.2289	0
8.9266	0
22.0128	0
2.2171	0
2.5021	0
33.0111	0
1.5936	0
6.3167	0
4.8256	0
28.54	0
27.449	0
26.78	0
30.97	0
2.6014	0
1.5082	0
36.9903	0
18.7431	0
6.4677	0
15.5588	0
2.6591	0
26.0233	0
1.3588	0
22.0132	0
2.5963	0
22.5235	0
2.2992	0
21.8779	0
2.4476	0
4.653	0
17.7135	0
2.0836	0
3.464	0
10.5753	0
1.7855	0
11.3744	0
4.3024	0
10.562	0
11.0806	0
12.9961	0
28.5402	0
9.2708	0
21.8115	0
29.5872	0
1.5055	0
33.98	0
30.0008	0
11.9545	0
24.6883	0
30.0011	0
7.2021	1
1.9896	0
2.5582	0
13.1691	0
14.154	0
1.4321	0
7.3056	0
3.615	0
3.6665	0
9.8513	0
2.0788	0
10.4905	0
35.2289	0
4.1007	0
1.6033	0
4.0934	0
9.5777	0
3.7796	0
12.8721	0
14.0432	0
3.0289	0
12.5254	0
36.9903	0
24.5624	0
20.4183	0
9.3158	0
2.6032	0
6.2786	0
26.2001	0
31.5498	0
39.9993	0
15.9963	0
35.2289	1
22.447	0
4.423	0
6.8525	0
22.6819	0
13.9786	0
1.6319	0
24.4391	0
3.0817	0
35.2289	0
36.989	1
35.2289	0
35.2289	0
26.0231	0
30.4586	0
11.6337	0
21.7461	0
28.2404	0
19.9677	0
5.7319	0
23.6698	0
10.6132	0
24.8181	0
14.2206	0
28.8618	1
3.3168	0
32.2186	1
6.1867	0
22.1528	0
30.0006	0
2.1922	0
30.4583	0
1.744	0
6.9243	0
39.9993	0
17.1647	0
39.9993	0
21.5564	0
17.0767	0
21.0323	0
36.9903	1
22.5242	0
12.4804	0
13.2567	0
5.2586	0
2.9962	0
1.7373	0
2.115	0
9.5593	0
26.7797	0
3.0916	0
7.41	0
1.5032	0
21.3746	0
31.5498	0
2.8864	0
3.1067	0
3.1483	1
4.9601	0
21.1433	0
23.2839	0
10.3199	0
30.4583	0
16.1174	0
1.4032	0
2.7442	0
1.3339	0
1.8088	0
3.9132	0
22.3708	0
2.5556	0
2.37	0
3.6101	0
6.9293	0
33.98	1
3.6057	0
4.864	0
8.3023	0
6.257	0
39.9993	0
9.9076	0
2.8722	0
8.3483	0
19.7994	0
33.98	0
6.5139	0
15.3485	1
1.429	0
1.8667	0
28.2408	0
23.5702	0
32.2191	1
100.0	1
2.3835	0
3.85	0
31.5494	0
13.6135	0
9.6914	0
2.7409	0
6.4372	0
26.2001	0
13.8951	0
2.1955	0
2.2777	0
6.3925	0
5.1814	1
17.9757	0
28.2408	0
3.8387	0
25.379	0
3.1844	1
26.578	0
11.2456	1
32.2191	0
10.1049	1
33.0106	1
22.6806	0
12.855	0
25.2318	0
22.5239	1
23.7703	0
1.9598	0
7.6935	0
2.7092	0
22.8455	0
3.6321	0
13.0647	0
28.5395	0
14.6096	0
6.7815	0
33.98	0
24.5629	0
23.67	0
25.0895	0
1.8594	0
18.7107	0
12.607	0
6.8152	0
33.0106	0
3.9779	0
36.989	0
25.0895	0
1.8661	0
17.0977	0
1.8922	0
2.0709	0
1.4416	0
19.7995	0
2.5952	0
21.5564	0
1.5842	0
11.1699	0
18.6794	0
1.298	0
7.0757	0
32.2191	0
12.5487	0
20.2789	0
8.2897	1
2.7664	0
5.5035	0
1.8022	0
1.7736	0
1.9627	0
5.4495	0
5.3504	0
1.4033	0
2.5965	0
10.4949	1
33.98	1
27.6974	0
5.1981	0
15.6522	0
12.4886	0
1.4859	0
1.7894	0
24.0916	0
11.3878	0
20.9235	0
35.2289	0
26.021	0
25.3791	0
6.0724	0
31.5498	0
27.6974	0
33.98	0
14.2092	0
4.2903	0
9.5754	0
14.4514	0
24.6884	0
33.0111	0
1.3561	0
18.2554	0
1.9186	0
28.5402	1
28.8618	0
18.8085	0
12.7034	0
13.9155	0
20.818	0
14.5243	1
23.3772	0
33.0106	0
4.7794	0
3.5093	0
25.8529	0
1.5239	0
24.6884	0
16.2754	0
26.9911	0
30.4586	0
22.9266	0
31.5498	0
33.9793	0
3.1943	0
5.7633	0
10.7817	1
6.5714	0
22.8448	0
1.7687	0
9.2038	0
20.6127	1
17.0768	1
4.7024	0
3.4323	0
20.5648	0
30.0011	0
2.7622	0
12.7017	0
18.3714	0
27.9605	0
15.2458	0
21.7465	0
24.2046	0
2.4869	0
3.1606	0
36.9903	0
4.9222	0
22.225	0
1.614	0
3.5531	0
1.3747	0
23.103	0
2.8999	0
1.4584	0
4.5388	0
2.9469	0
1.5012	0
5.8658	0
33.0111	0
6.3545	1
6.6465	1
9.0775	0
22.1476	0
11.4116	0
1.3998	1
33.0106	0
2.1703	0
27.2138	0
9.2044	0
6.0283	0
36.9903	1
1.7357	0
3.6583	0
8.2925	0
3.6854	0
1.5148	0
33.98	0
9.1567	0
1.7831	0
1.5111	0
1.518	0
2.9681	0
1.4276	0
16.0131	0
4.1351	0
2.157	0
2.5446	0
4.3093	0
8.1151	0
27.6966	0
11.7872	0
24.562	0
12.4929	0
1.756	0
13.7322	0
12.2275	0
3.4333	0
31.549	0
32.2191	0
27.96	0
2.3262	0
36.9903	0
29.587	0
29.5872	0
25.3781	0
22.7627	0
14.2208	0
2.2353	0
29.5865	0
27.2145	0
2.0758	0
25.3781	0
8.529	0
10.072	0
13.1037	0
12.0471	0
5.3924	0
5.8207	0
21.8774	0
29.587	0
24.2046	0
1.8396	0
2.6646	0
30.4586	0
33.0111	0
9.7628	0
26.1993	0
3.5623	0
3.9205	0
29.587	0
3.2479	0
23.6689	0
2.2585	0
100.0	1
7.107	0
1.2878	0
7.8391	0
5.4658	0
17.4909	0
33.98	0
28.2406	0
17.6134	0
17.5887	0
29.5872	0
5.3174	1
5.5292	0
28.5402	0
18.7746	0
2.654	0
26.0228	0
16.4451	0
3.9783	0
9.2461	0
13.9786	1
32.2191	1
27.2143	0
17.0767	0
5.8554	0
21.3157	0
20.818	0
1.8194	0
1.4122	0
3.2798	0
22.1532	0
1.506	0
4.0527	0
12.815	0
32.2186	0
16.7173	0
30.0008	0
19.9248	0
9.3987	0
13.7211	0
1.3887	0
11.8168	0
19.4421	0
36.9903	0
9.3852	0
5.8407	0
23.1027	0
20.3718	0
19.7994	0
3.7207	0
15.2461	0
4.2251	0
7.3146	0
22.0132	0
28.54	0
11.7902	0
2.2321	0
39.9993	0
21.0875	1
3.8402	0
6.6975	0
17.817	0
2.143	0
17.8167	0
13.8953	0
1.4513	0
28.2403	0
3.4522	0
8.556	0
3.082	0
26.9911	0
21.6822	0
27.4491	0
13.7929	0
21.0866	0
7.0532	0
18.2264	0
20.1427	0
35.2289	0
33.0101	1
6.6608	0
6.2348	0
9.8394	0
28.8608	0
39.9993	1
30.97	0
32.2186	1
21.1999	0
23.67	0
33.0106	0
13.5359	0
9.6392	0
1.4564	0
23.6697	0
2.3563	0
22.08	0
31.5494	0
23.1927	1
27.6966	0
39.9993	0
36.9903	1
36.9903	1
31.5498	0
1.6011	0
23.1029	0
2.0688	1
33.98	0
100.0	1
1.6275	0
18.4617	0
22.4468	1
31.5494	0
10.9442	0
36.9903	1
1.8513	0
17.4426	0
31.5498	1
1.6125	0
30.4583	0
24.4404	0
35.2289	0
35.2289	1
3.413	1
2.4702	0
16.7191	0
22.6024	1
30.0011	0
14.221	0
4.2477	0
35.2289	1
29.5872	0
4.1882	0
23.3761	0
20.7652	0
14.4347	0
100.0	0
7.9918	0
14.9424	0
6.5015	1
36.9903	0
32.2191	0
20.3244	0
32.2191	0
27.6966	0
2.8618	0
1.6205	0
33.98	0
22.6022	0
32.2191	0
30.0011	0
18.0846	0
24.8184	0
7.2676	0
2.6501	0
22.8452	0
30.4586	0
26.578	0
1.9811	0
30.97	0
7.7145	0
18.8084	1
1.3732	0
11.9158	0
15.0913	0
1.5548	0
10.824	0
3.1757	1
23.5698	0
17.0765	0
7.8775	0
35.2289	1
25.3789	0
3.4	0
32.2186	0
2.9002	0
10.1397	0
5.8794	0
10.5658	0
27.2143	0
2.3418	0
39.9993	1
30.4583	0
28.8618	1
5.3943	0
1.3531	0
13.8856	1
14.3814	0
29.2094	0
2.214	0
21.1415	0
30.4583	0
1.4945	0
3.0264	0
16.5023	0
36.9903	0
26.7799	0
3.7468	0
27.4491	0
33.9793	1
2.9133	0
25.6892	0
1.6457	0
15.9251	0
9.3642	0
9.5684	0
15.6195	0
23.1925	1
8.3718	1
25.689	0
18.372	0
5.9468	0
33.0111	0
20.0535	0
9.5705	0
14.5847	0
5.2954	0
1.9917	0
39.9993	0
4.3401	0
24.6881	0
1.3263	0
33.0106	0
27.449	0
24.6888	0
9.3122	1
3.791	0
1.8848	0
7.0906	0
32.2195	0
3.0961	0
14.1651	0
6.8875	0
28.862	0
4.018	0
18.4619	0
22.2977	0
10.5228	0
22.7628	0
24.6888	0
35.2289	1
1.5132	0
4.3227	0
20.7655	0
1.6122	0
33.0111	0
27.6969	0
1.9134	0
8.1205	1
2.3574	0
3.8157	0
1.9272	0
4.4253	1
2.8291	0
1.2989	0
2.6305	0
11.4577	0
3.0376	0
12.4954	1
13.082	0
1.9735	0
3.1925	1
24.3218	0
30.97	0
3.0904	0
15.2041	0
15.2327	0
2.8048	0
1.431	0
7.8131	0
15.0374	0
2.8158	0
1.598	0
18.8413	0
6.3025	0
19.7985	0
23.5703	0
7.2204	0
31.5498	0
7.5502	1
36.9903	0
7.5696	0
25.8526	0
17.4669	0
2.6802	0
9.6423	1
16.4171	0
20.6636	0
10.0285	0
14.9651	0
23.8765	0
4.0665	0
6.034	0
5.9235	0
1.6858	0
10.6677	0
33.98	0
22.2976	0
29.5865	0
6.6799	0
2.0855	0
2.7202	0
1.8864	0
14.4996	0
2.7838	0
35.2289	1
7.2041	0
13.6616	0
3.2724	1
2.1682	0
22.681	0
39.9993	1
2.1767	0
14.7213	1
2.9615	0
2.9872	0
29.2094	0
14.3118	0
3.1894	0
2.7258	0
10.9985	1
11.7866	0
20.1426	0
20.7147	0
19.2572	0
1.6728	0
28.862	0
8.0324	1
4.2294	0
28.2404	0
25.0888	0
3.2458	0
3.1314	0
33.0101	0
1.5933	0
28.2403	0
17.5626	0
2.2545	0
14.5363	0
3.578	0
2.5217	0
18.9417	0
5.3682	0
27.4491	0
7.2011	0
13.9685	0
3.6686	0
14.3118	0
5.9915	0
19.5974	0
2.8137	0
33.98	0
1.6779	0
5.7909	0
19.5977	0
19.925	0
30.97	0
13.6211	0
21.0321	0
25.5311	0
14.6469	0
6.7024	0
26.3831	1
21.1423	0
4.2874	0
13.8339	0
3.9526	0
25.2309	0
4.956	0
35.2289	0
16.4641	1
3.8154	0
2.8707	0
2.0665	0
13.3762	0
1.9428	0
2.5869	0
2.4041	0
13.7822	0
3.7201	0
35.2289	1
2.7784	0
6.5329	0
5.1448	0
1.7385	0
22.6024	0
2.8783	0
12.9381	0
33.98	1
9.4041	0
3.9928	0
3.6023	1
24.5627	0
13.7222	0
3.7778	0
2.3146	1
15.6681	0
3.056	0
1.2584	0
4.8184	0
1.8056	0
3.6437	0
2.4346	0
35.2289	1
1.8835	0
4.5426	0
18.6162	0
24.9518	1
15.7634	0
3.7659	0
8.2362	0
1.3926	0
2.4824	0
1.9861	0
4.7774	0
27.9605	0
9.8082	0
3.111	0
1.347	0
1.3881	0
7.3976	0
2.1025	0
3.4663	0
1.3538	0
28.862	0
35.2289	1
1.8597	0
1.3589	0
8.0565	0
2.8756	0
22.524	0
0.0	1
0.0	1
0.0	1
0.0	1
0.0	1
0.0	1
0.0	1
0.0	1
0.0	1
0.0	1
0.0	1
0.0	1
0.0	1
0.0	1
0.0	1
0.0	1
0.0	1
0.0	1
0.0	1
0.0	1
0.0	1
0.0	1
0.0	1
0.0	1
0.0	1
0.0	1
0.0	1
0.0	1
0.0	1
0.0	1
0.0	1
0.0	1
0.0	1
0.0	1
0.0	1
