0.4907	0
0.3744	0
0.8059	0
0.3049	0
0.8738	0
0.6527	1
0.3023	0
0.6559	0
0.9955	0
0.6442	0
0.4864	0
0.6132	1
0.7456	1
0.3045	0
0.5099	0
0.8056	0
0.9504	0
0.3793	0
0.4702	0
0.5568	0
0.4499	0
0.5584	0
0.385	0
0.5961	1
0.956	0
0.5929	0
0.7546	1
0.523	1
0.816	0
0.3138	0
0.7113	0
0.9584	0
0.359	0
0.8587	0
0.9012	0
0.611	0
0.3268	0
0.4184	0
0.971	0
0.5787	0
0.3939	0
0.5817	0
0.925	0
0.3884	1
0.7548	1
0.5654	0
0.3816	1
0.3751	0
0.3067	0
0.9027	0
0.334	0
0.6049	1
0.3495	0
0.9473	0
0.3827	0
0.3801	0
0.7294	0
0.6976	0
0.379	0
0.395	0
0.9678	0
0.8253	1
0.9379	0
0.4681	0
0.9081	0
0.8628	0
0.4755	0
0.9945	0
0.7195	1
0.8877	0
0.954	0
0.3009	0
0.3706	0
0.3385	0
0.3476	0
0.5812	0
0.7633	1
0.3373	0
0.8718	0
0.4071	0
0.3487	0
0.9954	0
0.709	0
0.5555	0
0.4082	0
0.4299	1
0.3263	0
0.6472	0
0.9033	0
0.8895	0
0.3727	1
0.9867	0
0.4193	0
0.3751	0
0.3345	0
0.5038	0
0.404	0
0.5353	0
0.9314	0
0.9928	1
0.9461	1
0.9343	0
0.9569	0
0.9921	1
0.3849	0
0.4772	0
0.6792	0
0.3275	0
0.7599	0
0.5658	0
0.5259	0
0.4624	0
0.3287	0
0.9789	0
0.7444	0
0.4606	0
0.9419	0
0.3245	0
0.6292	0
0.5453	0
0.5968	0
0.6781	0
0.4307	0
0.7839	0
0.4876	0
0.4962	1
0.7661	0
0.9596	0
0.3213	0
0.7422	0
0.5104	0
0.3834	0
0.4473	0
0.4077	0
0.6792	0
0.3603	0
0.8526	0
0.606	0
0.567	0
0.5243	0
0.9142	0
0.3761	0
0.9894	1
0.5258	0
0.4882	0
0.9929	1
0.7049	0
0.9738	1
0.0	1
0.0	1
0.0	1
0.0	1
0.0	1
0.0	1
0.0	1
0.0	1
0.0	1
0.0	1
0.0	1
0.0	1
0.0	1
0.0	1
0.0	1
0.0	1
0.0	1
0.0	1
0.0	1
0.0	1
0.0	1
0.0	1
0.0	1
0.0	1
0.0	1
0.0	1
0.0	1
0.0	1
0.0	1
0.0	1
0.0	1
0.0	1
0.0	1
0.0	1
0.0	1
0.0	1
0.0	1
0.0	1
0.0	1
0.0	1
0.0	1
0.0	1
0.0	1
0.0	1
0.0	1
0.0	1
0.0	1
0.0	1
0.3516	0
0.4348	0
0.9979	1
0.6168	0
0.3568	0
0.4734	0
0.8421	0
0.9714	1
0.434	0
0.9574	0
0.3261	0
0.3803	0
0.5213	0
0.6488	0
0.4431	0
0.3043	0
0.4131	0
0.3885	0
0.3483	0
0.9836	0
0.9992	0
0.5386	0
0.9635	0
0.3666	0
0.9932	0
0.5956	0
0.7543	0
0.3348	0
0.6894	0
0.376	0
0.4128	0
0.4687	0
0.3833	0
0.4994	0
0.3813	0
0.6019	0
0.4815	0
0.9684	0
0.3146	0
0.924	0
0.7172	0
0.4126	0
0.6767	0
0.6983	0
0.5719	0
0.6945	0
0.6191	0
0.3006	0
0.3588	0
0.44	0
0.4692	0
0.5433	0
0.5377	0
0.4434	0
0.5679	0
0.5884	0
0.3447	0
0.7429	0
0.8129	0
0.3677	0
0.7501	0
0.8277	1
0.5596	0
0.9219	0
0.3598	0
0.7224	0
0.4596	0
0.9417	0
0.3505	0
0.6066	0
0.8064	0
0.305	0
0.5771	0
0.5863	0
0.4021	0
0.4277	0
0.3529	0
0.4731	0
0.3286	0
0.9938	0
0.9304	0
0.6011	0
0.4849	0
0.4322	0
0.4015	0
0.6134	0
0.6716	0
0.5398	0
0.3129	0
0.3839	0
1.0	1
0.3696	0
0.3816	0
0.304	0
0.5181	0
0.3944	0
0.8251	0
0.6366	0
0.7543	0
0.7938	0
0.3782	0
0.5154	0
0.4115	0
0.3772	0
0.8274	0
0.8578	0
0.3159	0
0.6179	0
0.3298	0
0.4289	0
0.3198	0
0.9997	0
0.5268	0
0.3677	0
0.3871	0
0.8113	0
0.5103	0
0.5336	0
0.3805	0
0.4257	0
0.9944	0
0.4279	0
0.9815	1
0.4356	0
0.9831	0
0.8106	0
0.3081	0
0.5731	0
0.6913	0
0.3843	0
0.8704	0
0.9912	0
0.998	0
0.9975	0
0.4646	0
0.4377	0
0.8301	0
0.4307	0
0.9975	0
0.8583	0
0.4294	0
0.691	0
0.3335	0
0.4869	0
0.3992	0
0.6582	0
0.9342	0
0.3859	0
0.9463	0
0.6154	0
0.3691	0
0.338	0
0.3162	0
0.3965	0
0.3149	0
0.403	0
0.9986	0
0.9975	0
0.9449	0
0.3052	0
0.4219	0
0.4866	0
0.5477	0
0.3223	0
0.5658	0
0.5247	0
0.4257	0
0.971	0
0.9997	0
0.4265	0
0.5151	0
0.7018	0
0.4138	0
0.3366	0
0.9576	0
0.4379	0
0.3422	0
0.4501	0
0.3131	0
0.3681	0
0.9905	0
0.3168	0
0.4497	0
0.507	0
0.4921	0
0.3537	0
0.5125	0
0.5716	0
0.5363	0
0.4673	0
0.4874	0
0.5172	0
0.9981	0
0.7059	0
0.5543	0
0.9981	0
0.5903	0
0.8522	0
0.3134	0
0.3561	0
0.8903	0
0.4625	0
0.4066	0
0.4556	0
0.4884	0
0.371	0
0.9997	0
0.5219	0
0.3837	0
0.4173	0
0.4116	0
0.449	0
0.4675	0
0.3589	0
0.6802	0
0.6142	0
0.4995	0
0.5766	0
0.3025	0
0.539	0
0.4575	0
0.5781	0
0.3679	0
0.5857	0
0.3085	0
0.4493	0
0.9881	0
0.5718	0
0.4063	0
0.3754	0
0.5046	0
0.9251	0
0.4669	0
0.4169	0
0.578	0
0.3126	0
0.7886	0
0.6858	0
0.3897	0
0.6917	0
0.4934	0
0.5763	0
0.6707	0
0.8731	0
0.5009	0
0.924	0
0.5619	0
0.308	0
0.9366	0
0.9306	1
0.9979	0
0.4577	0
0.5656	0
0.6317	0
0.5831	0
0.4418	0
0.4639	0
0.3833	0
0.5857	0
0.3674	0
0.829	0
0.311	0
0.8349	0
0.3167	0
0.9972	0
0.3907	0
0.4261	0
0.3112	0
0.9687	0
0.382	0
0.9851	0
0.4293	0
0.3727	0
0.5571	0
0.5695	0
0.668	0
0.3067	0
0.9981	0
0.3561	0
0.4853	0
0.4717	0
0.3453	0
0.5604	0
0.3007	0
0.3288	0
0.8419	0
0.5643	0
0.6554	0
0.5849	0
0.7209	0
0.4909	0
0.4628	0
0.3199	0
0.4613	0
0.5598	0
0.4749	0
0.5442	0
0.3398	0
0.4056	0
0.5088	0
0.3352	0
0.5849	0
0.4627	0
0.3336	0
0.3456	0
0.6933	1
0.6194	0
0.503	0
0.3671	0
0.7056	0
0.3037	0
0.3603	0
0.9994	0
0.7193	0
0.3762	0
0.8443	0
0.6044	0
0.4873	0
0.5437	0
0.9879	0
0.6981	0
0.42	0
0.4488	0
0.4987	0
0.9996	0
0.3243	0
0.5374	0
0.6449	0
0.4248	0
0.3736	0
0.9972	0
0.5073	0
0.3532	0
0.3503	0
0.6995	0
0.3122	0
0.3803	0
0.3092	0
0.3375	0
0.3894	0
0.4877	0
0.4387	0
0.6523	0
0.3736	0
0.3722	0
0.7132	0
0.4848	0
0.4222	0
0.3129	0
0.3169	0
0.4437	0
0.9525	0
0.3437	0
0.5141	0
0.6428	0
0.4695	0
0.3684	0
0.3509	0
0.6322	0
0.7906	0
0.4892	0
0.3636	0
0.4626	0
0.5676	0
0.3328	0
0.4282	0
0.9399	0
0.3365	0
0.7792	0
0.3066	0
0.3009	0
0.5863	0
0.3213	0
0.5114	0
0.5051	0
0.791	0
0.8444	0
0.3661	0
0.3257	0
0.3003	0
0.3525	0
0.4138	0
0.8108	0
0.4247	0
0.3103	0
0.3159	0
0.6617	0
0.3175	0
0.369	0
0.976	0
0.5954	0
0.678	0
0.3522	0
0.3526	0
0.7946	0
0.3067	0
0.5379	0
0.3217	0
0.3753	0
0.5935	0
0.6247	0
0.9923	1
0.4076	0
0.3637	0
0.5013	0
0.4394	0
0.6144	0
0.3141	0
0.9969	0
0.3381	0
0.3032	0
0.3627	0
0.3441	0
0.4287	0
0.7922	0
0.9596	0
0.3648	0
0.7125	0
0.4387	0
0.3197	0
0.4303	0
0.3382	0
0.8226	0
0.4298	0
0.6135	0
0.7506	0
0.5001	0
0.9876	0
0.3938	0
0.389	0
0.3167	0
0.5114	0
0.4209	0
0.3293	0
0.5056	0
0.4985	0
0.4227	0
0.4181	0
0.3078	0
0.6229	0
0.5002	0
0.386	0
0.5593	0
0.4316	0
0.5112	0
0.9932	0
0.3505	0
0.3582	0
0.3202	0
0.4555	0
0.8498	0
0.5022	0
0.5416	0
0.4795	0
0.3149	0
0.5958	0
0.3831	0
0.888	0
0.3402	0
0.4709	0
0.3028	0
0.6083	0
0.3151	0
0.4831	0
0.5471	0
0.5297	0
0.76	1
0.3055	0
0.396	0
0.9887	0
0.4033	0
0.5488	0
0.3155	0
0.4576	0
0.4475	0
0.3923	0
0.3818	0
0.3588	0
0.401	0
0.4579	0
0.8693	0
0.341	0
0.3648	0
0.5581	0
0.6552	0
0.3989	0
0.426	0
0.4488	0
0.3989	0
0.3857	0
0.6545	0
0.6183	0
0.6186	0
0.335	0
0.6052	0
0.4444	0
0.9985	0
0.3333	0
0.9937	0
0.9878	0
0.5228	0
0.3373	0
0.3703	0
0.3154	0
0.5334	0
0.6521	0
0.3007	0
0.4711	0
0.8115	0
0.524	0
0.3635	0
0.4734	0
0.3081	0
0.3611	0
0.3443	0
0.4825	0
0.4211	0
0.3989	0
0.8992	1
0.9931	0
0.9943	0
0.8353	1
0.5575	0
0.8668	0
0.3762	0
0.8503	0
0.7987	0
0.3827	0
0.8724	0
0.9949	0
1.0	1
0.5719	0
0.9708	0
0.4447	0
0.9992	1
0.8478	0
0.4581	0
0.4879	0
0.3284	0
0.4069	0
0.3315	0
0.3751	0
0.3521	0
0.4755	0
0.4163	0
0.5139	0
0.5165	0
0.4974	0
0.7371	0
0.96	0
0.4576	0
0.445	0
0.3712	0
0.3261	0
0.4828	0
0.4524	0
0.4357	0
0.5196	0
0.5584	0
0.4323	0
0.4571	0
0.3887	0
0.535	0
0.443	0
0.4623	0
0.9222	0
0.6329	0
0.7859	0
0.332	0
0.934	0
0.9931	0
0.3636	0
0.6599	0
0.999	0
0.9981	0
0.4589	0
1.0	1
0.6358	0
0.3462	0
0.5217	0
0.5285	0
0.6136	0
0.5024	0
0.8275	0
0.4496	0
0.5885	0
0.9985	0
0.3288	0
0.3438	0
0.4934	0
0.4338	0
0.7547	0
0.3348	0
0.8411	0
0.3398	0
0.3728	0
0.9989	0
0.3719	0
0.3356	0
0.9997	0
0.4416	0
0.611	0
0.7547	0
0.5135	0
0.5239	0
0.3807	0
0.5406	0
0.5785	0
0.8313	0
0.6582	0
0.3103	0
0.553	0
0.331	0
0.5847	0
0.831	0
0.7552	0
0.4007	0
0.6207	0
0.317	0
0.3485	0
0.6839	0
0.7533	0
0.336	0
0.6713	0
0.5935	0
0.8983	0
0.3608	0
0.346	0
0.9283	0
0.4251	0
0.3513	0
0.4009	0
0.4054	0
0.3314	0
0.3894	0
0.6565	0
0.3923	0
0.5742	0
0.3037	0
0.4499	0
0.5478	0
0.3388	0
0.6595	0
0.3999	0
0.3563	0
0.552	0
0.4966	0
0.63	0
0.4295	0
0.806	0
0.579	0
0.5592	0
0.3679	0
0.3067	0
0.4554	0
0.9437	1
0.9996	0
0.9129	0
0.6412	0
0.3909	0
0.5378	0
0.9844	0
0.4784	0
0.6329	0
0.339	0
0.603	0
0.3103	0
0.5123	0
0.6117	0
0.9987	0
0.3427	0
0.4056	0
0.4795	0
0.3155	0
0.3526	0
0.564	0
0.4232	0
0.5163	0
0.9225	1
0.9228	0
0.9999	0
0.4697	0
0.3241	0
0.4528	0
0.4543	0
0.4836	0
0.4324	0
0.3318	0
0.9861	0
0.762	0
0.9998	0
0.9982	0
0.9772	0
0.8387	0
0.3041	0
0.6672	0
0.4916	0
0.9947	0
0.4718	0
0.3352	0
0.402	0
0.475	0
0.4163	0
0.3516	0
0.8166	0
0.9575	0
0.3593	0
0.9997	0
0.3567	0
0.3566	0
0.5846	0
0.4594	0
0.547	0
0.4186	0
0.4807	0
0.4593	0
0.3944	0
0.3795	0
0.7349	0
0.861	0
0.9396	0
0.356	0
0.566	0
0.3282	0
0.3852	0
0.3618	0
0.3483	0
0.6981	0
0.7452	0
0.3027	0
0.3313	0
0.5269	0
0.3311	0
0.5429	0
0.8219	0
0.3632	0
0.4798	0
0.4023	0
0.3128	0
0.4428	0
0.3667	0
0.5332	0
0.4204	0
0.9736	0
0.5809	0
0.4888	0
0.4408	0
0.9427	0
0.3975	0
0.4105	0
0.7199	0
0.3684	0
0.4293	0
0.349	0
0.3176	0
0.3471	0
0.3979	0
0.554	0
0.4008	0
0.4271	0
0.606	0
0.362	0
0.9976	0
0.9997	0
0.329	0
0.513	0
0.6547	0
0.5086	0
0.3949	0
0.8373	0
0.4097	0
0.461	0
0.3895	0
0.4111	0
0.3337	0
0.9988	0
0.4096	0
0.3372	0
0.5338	0
0.4398	0
0.4124	0
0.374	0
0.3599	0
0.3136	0
0.3724	0
0.86	0
0.5682	0
1.0	0
0.6827	0
0.9153	0
0.7191	0
0.7068	0
0.692	0
0.8073	0
0.3372	0
0.7626	0
0.8511	0
0.6178	0
0.7608	0
0.769	0
0.9997	0
0.9986	0
0.6932	0
0.5692	0
0.3447	0
0.3879	0
0.969	0
0.9954	0
0.5261	0
0.9725	0
0.3948	0
0.4405	0
0.3315	0
0.3154	0
0.8221	0
0.4752	0
0.3894	0
0.3364	0
0.3218	0
0.3035	0
0.422	0
0.6582	0
0.3522	0
0.9998	0
0.3644	0
0.4848	0
0.5504	0
0.4514	0
0.3562	0
0.9952	0
0.5624	0
0.3039	0
0.9868	0
0.6269	0
0.986	0
0.4358	0
0.9723	0
0.3261	0
0.5507	0
0.3689	0
0.99	0
0.6248	0
0.6971	0
0.3024	0
0.3544	0
0.4588	0
0.4091	0
0.326	0
0.4264	0
0.3127	0
0.3011	0
0.3751	0
0.5335	0
0.9518	0
0.8973	0
0.558	0
0.396	0
0.7916	0
0.4467	0
0.5021	0
0.5145	0
0.3672	0
0.6863	0
0.6802	0
0.3868	0
0.9779	0
0.6894	0
0.4063	0
0.5638	0
0.6876	0
0.3677	0
0.3146	0
0.5464	0
0.6594	0
0.4308	0
0.5255	0
0.5888	0
0.5509	0
0.9909	0
0.9087	0
0.3983	0
0.3645	0
0.4439	0
0.3356	0
0.961	0
0.891	0
0.3687	0
0.9994	0
0.4094	0
0.4033	0
0.3404	0
0.5448	0
0.3184	0
0.3263	0
0.4889	0
0.6892	0
0.662	0
0.537	0
0.7506	0
0.3358	0
0.3367	0
0.4691	0
0.7037	0
0.6707	0
0.8611	0
0.5989	0
0.3386	0
0.3164	0
0.3846	0
0.9768	0
0.3551	0
0.4245	0
0.5185	0
0.5834	0
0.4256	0
0.3041	0
0.6819	0
0.4767	0
0.6669	0
0.9997	0
0.8143	0
0.59	0
0.4025	0
0.3259	0
0.5251	0
0.9976	0
0.737	0
0.4762	0
0.3192	0
0.4499	0
0.4652	0
0.3525	0
0.5856	0
0.3837	0
0.6719	0
0.4187	0
0.3977	0
0.3178	0
0.9943	0
0.4871	0
0.3751	0
0.512	0
0.9891	0
0.5524	0
0.9861	0
0.674	0
0.4809	0
0.3386	0
0.9985	0
0.7181	0
0.3383	0
0.8476	0
0.6358	0
0.3623	0
0.6904	1
0.3732	0
0.3865	0
0.3484	0
0.5108	0
0.408	0
0.914	0
0.4363	0
0.8256	0
0.4886	0
0.5806	0
0.8684	0
0.4496	0
0.4941	0
0.3404	0
0.9758	0
0.6842	0
0.3573	0
0.6649	0
0.3379	0
0.5906	0
0.4091	0
0.4277	0
0.3148	0
0.6419	0
0.636	0
0.6232	0
0.337	0
0.6706	0
0.4373	0
0.8746	0
0.5129	0
0.6553	0
0.3456	0
0.5328	0
0.5241	0
0.839	0
0.361	0
0.9463	0
0.3636	0
1.0	0
0.8625	0
0.3213	0
0.3617	0
0.3401	0
0.4348	0
0.3765	0
0.3718	0
0.415	0
0.3503	0
0.339	0
0.6558	0
0.8619	0
0.9524	0
0.9382	0
0.3639	0
0.3403	0
0.3235	0
0.3153	0
0.8535	0
0.6149	0
0.556	0
0.5324	0
0.6043	0
0.4378	0
0.5215	0
0.4787	0
0.3983	0
0.3821	0
0.3124	0
0.46	0
0.6979	0
0.3976	0
0.8864	0
0.9497	0
0.521	0
0.9958	0
0.9221	0
0.551	0
0.7366	0
0.4812	0
0.3402	0
0.3739	0
0.3647	0
0.9991	0
0.996	0
0.9532	0
0.3854	0
0.371	0
0.4887	0
0.5159	0
0.4244	0
0.3264	0
0.3618	0
0.6811	0
0.5387	0
0.3551	0
0.3469	0
0.3052	0
0.3459	0
0.5104	0
0.6189	0
0.4439	0
0.3833	0
0.6578	0
0.3771	0
0.3061	0
0.4427	0
0.3756	0
0.6329	0
0.3707	0
0.3707	0
0.6823	0
0.476	0
0.4074	0
0.6237	0
0.3532	0
0.3049	0
0.3638	0
0.5746	0
0.3645	0
0.9939	0
0.9966	0
0.3745	0
0.4314	0
0.303	0
0.9986	0
0.6112	0
0.3328	0
0.9946	0
0.3474	0
0.4632	0
0.5443	0
0.4606	0
0.4072	0
0.4803	0
0.9996	1
0.3024	0
0.3053	0
0.457	0
0.4635	0
0.3855	0
0.711	0
0.9935	0
0.605	0
0.605	0
0.5137	0
0.3961	0
0.5644	0
0.4997	0
0.7134	0
0.4012	0
0.3068	0
0.4668	0
0.8405	0
0.9795	0
0.5239	0
0.7372	0
0.6378	0
0.5478	0
0.5229	0
0.3665	0
0.5962	0
0.3829	0
0.6147	0
0.5474	0
0.4392	0
0.521	0
0.9801	0
0.5095	0
0.8924	0
0.496	0
0.345	0
0.8158	0
0.3673	0
0.4525	0
0.409	0
0.3892	0
0.3107	0
0.3472	0
0.758	0
0.3101	0
0.3423	0
0.5267	0
0.9994	0
0.5185	0
0.4167	0
0.9018	0
0.3208	0
0.6498	0
1.0	0
0.4642	0
0.7596	0
0.6073	0
0.385	0
0.9999	1
0.9984	0
0.3835	0
0.4177	0
0.9996	0
0.5101	0
0.4152	0
0.3878	0
0.5755	0
0.3449	0
0.5676	0
0.8089	0
0.3432	0
0.9982	0
0.9994	0
0.4324	0
0.639	0
0.5183	0
0.5895	0
0.9516	0
0.305	0
0.3407	0
0.6803	0
0.5202	0
0.4901	0
0.4154	0
0.3563	0
0.371	0
0.3604	0
0.3384	0
0.6635	0
0.757	0
0.583	0
0.455	0
0.9971	0
0.5167	0
0.6852	0
0.3209	0
0.7587	0
0.3001	0
0.6075	0
0.5792	0
0.9996	0
0.4425	0
0.3756	0
0.6159	0
0.318	0
0.3538	0
0.472	0
0.4793	0
0.584	0
0.6025	0
0.3282	0
0.8734	0
0.3141	0
0.9867	0
0.4223	0
0.5839	0
0.9954	0
0.9339	0
0.8149	0
0.5833	0
0.8882	0
0.6021	0
0.5917	0
0.8875	0
0.6831	0
0.4041	0
0.4956	0
0.5627	0
0.4703	0
0.5541	0
0.9981	0
0.3615	0
0.6034	0
0.9922	0
0.9991	1
0.3723	0
0.5776	0
0.6119	0
0.9994	1
0.5772	0
0.4647	0
0.4086	0
0.3078	0
0.9999	0
0.3436	0
0.3262	0
0.3653	0
0.4139	0
0.5132	0
0.5979	0
0.4212	0
0.5736	0
0.8821	0
0.9998	0
0.4086	0
0.6155	0
0.3435	0
0.7585	0
0.4575	0
0.3737	0
0.3826	0
0.5874	0
0.3013	0
0.3133	0
0.5685	0
0.606	0
0.4761	0
0.4181	0
0.4295	0
0.5875	0
0.485	0
0.9496	0
0.9999	0
0.3849	0
0.8085	0
0.9597	0
0.6367	0
0.7763	0
0.6933	0
0.6299	0
0.377	0
0.3872	0
0.4097	0
0.4271	0
0.3202	0
0.4018	0
0.5987	0
0.3824	0
0.3573	0
1.0	0
0.6527	0
0.8036	0
0.356	0
0.4426	0
0.7454	0
0.644	0
0.458	0
0.5554	0
0.4427	0
0.3819	0
1.0	0
0.3015	0
0.5399	0
0.3078	0
0.4473	0
0.4248	0
0.5446	0
0.3389	0
0.3981	0
0.4436	0
0.3595	0
0.7879	0
0.3616	0
0.4664	0
0.3116	0
0.4576	0
0.487	0
0.4742	0
0.4304	0
0.7071	0
0.5506	0
0.5936	0
0.3303	0
0.4166	0
0.9702	0
0.4059	0
0.3859	0
0.5291	0
0.5006	0
0.6829	0
0.9918	0
0.363	0
0.4933	0
0.3926	0
0.9977	0
0.4516	0
0.3298	0
0.9995	1
0.3534	0
0.6075	0
0.4597	0
0.8939	0
0.3619	0
0.3503	0
0.5292	0
0.8212	0
0.4156	0
0.3048	0
0.4262	0
0.37	0
0.4768	0
0.7642	0
0.6979	0
0.3323	0
0.335	0
0.3605	0
0.335	0
0.4189	0
0.3254	0
0.5559	0
0.3496	0
0.3527	0
0.978	0
0.3556	0
0.4523	0
0.5324	0
0.3297	0
0.3784	0
0.7129	0
0.4179	0
0.3211	0
0.4783	0
0.3431	0
0.3484	0
0.3103	0
0.3764	0
0.5006	0
0.3965	0
0.6319	0
0.9964	0
0.8383	0
0.3238	0
0.3193	0
0.4856	0
0.802	0
0.4131	0
0.4078	0
0.345	0
0.8846	0
0.5602	0
0.3616	0
0.5085	0
0.5365	0
0.3908	0
0.7488	0
0.3277	0
0.4101	0
0.3466	0
0.393	0
0.4742	0
0.9988	0
0.8743	0
0.3206	0
0.9242	0
0.352	0
0.5969	0
0.9223	0
0.9973	0
0.3078	0
0.789	0
0.4797	0
0.473	0
0.4123	0
0.7408	1
0.6562	0
0.9766	0
0.665	0
0.3078	0
0.9901	0
0.7391	0
0.3489	0
0.3092	0
0.3504	0
0.4037	0
0.9233	0
0.3971	0
0.5995	0
0.3713	0
0.9999	0
0.9978	0
0.3282	0
0.3722	0
0.362	0
0.376	0
0.3158	0
0.5932	0
0.3988	0
0.3266	0
0.3987	0
0.7684	0
0.3138	0
0.4711	0
0.4828	0
0.9176	0
0.3425	0
0.3526	0
0.8578	0
0.3832	0
0.8533	0
0.647	0
0.4187	0
0.3651	0
0.4063	0
0.3938	0
0.3603	0
0.7087	0
0.4215	0
0.4346	0
0.6083	0
0.9999	1
0.4427	0
0.4492	0
0.4715	0
0.571	0
0.9948	0
0.5675	0
0.8049	0
0.3265	0
0.9767	0
0.4628	0
0.3064	0
0.3964	0
0.4434	0
0.4485	0
0.4735	0
0.4875	0
0.6179	0
0.3859	0
0.5534	0
0.3777	0
0.4219	0
0.7537	0
0.3662	0
0.9973	0
0.9207	0
0.4778	0
0.3336	0
0.4467	0
0.9948	0
0.8723	0
0.5419	0
0.6792	0
0.4105	0
0.758	0
0.3923	0
0.5564	0
0.4243	0
0.3183	0
0.8141	0
0.7411	0
0.3086	0
0.3199	0
0.6672	0
0.3017	0
0.6346	0
0.727	0
0.4091	0
0.6245	0
0.301	0
0.9834	1
0.5033	0
0.5356	0
0.3349	0
0.4101	0
0.3642	0
0.4215	0
0.9931	0
0.3847	0
0.9951	0
0.3109	0
0.4593	0
0.522	0
0.4131	0
0.8093	0
0.3636	0
0.5993	0
0.4123	0
0.3176	0
0.4443	0
0.992	1
0.9978	1
0.4519	0
0.7989	0
0.423	0
0.517	0
0.4025	0
0.5705	0
0.3985	0
0.4996	0
0.4413	0
0.3398	0
0.9215	0
0.8238	0
0.6223	0
0.8242	0
0.6817	0
0.973	0
0.4313	0
0.4705	0
0.4255	0
0.6136	0
0.3625	0
0.9381	0
0.8494	0
0.4114	0
0.5335	0
0.5773	0
0.3629	0
0.9998	0
0.765	0
0.4328	0
0.3711	0
0.5119	0
0.4427	0
0.3278	0
0.472	0
0.3075	0
0.6562	0
0.5127	0
0.9987	0
0.3012	0
0.4528	0
0.9404	0
0.6481	0
0.4399	0
0.4899	0
0.3181	0
0.9965	0
0.5732	0
0.3037	0
0.502	0
0.7726	0
0.3726	0
0.337	0
0.6043	0
0.575	0
0.5406	0
0.8485	0
0.3519	0
0.8004	0
0.8717	0
0.4466	0
0.3507	0
0.3018	0
0.5594	0
0.4912	0
0.3332	0
0.3625	0
0.3215	0
0.7228	1
0.9965	0
0.3535	0
0.5122	0
0.5621	0
0.3633	0
0.3973	0
0.9944	0
0.7783	0
0.9998	0
0.6068	0
0.325	0
0.5577	0
0.5982	0
0.3191	0
0.5272	0
0.564	0
0.3319	0
0.322	0
0.4159	0
0.8671	1
0.7791	0
0.9571	0
0.3591	0
0.3209	0
0.7853	0
0.6299	0
0.3961	0
0.326	0
0.9999	0
0.6827	0
0.9729	1
0.3609	0
0.3346	0
0.7125	0
0.4442	0
0.9994	0
0.679	0
0.4416	0
0.7744	0
0.7481	0
0.3716	0
0.7383	0
0.6022	0
0.5474	0
0.7094	0
0.9746	0
0.3183	0
0.3301	0
0.4284	0
0.4191	0
0.6211	0
0.3695	0
0.4906	0
0.7583	0
0.4598	0
0.4601	0
0.463	0
0.4465	0
0.6399	0
0.438	0
0.5096	0
0.3378	0
0.3	0
0.3013	0
0.4538	0
0.4446	0
0.8888	1
0.5728	0
0.4926	0
0.9811	0
0.682	0
0.3123	0
0.7207	0
0.4908	0
0.4145	0
0.814	0
0.4015	1
0.304	0
0.5433	0
0.9998	1
0.3184	0
0.6982	0
0.8638	0
0.5716	0
0.3937	0
0.3211	0
0.99	0
0.6632	0
0.496	0
0.7974	0
0.3924	0
0.3556	0
0.4504	0
0.4742	0
0.6094	0
0.4964	0
0.9592	0
0.524	0
0.3937	0
0.7695	0
0.9522	0
0.3686	0
0.5621	0
0.6702	0
0.674	0
0.4457	0
0.6467	0
0.5207	0
0.4978	0
0.3596	0
0.4015	0
0.3201	0
0.367	0
0.7733	0
0.3063	0
0.8071	0
0.4112	0
0.6588	0
0.3839	0
0.823	0
0.3242	0
0.488	0
0.5392	0
0.3086	0
0.5437	0
0.4533	0
0.3379	0
0.6554	0
0.6284	0
0.7632	0
0.3304	0
0.62	0
0.6946	0
0.9648	1
0.4135	0
0.305	0
0.3093	0
0.6133	0
0.8017	0
0.711	0
0.324	0
0.4677	0
0.6692	0
0.6332	0
0.4564	0
0.3233	0
0.4084	0
0.5997	0
0.7382	0
0.9893	0
0.8638	0
0.4634	0
0.8929	0
0.4488	0
0.696	0
0.5017	0
0.933	0
0.5497	0
0.3766	0
0.5163	0
0.3662	0
0.8356	0
0.3054	0
0.5525	0
0.3089	0
0.5869	0
0.5881	0
0.5214	0
0.694	0
0.7733	0
0.7456	0
0.5456	0
0.3916	0
0.7026	0
0.5044	0
0.4637	0
0.549	0
0.3741	0
0.6372	0
0.5119	0
0.4177	0
0.4511	0
0.3281	0
0.6097	0
0.3597	0
0.3142	0
0.3633	0
0.3881	0
0.7916	0
0.9981	0
0.4115	0
0.4326	0
0.7606	0
0.6726	0
0.4256	0
0.8089	0
0.3143	0
0.5492	0
0.5179	0
0.4281	0
0.7591	0
0.3808	0
0.4592	0
0.9023	0
0.3441	0
0.9649	0
0.563	0
0.4106	0
0.3207	0
0.4483	0
0.9995	0
0.3432	0
0.4378	0
0.9633	0
0.3888	0
0.6876	0
0.4155	0
0.4238	0
0.3193	0
0.3642	0
0.8887	0
0.7067	0
0.3885	0
0.9993	0
0.3273	0
0.3307	0
0.3145	0
0.3814	0
0.5011	0
0.587	0
0.3516	0
0.6439	0
0.7063	0
0.7301	0
0.5562	0
0.3687	0
0.9959	0
0.7202	0
0.4005	0
0.5093	0
0.5687	0
0.8471	0
0.7132	0
0.3396	0
0.3315	0
0.3442	0
0.3745	0
0.3977	0
0.4904	0
0.9813	0
0.5159	0
0.3265	0
0.4276	0
0.3771	0
0.4713	0
0.4072	0
0.311	0
0.3524	0
0.359	0
0.4105	0
0.3606	0
0.5757	0
0.4276	0
0.3454	0
0.9983	0
0.9967	0
0.937	0
0.3078	0
0.8027	0
0.4442	0
0.9999	0
0.4257	0
0.3441	0
0.318	0
0.3585	0
0.3654	0
0.7407	0
0.3179	0
0.4308	0
0.6921	0
0.6776	0
0.4237	0
0.9606	0
0.3647	0
0.4365	0
0.5557	0
0.8351	0
0.9023	0
0.3606	0
0.4368	0
0.4398	0
0.4693	0
0.3161	0
0.3034	0
0.9997	0
0.9994	0
0.6185	0
0.4615	0
0.5139	0
0.5581	0
0.3472	0
0.531	0
0.3731	0
0.5599	0
0.341	0
0.4823	0
0.3163	0
0.6673	0
0.4833	0
0.4712	0
0.3076	0
0.4496	0
0.3842	1
0.5761	0
0.6212	0
0.6803	0
0.5121	0
0.9697	0
0.6695	0
0.8615	0
0.3149	0
0.4686	0
0.5056	0
0.9251	0
0.5027	0
0.352	0
0.4189	0
0.3778	0
0.3836	0
0.3063	0
0.3938	0
0.9948	0
0.99	0
0.3234	0
0.9983	0
0.4507	0
0.3206	0
0.4017	0
0.3384	0
0.3006	0
0.53	0
0.4492	0
0.7536	0
0.3216	0
0.512	0
0.4227	0
0.8486	0
0.6543	0
0.9988	0
0.4991	0
0.3645	0
0.56	0
0.7036	1
0.3308	0
0.8908	0
0.7482	0
0.3782	0
0.306	0
0.7673	0
0.4	0
0.4225	0
0.5939	0
0.6312	0
0.5623	0
0.9753	0
0.437	0
0.3666	0
0.3559	0
0.3356	0
0.6443	0
0.5623	0
0.7967	0
0.866	0
0.5581	0
0.4248	0
0.5263	0
0.3797	0
0.3566	0
0.3042	0
0.5177	0
0.4239	0
0.3645	0
0.3385	0
0.3955	0
0.3887	0
0.3805	0
0.311	0
0.4818	0
0.9811	0
0.4327	0
0.519	0
0.3768	0
0.6731	0
0.7394	1
0.7451	0
0.3731	0
0.9994	1
0.3118	0
0.3044	0
0.4134	0
0.3778	0
0.4763	0
0.9963	0
0.5128	0
0.4731	0
0.7968	0
0.3916	0
0.3858	0
0.5915	0
0.6356	0
0.5171	0
0.4716	0
0.408	0
0.9735	0
0.4248	0
0.315	0
0.6255	0
0.436	0
0.6245	0
0.9316	0
0.3903	0
0.3388	0
0.4828	0
0.3619	0
0.4787	0
0.3067	0
0.491	0
0.4697	0
0.3963	0
0.7497	0
0.4953	0
0.3739	0
0.3065	0
0.5137	0
0.3441	0
0.6557	0
0.347	0
0.3395	0
0.3146	0
0.3419	0
0.7105	0
0.3497	0
0.3239	0
0.9001	0
0.7475	0
0.7243	0
0.4176	0
0.6919	0
0.6972	0
0.4303	0
0.782	0
0.3265	0
0.4792	0
0.3607	0
0.5349	0
0.7077	0
0.303	0
0.3512	0
0.6752	0
0.943	0
0.4487	0
0.9987	0
0.6547	0
0.384	0
0.3733	0
0.8872	0
0.9164	0
0.3094	0
0.3242	0
0.3141	0
0.3426	0
0.4346	0
0.5417	0
0.4556	0
0.3569	0
0.5582	0
0.3108	0
0.3418	0
0.3087	0
0.4787	0
0.3383	0
0.456	0
0.7472	0
0.366	0
0.3369	0
0.5162	0
0.3358	0
0.4205	0
0.9316	0
0.4391	0
0.9999	0
0.5064	0
0.7615	0
0.4115	0
0.9804	0
0.4197	0
0.3432	0
0.8078	0
0.4519	0
0.6133	0
0.4388	0
0.3046	0
0.996	0
0.3907	0
0.559	0
0.5792	0
0.34	0
0.4449	0
0.6241	0
0.4422	0
0.3424	0
0.5031	0
0.9971	0
0.3102	0
0.4694	0
0.3473	0
0.4056	0
0.3111	0
0.3029	0
0.3051	0
0.3923	0
0.3441	0
0.7826	0
0.3476	0
0.3732	0
0.4319	0
0.9912	0
0.5905	0
0.8535	0
0.7254	0
0.5011	0
0.7324	0
0.468	0
0.5241	0
0.4353	0
0.5114	0
0.3868	0
0.3092	0
0.4728	0
0.5028	0
0.9959	0
0.9878	0
0.9997	0
0.6932	0
0.3788	0
0.373	0
0.3348	0
0.324	0
0.364	0
0.5875	0
0.4386	0
0.8259	0
0.3376	0
0.4688	0
0.3007	0
0.362	0
0.9929	0
0.3085	0
0.3289	0
0.6432	0
0.4564	0
0.6575	0
0.4654	0
0.5715	0
0.4127	0
0.3419	0
0.3953	0
0.5889	0
0.4	0
0.9839	0
0.7056	0
0.5087	0
0.7378	0
0.5305	0
0.548	0
0.9958	0
0.5035	0
0.3762	0
0.4565	0
0.3139	0
0.5382	0
0.4538	0
0.39	0
0.4254	0
0.3071	0
0.349	0
0.7532	0
0.9461	0
0.4483	0
0.4997	0
0.4599	0
0.4444	0
0.3572	0
0.6659	0
0.9087	0
0.4705	0
0.3556	0
0.3016	0
0.938	0
0.6061	0
0.3383	0
0.9998	0
0.4325	0
0.301	0
0.3872	0
0.8637	0
0.3516	0
0.9875	0
0.6743	0
0.4394	0
0.4276	0
0.9843	1
0.321	0
0.5473	0
0.5477	0
0.7192	0
0.3922	0
0.7621	0
0.4218	0
0.4912	0
0.526	0
0.3207	0
0.3293	0
0.4372	0
0.3025	0
0.3055	0
0.3135	0
0.965	0
0.3142	0
0.3733	0
0.5468	0
0.9708	0
0.3415	0
0.547	0
0.426	0
0.6351	0
0.3664	0
0.7086	0
0.5732	0
0.9767	0
0.3261	0
0.5461	0
0.4037	0
0.523	0
0.8922	0
0.5736	0
0.5352	0
0.6079	0
0.3041	0
0.955	0
0.9279	0
0.3331	0
0.8842	1
0.5658	0
0.3146	0
0.7498	0
0.3089	0
0.9914	0
0.5331	0
0.7046	0
0.3133	0
0.9998	0
0.6125	0
0.526	0
0.5112	0
0.3004	0
0.52	0
0.7444	0
0.4349	0
0.4572	0
0.5713	0
0.342	0
0.314	0
0.5132	0
0.3492	0
0.4032	0
0.3865	0
0.3884	0
0.407	0
0.312	0
0.3447	0
0.6952	0
0.3366	0
0.3299	0
0.3618	0
0.3925	0
0.8331	0
0.5245	0
0.9986	0
0.5921	0
0.557	0
0.7849	0
0.4311	0
0.4863	0
0.5351	0
0.5074	0
0.3455	0
0.7314	0
0.3276	0
0.427	0
0.4506	0
0.5192	0
0.3856	0
0.4743	0
0.4152	0
0.4462	0
0.3368	0
0.4545	0
0.6142	0
0.5144	0
0.3834	0
0.3957	0
0.996	0
0.3525	0
0.3823	0
0.3135	0
0.3006	0
0.4912	0
0.3363	0
0.5221	0
0.3044	0
0.3048	0
0.5813	0
0.5574	0
0.9467	0
0.3393	0
0.5546	0
0.5264	0
0.3894	0
0.4445	0
0.4766	0
0.3031	0
0.7305	0
0.4063	0
0.7212	0
0.9919	0
0.8502	0
0.6158	0
0.995	0
0.5918	0
0.3339	0
0.9999	0
0.3215	0
0.3581	0
0.5844	0
0.9983	0
0.3223	0
0.9999	0
0.5092	0
0.3541	0
0.3589	0
0.9171	0
0.6282	0
0.6207	0
0.4339	0
0.9318	0
0.3067	0
0.3071	0
0.3071	0
0.3623	0
0.3134	0
0.9987	0
0.3076	0
0.334	0
0.3597	0
0.4133	0
0.3108	0
0.3225	0
0.7757	0
0.544	0
0.6472	0
0.6724	0
0.3329	0
0.97	0
0.5098	0
0.4314	0
0.6838	0
0.3146	0
0.3139	0
0.3812	0
0.8541	0
0.4243	0
0.4307	0
0.3634	0
0.9936	0
0.392	0
0.3664	0
0.7081	0
0.6279	0
0.4748	0
0.7053	0
0.5537	0
0.8248	1
0.3678	0
0.3565	0
0.6223	0
0.5974	0
0.7002	0
0.4438	0
0.5384	0
0.4919	0
0.7437	0
0.605	1
0.5953	0
0.5451	0
0.995	0
0.3614	0
0.9347	0
0.4182	0
0.3162	0
0.7323	0
0.5315	0
0.5202	0
0.3908	0
0.456	0
0.3269	0
0.878	0
0.45	0
0.6145	0
0.4753	0
0.4016	0
0.6334	0
0.3701	0
0.62	0
0.3119	0
0.3542	0
0.4322	0
0.3232	0
0.5401	0
0.4018	0
0.6701	0
0.6536	0
0.8458	0
0.3378	0
0.45	0
0.5825	0
0.4304	0
0.3562	0
0.387	0
0.446	0
0.5812	0
0.3836	0
0.6629	0
0.3139	0
0.3681	0
0.4132	0
0.9649	1
0.3692	0
0.3133	0
0.4968	0
0.6168	0
0.4799	0
0.5067	1
0.4771	0
0.4226	0
0.7889	0
0.9805	0
0.449	0
0.5899	0
0.9941	0
0.9953	0
0.5483	0
0.336	0
0.8726	0
0.6288	0
0.4789	0
0.4271	0
0.3596	0
0.5134	0
0.5693	0
0.3994	0
0.6025	0
0.4745	0
0.4785	0
0.427	0
0.9698	0
0.3273	0
0.3416	0
0.3105	0
0.333	0
0.9614	0
0.6183	0
0.4236	0
0.3156	0
0.5369	0
0.7275	0
0.921	0
0.8848	0
0.9998	0
0.6258	0
0.3642	0
0.5851	0
0.3081	0
0.4886	0
0.4072	0
0.4969	0
0.6029	0
0.3288	0
0.4493	0
0.4091	0
0.3311	0
0.6404	0
0.3167	0
0.988	0
0.5953	0
0.9868	0
0.3343	0
0.7034	0
0.4009	0
0.6255	0
0.8493	0
0.3238	0
0.702	0
0.3066	0
0.5787	0
0.3956	0
0.5373	0
0.6451	0
0.9996	0
0.318	0
0.3378	0
0.3835	0
0.8031	0
0.3782	0
0.8497	0
0.4355	0
0.5122	0
0.5975	0
0.6087	0
0.5525	0
0.9211	0
0.5438	0
0.9632	0
0.4105	0
0.4634	0
0.6619	0
0.6154	0
0.476	0
0.9989	0
0.7822	0
0.6916	0
0.3729	0
0.5901	0
0.3699	0
0.3527	0
0.3939	0
0.3174	0
0.6447	0
0.3913	0
0.3188	0
0.5739	0
0.4872	0
0.6346	0
0.3155	0
0.3064	0
0.9999	0
0.374	0
0.7084	0
0.3756	0
0.3542	0
0.4562	0
0.5967	0
0.6581	0
0.4855	0
0.9127	0
0.5853	0
0.9743	1
0.31	0
0.8624	0
0.4854	0
0.3461	0
0.8013	0
0.4806	0
0.4029	0
0.3108	0
0.558	0
0.3869	0
0.4462	0
1.0	0
0.3541	0
0.702	0
0.6227	0
0.3955	0
0.3852	0
0.5942	0
0.4233	0
0.3928	0
0.4942	0
0.4778	0
0.3896	0
0.6264	0
0.7028	0
0.3189	0
0.4944	0
0.7783	0
0.3428	0
0.8125	0
0.9538	1
0.3266	0
0.8215	1
0.3108	0
0.6812	0
0.7939	0
0.6881	0
0.513	0
0.7436	0
0.7343	0
0.9919	0
0.5241	0
0.3611	0
0.9709	0
0.7182	0
0.4761	0
0.3391	0
0.6457	1
0.5054	0
0.5631	0
0.4603	0
0.6579	0
0.3628	0
0.4305	0
0.6895	0
0.9989	0
0.8644	0
0.3031	0
0.43	0
0.9997	0
0.5363	0
0.3859	0
0.4827	0
0.3016	0
0.3424	0
0.5612	0
0.6494	0
0.7989	0
0.3234	0
1.0	1
0.739	0
0.5279	0
0.4382	0
0.6833	0
0.7057	0
0.3741	0
0.4145	0
0.3614	0
0.3988	0
0.3688	0
0.3258	0
0.5001	0
0.9996	0
0.3352	0
0.3019	0
0.6043	0
0.9929	0
0.5173	0
0.3107	0
0.3843	0
0.3124	0
0.3529	0
0.3246	0
0.3494	0
0.313	0
0.3358	0
0.7106	0
0.6281	1
0.4667	0
0.5494	0
0.7468	0
0.3072	0
0.4802	0
0.8857	0
0.709	0
0.464	0
0.3463	0
0.5401	0
0.8131	0
0.8047	0
0.7787	0
0.3113	0
0.4233	0
0.3331	0
0.9996	0
0.5029	0
0.6514	0
0.9763	0
0.5086	0
0.9998	0
0.608	0
0.3788	0
0.3125	0
0.3049	0
0.5053	0
0.9987	0
0.3836	0
0.331	0
0.3441	0
0.4516	0
0.4353	0
0.5893	0
0.4769	0
0.6215	0
0.48	0
0.3421	0
0.9952	0
0.3147	0
0.4082	0
0.565	0
0.9813	0
0.3049	0
0.9996	0
0.3647	0
0.5548	0
0.3696	0
0.6567	0
0.5091	0
0.5725	0
0.3638	0
0.3869	0
0.6965	0
0.3924	0
0.5735	0
0.5985	0
0.9982	0
0.6152	0
0.496	0
0.6493	0
0.9983	0
0.3342	0
0.8579	0
0.9999	0
0.5254	0
0.5169	0
0.4902	0
0.9997	0
0.3824	0
0.4712	0
0.3194	0
0.395	0
0.3445	0
0.3161	0
0.7018	0
0.8219	0
0.3889	0
0.6557	0
0.3347	0
0.352	0
0.4472	0
0.4053	0
0.4056	0
0.9991	0
0.9968	0
0.5828	0
0.4651	0
0.9061	0
0.8766	0
0.9706	0
0.6426	0
0.4138	0
0.3924	0
0.9943	0
0.4432	0
0.9996	0
0.3116	0
0.8114	0
0.3387	0
0.3756	0
0.368	0
0.3865	0
0.5527	0
0.566	0
0.9229	0
0.4635	0
0.4352	0
0.7326	0
0.8158	0
0.5344	0
0.5657	0
0.5286	0
0.4083	0
0.4591	0
0.4285	0
0.3153	0
0.5635	0
0.333	0
0.3377	0
0.5397	0
0.4989	0
0.9262	0
0.6214	0
0.5247	0
0.9436	0
0.9868	0
0.9639	0
0.9186	0
0.5197	0
0.9951	0
0.3411	0
0.9765	0
0.7062	0
0.84	0
0.3039	0
0.9951	0
0.3837	0
0.549	0
0.4206	0
0.3951	0
0.995	0
0.3478	0
0.9637	0
0.866	0
0.9996	0
0.3336	0
0.6643	0
0.5209	0
0.4419	0
0.3012	0
0.5952	0
0.8667	0
0.9984	0
0.3274	0
0.8897	0
0.5015	0
0.9999	0
0.5277	0
0.3485	0
0.5138	0
0.935	0
0.3869	0
0.3606	0
0.4124	0
0.7225	0
0.3851	0
0.5501	0
0.6963	0
0.9998	0
0.6331	0
0.6571	0
0.4429	0
0.3024	0
0.4553	0
0.8844	0
0.6682	0
0.3076	0
0.5415	0
0.3431	0
0.991	0
0.5392	0
0.4491	0
0.8755	0
0.6681	0
0.4046	0
0.9702	0
0.8173	0
0.5727	0
0.5867	0
0.4696	0
0.4361	0
0.9872	0
0.3013	0
0.5544	0
1.0	1
0.5103	0
0.3139	0
0.4056	0
0.3162	0
0.721	0
0.8221	0
0.3301	0
0.5874	0
0.3892	0
0.956	0
0.7792	0
0.9728	0
0.9442	0
0.3719	0
0.5158	0
0.9998	0
0.4288	0
0.9999	0
0.9983	0
0.9863	0
0.9893	0
0.6412	1
0.3982	0
0.9904	0
0.3093	0
0.8801	0
0.4505	0
0.4125	0
0.5406	0
0.421	0
0.5243	0
0.981	0
0.8386	0
0.5024	0
0.4682	0
0.4672	0
0.4446	0
0.3365	0
0.4478	0
0.4048	0
0.3111	0
0.4623	0
0.3555	0
0.3483	0
0.4122	0
0.5883	0
0.3363	0
0.5883	0
0.6437	0
0.9047	0
0.4823	0
0.7342	0
0.4332	0
0.334	0
0.3523	0
0.591	0
0.9954	0
0.9662	0
0.6366	0
0.3467	0
0.9594	0
0.3959	0
0.5719	0
0.8619	1
0.3237	0
0.6583	0
0.9925	1
0.3848	0
0.547	0
0.3404	0
0.9992	0
0.7557	0
0.3598	0
0.3028	0
0.9333	0
0.3061	0
0.3885	0
0.3129	0
0.7464	0
0.9936	0
0.3863	0
0.3099	0
0.4522	0
0.6836	0
0.4267	0
0.4725	0
0.3608	0
0.9984	0
0.3731	0
0.3328	0
0.5863	0
0.4489	0
0.7286	0
0.3951	0
0.644	0
0.7973	0
0.3391	0
0.3091	0
0.5652	0
0.3736	0
0.4046	0
0.99	0
0.4037	0
0.3723	0
0.6279	0
0.8251	0
0.9805	0
0.9039	0
0.9965	0
0.9993	0
0.4446	0
0.4109	0
0.9954	0
0.7819	0
0.3331	0
0.3601	0
0.3572	0
0.8388	0
0.4757	0
0.3594	0
0.4017	0
0.3406	0
0.3281	0
0.3013	0
0.4345	0
0.3556	0
0.3857	0
0.4094	0
0.3615	0
0.3925	0
0.3676	0
0.3682	0
0.441	0
0.3688	0
0.9763	0
0.5282	0
0.49	0
0.7028	0
0.407	0
0.6494	0
0.4429	0
0.3245	0
0.3888	0
0.3673	0
0.4045	0
0.4147	0
0.3313	0
0.3517	0
0.9849	0
0.4311	0
0.5428	0
0.4822	0
0.4306	0
0.5055	0
0.4546	0
0.5071	0
0.4252	0
0.5405	0
0.6471	0
0.4526	0
0.3596	0
0.3644	0
0.3236	0
0.7234	0
0.4573	0
0.323	0
0.6376	0
0.3686	0
0.3894	0
0.3705	0
0.592	0
0.4826	0
0.8565	0
0.3352	0
0.9956	0
0.3973	0
0.646	0
0.4427	0
0.4961	0
0.9807	0
0.4111	0
0.6006	0
0.3725	0
0.3226	0
0.3061	0
0.6227	0
0.9985	0
0.419	0
0.9766	0
0.5602	0
0.7218	0
0.3719	0
0.9697	0
0.7525	0
0.3171	0
0.9928	0
0.5848	0
0.3862	0
0.4609	0
0.4133	0
0.3128	0
0.3258	0
0.9988	0
0.8178	0
0.6284	0
0.8573	0
0.6937	0
0.5593	0
0.7645	0
0.5389	0
0.4268	0
0.6344	0
0.4811	0
0.327	0
0.4786	0
0.3299	0
0.3233	0
0.5165	0
0.3717	0
0.7359	0
0.3838	0
0.4124	0
0.5667	0
0.4754	0
0.5089	0
0.6615	0
0.5503	0
0.4562	0
0.4007	0
0.9961	0
0.5911	0
0.348	0
0.3689	0
0.4432	0
0.6665	0
0.7155	0
0.4788	0
0.597	0
0.3972	0
0.3671	0
0.3277	0
0.3017	0
0.5563	0
0.6617	0
0.7317	0
0.34	0
0.9268	0
0.6063	0
0.9192	0
0.6706	0
0.5023	0
0.3868	0
0.469	0
0.5742	0
0.4027	0
0.7366	0
0.627	0
0.5488	0
0.5838	0
0.6554	0
0.6656	0
0.4838	0
0.3684	0
0.3526	0
0.6355	0
0.3787	0
0.9961	0
0.9974	1
0.3485	0
0.7204	0
0.6099	0
0.5171	0
0.5113	0
0.5122	0
0.9914	0
0.9778	0
0.5427	0
0.6289	0
0.452	0
0.502	0
0.5859	0
0.3014	0
0.6181	0
0.3103	0
0.6814	0
0.4905	0
0.9435	0
0.3164	0
0.7858	0
0.337	0
0.6679	0
0.8954	0
0.8723	0
0.3869	0
0.9982	0
0.6386	0
0.3523	0
0.5635	0
0.3181	0
0.9621	0
0.4796	0
0.4474	0
0.626	0
0.4052	0
0.4687	0
0.5225	0
0.4225	0
0.458	0
0.5291	0
0.3567	0
0.5714	0
0.677	0
0.4085	0
0.4432	0
0.6448	0
0.448	0
0.5984	0
0.3563	0
0.7404	0
0.4973	0
0.3731	0
0.4155	0
0.4597	0
0.5793	0
0.5979	0
0.3757	0
0.9564	0
0.7294	0
0.4191	0
0.3633	0
0.567	0
0.5795	0
0.3306	0
0.9995	0
0.8096	0
0.9945	0
0.6262	0
0.4101	0
0.4997	0
0.4572	0
0.716	0
0.3181	0
0.8824	0
0.3211	0
0.5171	0
0.5473	0
0.4321	0
0.351	0
0.6038	0
0.3946	0
0.6019	0
0.8702	0
0.8603	0
0.3246	0
0.4014	0
0.3251	0
0.4295	0
0.4395	0
0.9941	0
0.8653	0
0.8026	0
0.3207	0
0.9984	0
0.4323	0
0.3551	0
0.7256	0
0.3011	0
0.4122	0
0.9449	0
0.5287	0
0.3353	0
0.543	0
0.5159	0
0.6746	0
0.4338	0
0.4832	0
0.3458	0
0.5432	0
0.3454	0
0.517	0
0.4625	0
0.9993	0
0.3368	0
0.3871	0
0.6277	0
0.3733	0
0.4133	0
0.393	0
0.3491	0
0.7499	0
0.4223	0
0.8119	0
0.5808	0
0.6665	0
0.7102	0
0.4399	0
0.6143	0
0.5823	0
0.7281	0
0.36	0
0.4952	0
0.6707	0
0.9925	0
0.4455	0
0.379	0
0.344	0
0.5037	0
1.0	0
0.692	0
1.0	1
0.3917	0
0.3347	0
0.4077	0
0.6539	0
0.4953	0
0.3094	0
0.4815	0
0.3697	0
0.4143	0
0.338	0
0.348	0
0.3251	0
0.629	0
0.4158	0
0.4207	0
0.4558	0
0.5141	0
0.3074	0
0.8245	0
0.7749	0
0.9924	0
0.7469	0
0.6979	0
0.3238	0
0.5915	0
0.5523	0
0.4888	0
0.3482	0
0.3852	0
0.7386	0
0.6367	0
0.5676	0
0.8043	0
0.5608	0
0.317	0
0.4906	0
0.678	0
0.7095	0
0.4059	0
0.3511	0
0.7535	0
0.9977	0
0.3554	0
0.4726	0
0.3966	0
0.3241	0
0.7082	0
0.4544	0
0.3914	0
0.3334	0
0.3349	0
1.0	1
0.6062	0
0.6855	0
0.6676	0
0.3295	0
0.4464	0
0.5631	0
0.3329	0
0.3312	0
0.6089	0
0.7008	0
0.4449	0
0.9988	0
0.4554	0
0.3306	0
0.3472	0
0.3867	0
0.7688	0
0.4158	0
0.9995	1
0.493	0
0.36	0
0.3575	0
0.314	0
0.3011	0
0.4229	0
0.3868	0
0.8246	0
0.3478	0
0.4249	0
0.6513	0
0.5134	0
0.5088	0
0.9926	0
0.703	0
0.3765	0
0.6849	0
0.3801	0
0.3727	0
0.4118	0
0.71	0
0.4472	0
0.3962	0
0.5667	0
0.4507	0
0.6341	0
0.3252	0
0.9958	0
0.6015	0
0.3949	0
0.3029	0
0.9995	0
0.6435	0
0.5817	0
0.3666	0
0.6489	0
0.5894	0
0.348	0
0.4433	0
0.6437	0
0.6446	0
0.692	0
0.4032	0
0.3826	0
0.4097	0
0.3717	0
0.3736	0
0.6829	0
0.873	0
0.7953	0
0.6867	0
0.3484	0
0.8997	0
0.3251	0
0.3273	0
0.3444	0
0.3892	0
0.4301	0
0.4736	0
0.5042	0
0.3767	0
0.4404	0
0.3473	0
0.4472	0
0.3532	0
0.6278	0
0.5772	0
0.5637	0
0.38	0
0.8921	0
0.5736	0
0.314	0
0.6653	0
0.3922	0
0.4194	0
0.3422	0
0.4999	0
0.4901	0
0.3445	0
0.9201	0
0.3	0
0.4537	0
0.5218	0
0.6491	0
0.3218	0
0.8208	0
0.4431	0
0.9992	0
0.4203	0
0.6304	0
0.3216	0
0.5443	0
0.61	0
0.7806	1
0.6576	0
0.4179	0
0.316	0
0.4045	0
0.5289	0
0.4998	0
0.716	0
0.4014	0
0.4453	0
0.5384	0
0.489	0
0.3405	0
0.4583	0
0.6405	0
0.599	0
0.9213	0
0.9865	0
0.6754	0
0.3633	0
0.9998	0
0.3287	0
0.3802	0
0.5755	0
0.7756	0
0.9969	1
0.4636	0
0.4966	0
0.4114	0
0.3791	0
0.3705	0
0.3966	0
0.3901	0
0.3111	0
0.5113	0
0.5009	0
0.3838	0
0.5884	0
0.7001	0
0.3646	0
0.3283	0
0.6712	0
0.6217	0
0.9126	0
0.5789	0
0.3028	0
0.9998	0
0.522	0
0.6978	0
0.425	0
0.4522	0
1.0	1
0.4967	0
0.3268	0
0.6271	0
0.3594	0
1.0	1
0.4625	0
0.9916	0
0.5771	0
0.7971	0
0.9286	0
0.3523	0
0.5596	0
0.4734	0
0.4645	0
0.309	0
0.7159	0
0.5897	0
0.3512	0
0.3513	0
0.5496	0
0.8911	0
0.9942	0
0.319	0
0.3063	0
0.6872	0
0.5941	0
0.3506	0
0.4927	0
0.5504	0
0.6637	0
0.4413	0
0.306	0
0.699	0
0.3879	0
0.4024	0
0.3071	0
0.5802	0
0.433	0
0.5679	0
0.5725	0
0.6926	0
0.4019	0
0.5759	0
0.3017	0
0.4994	0
0.5036	0
0.645	0
0.9996	0
0.5018	0
0.5489	0
0.5018	0
0.3107	0
1.0	1
0.6625	0
0.7147	0
0.7543	0
0.4108	0
0.3539	0
0.3365	0
0.3603	0
0.7214	0
0.3501	0
0.325	0
0.5923	0
0.4943	0
0.6652	0
0.3175	0
0.7207	0
0.3088	0
0.9613	0
0.7067	0
0.3853	0
0.4424	0
0.4324	0
0.5782	0
0.3083	0
0.385	0
0.4554	0
0.9155	0
0.3995	0
0.7448	0
0.9994	1
0.3983	0
0.3799	0
0.6184	0
0.4183	0
0.3286	0
0.4108	0
0.3542	0
0.4047	0
0.5285	0
0.5807	0
0.3066	0
0.4776	0
0.6674	0
0.4877	0
0.6361	0
0.676	0
1.0	0
0.3019	0
0.4178	0
0.9775	0
0.7887	0
0.3526	0
0.9912	0
0.3962	0
1.0	1
0.728	0
0.3553	0
0.7115	0
0.5952	0
0.6924	0
0.3121	0
0.5357	0
0.6756	0
0.6668	0
0.8372	0
0.3892	0
0.5707	0
0.4075	0
0.7869	0
0.4191	0
0.718	0
0.54	0
0.806	0
0.6277	0
0.3823	0
0.4305	0
0.5297	0
0.3857	0
0.3507	0
0.3571	0
0.3155	0
0.362	0
0.3273	0
0.4763	0
0.8051	0
0.46	0
0.4832	0
0.571	0
0.6448	0
0.4132	0
0.3636	0
0.3908	0
0.4907	0
0.6408	0
0.6526	0
0.6522	0
0.5126	0
0.5616	0
0.3653	0
0.5267	0
0.4676	0
0.5598	0
0.461	0
0.3706	0
0.4035	0
0.8675	0
0.8698	0
0.3387	0
0.5133	0
0.6109	0
0.3075	0
0.7418	0
0.4295	0
0.6106	0
0.3192	0
0.5886	0
0.3447	0
0.3689	0
0.4142	0
0.5351	0
0.31	0
0.363	0
0.3129	0
0.6252	0
0.4584	0
0.5294	0
0.6089	0
0.3805	0
0.4124	0
0.329	0
0.493	0
0.8408	0
0.9919	0
1.0	1
0.5321	0
0.61	0
0.3619	0
0.3531	0
0.8716	0
0.5289	0
0.3521	0
0.3888	0
0.7275	0
0.4146	0
0.5611	0
0.3507	0
0.4155	0
0.3364	0
0.6165	0
0.9988	0
0.8304	0
0.3903	0
0.5233	0
0.3368	0
0.334	0
0.4984	0
0.5197	0
0.3193	0
0.7963	0
0.3098	0
0.3706	0
0.4714	0
0.5635	0
0.6661	0
0.3201	0
0.4134	0
0.8613	0
0.935	0
0.4851	0
0.5772	0
0.6327	0
0.4481	0
0.3254	0
0.8324	0
0.645	0
0.3738	0
0.6142	0
0.6173	0
0.6375	0
0.6287	0
0.7001	0
0.6367	0
1.0	1
0.5448	0
0.3727	1
0.5143	0
0.4223	0
0.3205	0
0.4507	0
0.4425	0
0.4684	0
0.3834	0
0.311	0
0.3129	0
0.4246	0
0.3233	0
0.4221	0
0.5599	0
0.362	0
0.3182	0
0.4213	0
0.3885	0
0.7184	0
0.7315	0
0.4832	0
0.6346	0
0.5069	0
0.3592	0
0.9627	0
0.9592	1
0.5387	0
0.8784	0
0.4573	0
0.3801	0
0.4147	0
0.9999	0
0.5254	0
0.4862	0
0.4564	0
0.4923	0
0.5387	0
0.3353	0
0.3492	0
0.5937	0
0.3828	0
0.4418	0
0.5767	0
0.4531	0
0.661	0
0.9756	0
0.3631	0
0.3536	0
0.5043	0
0.6886	0
0.3269	0
0.9507	0
0.5314	0
0.5387	0
0.7043	0
0.4107	0
0.6824	0
0.6035	0
0.5207	0
0.3774	0
0.374	0
0.5348	0
0.582	0
0.354	0
0.9994	1
0.5487	0
0.4154	0
0.3164	0
0.3312	0
0.4504	0
0.5119	0
0.4253	0
0.9994	0
0.4361	0
0.5814	0
0.6366	0
0.6604	0
0.4938	0
0.5019	0
0.7253	0
0.9993	0
0.3564	0
0.5036	0
0.4997	0
0.7293	0
0.3201	0
0.3712	0
0.7273	0
0.7149	0
0.3712	0
0.3098	0
0.7797	0
0.3497	0
0.9824	0
0.7435	0
0.6124	0
0.7849	0
0.92	0
0.5164	0
0.8917	0
0.484	0
0.4972	0
0.3948	0
0.3327	0
0.9475	0
0.6523	0
0.8115	0
0.4943	0
0.5782	0
0.3145	0
0.4692	0
0.4205	0
0.9992	0
0.4133	0
0.7247	0
0.344	0
0.312	0
0.3164	0
0.333	0
0.5097	0
0.3956	0
0.3862	0
0.3541	0
0.4614	0
0.3534	0
0.3872	0
0.6757	0
0.6535	0
0.7845	0
0.3824	0
0.8855	0
0.5308	0
0.4106	0
0.4034	0
0.9965	0
0.3086	0
0.3451	0
0.5998	0
0.5412	0
0.9863	0
0.3144	0
0.3424	0
0.5046	0
0.5704	0
0.4713	0
0.8029	0
0.3325	0
0.9342	1
0.3149	0
0.3131	0
0.3847	0
0.8043	0
0.391	0
0.4613	0
0.3784	0
0.3033	0
0.322	0
0.4458	0
0.439	0
0.3686	0
0.5122	0
0.3517	0
0.3493	0
0.3189	0
0.4528	0
0.9992	0
0.395	0
0.4186	0
0.3638	0
0.3606	0
0.9465	0
0.4174	0
0.4372	0
0.9999	0
0.5067	0
0.3879	0
0.3328	0
0.7462	0
0.574	0
0.4781	0
0.3798	0
0.3884	0
0.8674	0
0.9942	0
0.3999	0
0.9918	0
0.4622	0
0.9994	0
0.6565	0
0.3421	0
0.3878	0
0.3846	0
0.5618	0
0.4339	0
0.4857	0
0.4117	0
0.9951	0
0.4096	0
0.3176	0
0.3647	0
0.3327	0
0.5661	0
0.989	0
0.3621	0
0.351	0
0.4164	0
0.4218	0
0.3375	0
0.3469	0
0.6099	0
0.9981	0
0.4759	0
0.3626	0
0.5539	0
0.557	0
0.4893	0
0.493	0
0.4008	0
0.3134	0
0.4726	0
0.3009	0
0.6119	0
0.511	0
0.9982	0
0.5182	0
0.3006	0
0.9651	0
0.7898	0
0.5605	0
0.3575	0
0.3463	0
0.564	0
0.5955	0
0.4279	0
0.7532	0
0.3317	0
0.3088	0
0.4542	0
0.7018	0
0.7349	0
0.913	0
0.3439	0
0.936	0
0.8416	0
0.6609	0
0.3179	0
0.9087	0
0.9711	0
0.3837	0
0.3767	0
0.9659	0
0.5441	0
0.5987	0
0.3013	0
0.4702	0
0.4722	0
0.7965	0
0.9815	0
0.7641	0
0.3449	0
0.4517	0
0.3119	0
0.5236	0
0.82	0
0.5244	0
0.4449	0
0.3178	0
0.6872	0
0.5267	0
0.3384	0
0.3845	0
0.5339	0
0.4599	0
0.755	0
0.3839	0
0.4899	0
0.3089	0
0.9943	0
0.4015	0
0.3852	0
0.5583	0
0.5038	0
0.3731	0
0.3314	0
0.4085	0
0.4144	0
0.3109	0
0.3931	0
0.3303	0
0.4701	0
0.6677	0
0.9765	0
0.977	0
0.7786	0
0.8337	0
0.5666	0
0.999	0
0.3787	0
0.3698	0
0.6224	0
0.5374	0
0.4908	0
0.4336	0
0.6711	0
0.3332	0
0.319	0
0.4294	0
0.3028	0
0.4756	0
0.613	0
0.457	0
0.4021	0
0.9291	0
0.4849	0
0.9092	0
0.9603	1
0.4049	0
0.3154	0
0.873	0
0.4182	0
0.5331	0
0.5823	0
0.7192	0
0.6958	0
0.6055	0
0.5473	0
0.9174	0
0.9923	0
0.6518	0
0.6456	0
0.4133	0
0.3272	0
0.3114	0
0.6288	0
0.8755	0
0.8197	0
0.3751	0
0.4411	0
0.5821	0
0.5515	0
0.9705	0
0.3112	0
0.4896	0
0.3804	0
0.6664	0
0.323	0
0.9584	0
0.4543	0
0.3103	0
0.7217	0
0.9537	0
0.3047	0
0.348	0
0.6132	0
0.5866	0
0.4606	0
0.5125	0
0.9997	0
0.3865	0
0.4466	0
0.4444	0
0.4322	0
0.9534	0
0.3242	0
0.7152	0
0.43	0
0.8077	0
0.5015	0
0.6863	0
0.405	0
0.3116	0
0.9956	0
0.3819	0
0.373	0
0.6336	0
0.3504	0
0.3757	0
0.399	0
0.322	0
0.3453	0
0.5455	0
0.9977	1
0.455	0
0.4895	0
0.5901	0
0.5602	0
0.4203	0
0.4256	0
0.393	0
0.3212	0
0.3661	0
0.3248	0
0.5059	0
0.3335	0
0.6002	0
0.9964	0
0.5176	0
0.3537	0
0.4788	0
0.3382	0
0.8786	0
1.0	0
0.7402	0
0.5008	0
0.737	0
0.4541	0
0.478	0
0.4645	0
0.4511	0
0.5612	0
0.5057	0
0.5252	0
0.4938	0
0.7984	0
0.6228	0
0.3133	0
0.3179	0
0.5189	0
0.3776	0
0.8182	0
0.3657	0
0.3568	0
0.9391	0
0.4015	0
0.3638	0
0.3572	0
0.3074	0
0.9805	0
0.4358	0
0.332	0
0.3625	0
0.3569	0
0.5935	0
0.5209	0
0.3241	0
0.3971	0
0.3501	0
0.4265	0
0.7111	0
0.3309	0
0.306	0
0.4402	0
0.4296	0
0.3362	0
0.7105	0
0.4214	0
0.9156	0
0.9951	0
0.315	0
0.9549	0
0.3914	0
0.3195	0
1.0	1
0.3342	0
0.9952	0
0.4055	0
0.7786	0
0.9993	1
0.3729	0
0.9731	0
0.5213	0
0.3493	0
0.3896	0
0.3812	0
0.6085	0
0.4282	0
0.3452	0
0.6013	0
0.7426	0
0.915	1
0.3719	0
0.8024	0
0.7496	0
0.3721	0
0.4581	0
0.9388	0
0.3727	0
0.5681	0
0.3452	0
0.3059	0
0.3099	0
0.3318	0
0.8527	0
0.401	0
0.3398	0
0.5571	0
0.7255	0
0.3677	0
0.3	0
0.9986	0
0.7249	0
0.682	0
0.95	0
0.9961	0
0.5743	0
0.3611	0
0.542	0
0.4123	0
0.4071	0
0.5208	0
0.3683	0
0.6992	0
0.3639	0
0.3541	0
0.3022	0
0.9965	0
0.4153	0
0.7784	0
0.353	0
0.4912	0
0.9651	0
0.5307	0
0.5471	0
0.9897	0
0.7407	0
0.5587	0
0.8039	0
0.9999	0
0.7852	0
0.3267	0
0.5702	0
0.3807	0
0.5147	0
0.4171	0
0.3979	0
0.3096	0
0.4979	0
0.3223	0
0.4424	0
0.3687	0
0.759	0
0.9998	0
0.4484	0
0.3671	0
0.5186	0
0.9092	0
0.5589	0
0.4747	0
0.9999	1
0.3845	0
0.6208	0
0.3167	0
0.3631	0
0.3967	0
0.4601	0
0.4361	0
0.471	0
0.3458	0
0.6241	0
0.4427	0
0.3522	0
0.447	0
0.4741	0
0.5197	0
0.3812	0
0.9995	0
0.3449	0
0.3889	0
0.7485	0
0.4806	0
0.4392	0
0.5267	0
0.7402	0
0.365	0
0.3483	0
0.649	0
0.9697	0
0.3191	0
0.4445	0
0.6913	0
0.9877	0
0.3427	0
0.8117	1
0.3654	0
0.7673	0
0.7352	0
0.5504	0
0.5363	0
0.7057	0
0.5528	0
0.6345	0
0.302	0
0.4966	0
0.3713	0
0.4314	0
0.6985	0
0.3437	0
0.998	0
0.3643	0
0.5908	0
0.4495	0
0.3739	0
0.9956	0
0.4094	0
0.8096	0
0.3199	0
0.9243	0
0.3784	0
0.3239	0
1.0	0
0.6058	0
0.6161	0
0.3675	0
0.3676	0
0.9803	0
0.3073	0
0.3227	0
0.3038	0
0.3307	0
0.5948	0
0.4216	0
0.3527	0
0.6116	0
0.5641	0
0.4502	0
0.9773	0
0.9149	0
0.6821	0
0.3276	0
0.4641	0
0.9204	0
0.3017	0
0.4839	0
0.566	0
0.5318	0
0.4261	0
0.4542	0
0.4354	0
0.6667	0
0.3398	0
0.3453	0
0.9997	0
0.4076	0
0.6001	0
0.917	0
0.6259	0
0.3039	0
0.9483	0
0.7051	0
0.9955	0
0.6704	0
0.6372	0
0.3256	0
0.5302	0
0.5903	0
0.4192	0
0.505	0
0.9999	0
0.4506	0
0.5178	0
0.8024	0
0.49	0
0.417	0
1.0	0
0.5287	0
0.4402	0
0.5529	0
0.4977	0
0.9936	0
0.3624	0
0.8425	0
0.5001	0
0.6241	0
0.4005	0
0.6587	0
0.427	0
0.4132	0
0.4778	0
0.6473	0
0.3061	0
0.3263	0
0.4558	0
0.5489	0
0.3271	0
0.3457	0
0.327	0
0.561	0
0.5255	0
0.3385	0
0.4967	0
0.7889	0
0.4719	0
0.4947	0
0.3997	0
0.7882	0
0.3686	0
0.5264	0
0.3683	0
0.3913	0
0.7921	0
0.42	0
0.364	0
0.3259	0
0.9744	1
0.5406	0
0.6439	0
0.5375	0
0.4302	0
0.3153	0
0.602	0
0.3767	0
0.3668	0
0.3094	0
0.3507	0
0.3541	0
0.9159	0
0.6951	0
0.3427	0
0.4579	0
0.3023	0
0.3887	0
0.4098	0
0.4308	0
0.8181	0
0.5453	0
0.4627	0
0.4613	0
0.6389	0
0.8234	0
0.3121	0
0.6835	0
0.6868	0
0.5133	0
0.4463	0
0.4897	0
0.4043	0
0.8155	0
0.3903	0
0.6067	0
0.9999	0
0.5005	0
0.4745	0
0.4709	0
0.4526	0
0.4373	0
0.7883	0
0.4717	0
0.5679	0
0.9057	0
0.5129	0
0.3611	0
0.3158	0
0.9845	0
0.6131	0
0.3546	0
0.9635	0
0.986	0
0.7299	0
0.6028	0
0.996	0
0.402	0
0.9	0
0.3454	0
0.3741	0
0.3649	0
0.3632	0
0.3373	0
0.5046	0
0.8454	0
0.4903	0
0.5807	0
0.9923	0
0.471	0
0.9955	0
0.3797	0
0.9951	0
0.4886	0
0.9999	1
0.8312	0
0.3232	0
0.7561	0
0.4808	0
0.9705	0
0.4916	0
0.3898	0
0.3248	0
0.5903	0
0.4053	0
0.3159	0
0.4297	0
0.5385	0
0.4135	0
0.9999	0
0.7121	0
0.4044	0
0.3157	0
0.4036	0
0.9944	0
0.7971	0
0.4111	0
0.4561	0
0.5689	0
0.5044	0
0.5615	0
0.4871	0
0.4062	0
0.376	0
0.412	0
0.4022	0
0.4716	0
0.4586	0
0.9665	1
0.4993	0
0.4071	0
0.4843	0
0.6317	0
0.4613	0
0.3476	0
0.4161	0
0.9786	0
0.3488	0
0.3927	0
0.8887	0
0.8485	0
0.4957	0
0.6487	0
0.5605	0
0.3365	0
0.3318	0
0.5262	0
0.7961	1
0.3655	0
0.9786	0
0.3918	0
0.8915	0
0.5544	0
0.87	1
0.3305	0
0.9256	0
0.8302	0
0.6814	0
0.4147	0
0.5852	0
0.5794	0
0.7856	0
0.4326	0
0.3239	0
0.4391	0
0.4775	0
0.3239	0
0.9921	0
0.3301	0
0.6861	0
0.5509	0
0.4001	0
0.9984	0
0.7404	0
0.4941	0
0.3311	0
0.6835	0
0.637	0
0.3029	0
0.4511	0
0.4442	0
0.3021	0
0.5201	0
0.8135	0
0.9653	0
0.4273	0
0.9557	0
0.6872	0
0.7667	0
0.3139	0
0.5893	0
0.5022	0
0.3704	0
0.8831	0
0.613	0
0.9633	0
0.8223	0
0.961	0
0.3587	0
0.3156	0
0.7196	0
0.978	0
0.9998	0
0.4341	0
0.6469	0
0.322	0
0.5393	0
0.4344	0
0.3993	0
0.4408	0
0.3262	0
0.3522	0
0.6297	0
0.5483	0
0.4813	0
0.3632	0
0.7058	0
0.9999	0
0.512	0
0.302	0
0.7198	0
0.8152	0
0.8311	0
0.3936	0
0.3825	0
0.6781	0
0.427	0
0.3025	0
0.9994	0
0.6794	0
0.4548	0
0.3953	0
0.4113	0
0.4741	0
0.6215	0
0.373	0
0.6939	0
0.9468	1
0.3946	0
0.4819	0
0.3144	0
0.3042	0
0.3602	0
0.9984	0
0.5446	0
0.3737	0
0.3263	0
0.997	0
0.9971	0
0.3409	0
0.8804	0
0.3136	0
0.4084	0
0.3241	0
0.4857	0
0.4121	0
0.3701	0
0.4991	0
0.5255	0
0.4246	0
0.3358	0
0.5651	0
0.3767	0
0.485	0
0.5654	0
0.9405	1
0.3631	0
0.8384	0
0.5953	0
0.4314	0
0.3762	0
0.8775	0
0.9813	0
0.6346	0
0.3639	0
0.6247	0
0.8546	0
0.8087	0
0.6086	0
0.3713	0
0.9883	0
0.4957	0
0.5657	0
0.4521	0
0.9949	0
0.3268	0
0.4258	0
0.6486	0
0.6385	0
0.4878	0
0.3823	0
0.4385	0
0.3816	0
0.5156	0
0.3039	0
0.5997	0
0.4393	0
0.4609	0
0.3453	0
0.3169	0
0.328	0
0.3826	0
0.3249	0
0.4087	0
0.5491	0
0.7188	0
0.5028	0
0.6229	0
0.3649	0
0.3227	0
0.4566	0
0.3878	0
0.8253	0
0.8212	0
0.5717	0
0.3348	0
0.6967	0
0.4671	0
0.7302	0
0.3283	0
0.5049	0
0.9987	0
0.5189	0
0.399	0
0.6665	0
0.5574	0
0.6252	0
0.5663	0
0.9769	0
0.5242	0
0.3244	0
0.3677	0
0.5538	0
0.3814	0
0.5072	0
0.3049	0
0.3158	0
0.8867	0
0.6614	0
0.3273	0
0.3721	0
0.4848	0
0.9888	0
0.3936	0
0.3187	0
0.7943	0
0.3801	0
0.5906	0
0.3383	0
0.3263	0
0.7282	0
0.4946	0
0.3271	0
0.6048	0
0.3043	0
0.5416	0
0.421	0
0.5464	0
0.3408	0
0.3607	0
0.3299	0
0.3565	0
0.3172	0
0.4274	0
0.4258	0
0.3962	0
0.511	0
0.4141	0
0.4163	0
0.4133	0
0.6025	0
0.4481	0
0.4174	0
0.5587	0
0.4535	0
0.3974	0
0.3276	0
0.343	0
0.4285	0
0.3914	0
0.4082	0
0.4329	0
0.5389	0
0.4191	0
0.8693	0
0.5257	0
0.3153	0
0.597	0
0.3362	0
0.3941	0
0.3799	0
0.3917	0
0.8378	0
0.5874	0
0.3443	0
0.4725	0
0.9976	0
0.5221	0
0.4932	0
0.3506	0
0.3105	0
0.3058	0
1.0	1
0.6773	0
0.6026	0
0.4304	0
0.4819	0
0.5239	0
0.9923	0
0.3153	0
0.7118	0
0.5473	1
0.3759	0
0.7694	0
0.4566	0
0.6795	0
0.4855	0
0.9987	0
1.0	1
0.3157	0
0.9914	1
0.6197	0
0.3178	0
0.6381	0
0.9984	0
0.9809	0
0.7287	0
0.9843	1
0.9301	0
0.3175	0
0.7628	0
0.9521	0
0.4894	0
0.9994	0
0.9985	0
0.4936	0
0.325	0
0.3329	0
0.6771	0
0.6582	0
0.9899	0
0.9997	0
0.3364	0
0.672	1
0.3835	0
0.9997	0
0.4257	0
0.3825	0
0.3989	0
0.4656	0
0.3927	0
0.9997	0
0.3235	0
0.4026	0
0.3035	0
0.4335	0
0.3039	0
0.534	0
0.333	0
0.3184	0
0.3823	0
0.4145	0
0.3873	0
0.3384	0
0.3304	0
0.971	0
0.435	0
0.6093	0
0.9966	0
0.6314	0
0.3834	0
0.4018	0
0.5459	0
0.7665	0
0.956	0
0.3068	0
0.782	0
0.5307	0
0.9645	0
0.5172	0
0.414	0
0.9172	0
0.6948	0
0.479	0
0.3186	0
0.9829	0
0.9522	0
0.3082	0
0.4308	0
0.3125	0
0.8688	0
0.3314	0
0.6117	0
0.5844	0
0.3152	0
0.5877	0
0.3398	0
0.6666	0
0.6776	0
0.5734	0
0.71	0
0.529	0
0.8021	0
0.3252	0
0.5365	0
0.3844	0
0.4357	0
0.329	0
0.5804	0
0.5554	0
0.4232	0
0.4234	0
0.4347	0
0.3538	0
0.4843	0
0.3124	0
0.3322	0
0.4042	0
0.8397	0
0.4352	0
0.4044	0
0.6937	0
0.4222	0
0.7241	0
0.6015	0
0.3826	0
0.5446	0
0.4601	0
0.3067	0
0.3223	0
0.9868	0
0.3064	0
0.4131	0
0.3318	0
0.9261	0
0.3059	0
0.3931	0
0.8167	0
0.9197	0
0.3171	0
0.497	0
0.3937	0
0.4072	0
0.5594	0
0.4335	0
0.5312	0
0.4042	0
0.3192	0
0.456	0
0.6404	0
0.4157	0
0.9989	0
0.4881	0
0.505	0
0.5112	0
0.404	0
0.4334	0
0.6092	0
0.3817	0
0.4928	0
0.3366	0
0.9996	0
0.7579	0
0.3729	0
0.662	0
0.4184	0
0.3071	0
0.4127	0
0.3018	0
0.3195	0
0.4842	0
0.4917	0
0.6809	0
0.4973	0
0.5229	0
0.4699	0
0.3022	0
0.4142	0
0.3318	0
0.41	0
0.3749	0
0.5856	0
0.346	0
0.3665	0
0.4174	0
0.7494	0
0.311	0
0.346	0
0.6853	0
0.3268	0
0.3267	0
0.5341	0
0.451	0
0.5252	0
0.4762	0
0.429	0
0.947	0
0.3856	0
0.923	0
0.3736	0
0.369	0
0.4346	0
0.5811	0
0.3373	0
0.4693	0
0.8018	0
0.3176	0
0.5408	0
0.4686	0
0.8038	0
0.4138	0
0.9993	0
0.4047	0
0.4402	0
0.4972	0
0.9951	0
0.3896	0
0.3086	0
0.6672	1
0.4576	0
0.6054	0
0.3122	0
0.3019	0
0.5011	0
0.9982	0
0.4368	0
0.3674	0
0.3093	0
0.4173	0
0.4476	0
0.5951	0
0.3691	0
0.3276	0
0.6475	1
0.5785	0
0.9748	0
0.3409	0
0.6504	0
0.6345	0
0.453	0
0.7408	0
0.3058	0
0.3543	0
0.5618	0
0.3894	0
0.5027	0
0.4625	0
0.4658	0
0.6802	0
0.7103	0
0.4549	0
0.6995	0
0.514	0
0.9965	1
0.5985	0
0.3879	0
0.4315	0
0.5299	0
0.5964	0
0.727	0
0.399	0
0.6846	0
0.3486	0
0.7226	0
0.3546	0
0.3871	0
0.3231	0
0.302	0
0.8065	0
0.6731	0
0.3362	0
0.9877	0
0.5479	0
0.4858	0
0.3987	0
0.664	0
0.3412	0
0.5657	0
0.4616	0
0.3639	0
0.506	0
0.3529	0
0.4222	0
0.4557	0
0.3047	0
0.4676	0
0.4149	0
0.3942	0
0.332	0
0.3572	0
0.3298	0
0.3946	0
0.4636	0
0.7203	0
0.3042	0
0.8445	0
0.8729	0
0.4544	0
0.9331	0
0.3075	0
0.6545	0
0.4624	0
0.4451	0
0.3552	0
0.3534	0
0.9993	0
0.5217	0
0.3962	0
0.6847	1
0.3194	0
0.4052	0
0.4269	0
0.5238	0
0.331	0
0.5783	0
0.8219	0
0.619	0
0.3457	0
0.7765	0
0.4469	0
0.3207	0
0.5453	0
0.4143	0
0.621	0
0.3718	0
0.5713	0
0.3687	0
0.4054	0
0.5969	0
0.4556	0
0.9499	0
0.9987	1
0.8084	0
0.3519	0
0.996	1
0.3735	0
0.9881	0
0.5728	0
0.8391	0
0.832	0
0.9667	0
0.3972	0
0.6209	0
0.9356	0
0.9558	0
0.9992	1
0.9792	1
0.8974	0
0.4836	0
0.4699	0
0.3319	0
0.9997	0
0.4075	0
0.577	0
0.4414	0
0.9895	0
0.9993	1
0.9592	0
0.0	1
0.0	1
0.0	1
0.0	1
0.0	1
0.0	1
0.0	1
0.0	1
0.0	1
0.0	1
0.0	1
0.0	1
0.0	1
0.0	1
0.0	1
0.0	1
0.0	1
0.0	1
0.0	1
0.0	1
0.0	1
0.0	1
0.0	1
0.0	1
0.0	1
0.0	1
0.0	1
0.0	1
0.0	1
0.0	1
