0.505	0
15.0782	0
21.1424	0
30.0009	1
1.1758	0
1.4178	0
2.8866	0
3.9319	0
4.7464	0
7.3329	0
2.1979	0
5.2836	0
1.3115	0
6.9705	0
3.9801	0
1.865	0
3.2412	0
1.4976	0
1.9908	0
14.0599	0
1.9882	0
1.7959	0
4.1313	0
4.3319	0
0.8999	0
1.5053	0
6.4887	0
2.3064	0
3.3749	0
2.0597	0
2.6723	0
2.6723	0
11.2597	0
4.9883	0
12.2974	0
3.0586	0
1.4103	0
9.4486	0
2.4495	0
1.9949	0
33.0101	1
2.734	0
2.1236	0
3.549	0
2.807	0
5.4894	0
0.6126	0
1.1153	0
8.085	0
18.2266	1
4.4117	0
1.9205	0
1.0043	0
2.0887	0
2.2525	0
1.9247	0
2.6651	0
14.01	0
25.3788	0
1.2272	0
2.3071	0
3.3067	1
3.4652	0
2.7497	0
1.9484	0
5.5991	0
1.5253	0
2.0046	0
15.9793	1
1.1133	0
1.2104	0
3.6021	0
4.6858	0
29.2086	1
0.7302	0
2.2994	0
2.6087	0
5.0706	0
0.4665	0
1.1205	0
2.2118	0
9.6461	1
17.976	1
2.7509	0
2.4647	0
1.7334	0
8.5738	0
1.4279	0
1.9049	0
3.4809	0
3.1913	0
2.1998	0
36.9897	1
3.3635	0
2.0806	0
1.6312	0
10.8001	1
4.1422	0
14.9197	1
6.5453	0
3.9626	0
1.0333	0
9.7606	0
2.3669	0
33.0111	1
1.8052	0
3.8152	0
1.2358	0
1.5137	0
1.7303	0
10.3798	0
8.284	0
2.7615	0
5.8198	1
7.9919	0
4.5295	0
11.2621	1
0.4811	0
1.2921	0
0.4624	0
6.3871	0
22.5222	0
0.8948	0
6.8195	0
2.3554	0
33.9793	1
1.7679	0
1.3718	0
3.4403	0
1.476	0
4.9918	0
1.2243	0
2.2748	0
20.9234	0
4.3401	0
26.9908	1
3.3463	0
3.1625	0
5.7391	0
1.3164	0
4.3851	0
18.2261	0
10.6179	0
4.0415	0
16.4223	0
4.1689	0
8.4324	1
2.256	0
1.256	0
1.0168	0
9.0772	0
1.0706	0
3.1086	0
2.1739	0
9.6839	0
3.722	0
4.4999	0
0.6298	0
10.9026	0
20.0075	0
11.8921	0
3.6777	0
1.3549	0
1.8195	0
1.5436	0
3.0449	0
2.6461	0
2.9222	0
4.0418	0
2.9023	0
14.2326	1
1.3108	0
27.9605	0
2.4844	0
1.8849	0
17.7604	0
1.8968	0
2.9015	0
33.9795	1
2.976	0
6.9207	0
14.8799	0
3.9919	0
2.8686	0
1.3194	0
3.3527	0
1.9198	0
2.5411	0
9.6406	1
5.9579	0
1.7689	0
3.6632	0
7.4877	0
3.9778	0
7.3194	0
1.4567	0
1.7102	0
1.4376	0
4.2543	0
22.2978	0
19.6773	1
2.5809	0
2.2594	1
1.4049	0
1.2522	0
4.9017	0
2.1065	0
40.0	1
1.7858	0
0.4478	0
10.1765	0
3.156	0
3.2433	0
0.7602	0
4.6535	0
1.4526	0
4.0711	0
0.2536	0
2.5129	0
9.4207	0
2.6077	0
12.5631	0
1.0123	0
3.1199	0
4.4523	0
4.8917	0
2.7127	0
1.138	0
39.9993	0
10.2501	0
3.5502	0
1.3864	0
1.2172	0
19.247	0
4.6177	0
2.3746	0
2.5039	0
18.0001	0
0.4229	0
2.0865	0
1.0222	0
33.9801	1
17.1203	0
3.1964	1
4.9608	0
2.0278	0
0.9234	0
11.8128	0
39.9993	1
2.3682	0
4.3721	0
3.7036	0
4.9189	0
4.426	0
0.9787	0
4.3242	0
1.0627	0
1.8594	0
14.6149	1
2.3248	0
1.5039	0
39.9993	1
2.3765	0
8.862	1
2.5187	0
0.6098	0
2.4658	0
13.4207	1
1.3337	0
1.1345	0
1.0777	0
29.5865	1
4.3382	0
1.3489	0
3.8202	0
20.9775	0
2.2316	0
6.6639	0
2.8995	0
4.7595	0
0.7507	0
5.8106	0
4.7107	0
4.9237	0
5.8647	0
1.7447	0
2.2068	0
1.2354	0
29.209	1
6.2482	0
0.959	0
0.4877	0
23.9822	1
9.2122	0
2.2704	0
11.3198	0
0.9489	0
39.9993	0
1.676	0
16.904	0
5.4828	0
19.1125	0
3.4719	0
1.5722	0
6.5033	0
10.754	0
2.9364	0
16.7939	1
0.3447	0
1.2572	0
33.0111	1
1.8613	0
3.5153	0
1.4269	0
2.0234	0
9.1068	0
2.0797	0
2.6629	0
7.3662	0
2.7348	0
3.5684	0
6.2908	0
0.2582	0
2.6145	0
4.6846	0
1.8743	0
2.247	0
5.4706	0
0.3539	0
3.7208	0
13.4488	0
2.1468	0
1.5044	0
14.4591	0
5.175	0
1.9321	0
30.4585	0
2.009	0
2.283	0
2.5555	0
2.5555	0
2.5555	0
11.5236	0
13.4737	1
2.0185	0
1.6881	0
2.0617	0
0.5588	0
26.0214	1
6.5254	0
1.2308	0
0.6863	0
1.8123	0
4.0184	0
1.2789	0
0.6435	0
8.2246	0
3.7252	0
39.9993	0
10.2901	0
1.8348	0
1.0724	0
2.4693	0
2.1622	0
1.9522	0
11.6184	1
3.5539	0
9.9833	0
6.7986	1
9.0887	0
25.2306	0
33.0101	1
1.4237	0
4.3858	0
2.4982	0
4.6986	0
0.0842	0
4.4162	0
13.2178	0
1.0471	0
0.8173	0
1.7811	0
5.633	0
2.4958	0
25.6892	1
10.7304	0
5.5513	0
2.9406	0
30.4584	0
1.1372	0
1.725	0
6.9511	0
3.6031	0
0.7804	0
7.1666	0
2.4386	0
1.0067	0
2.97	0
4.4955	0
6.3738	0
7.2178	0
0.8101	0
8.4528	0
3.8028	0
1.013	0
1.7562	0
0.9605	0
5.5303	0
5.5303	0
1.6042	0
3.0253	0
0.963	0
2.2851	0
12.5413	0
2.5793	0
1.8387	0
6.8114	0
3.5767	0
0.9108	0
16.1329	1
5.9644	1
14.9511	0
1.2215	0
1.7824	0
1.2994	0
1.1053	0
1.545	0
1.4367	0
1.9946	0
15.7478	0
1.48	0
10.667	0
2.0343	0
1.5165	0
32.2186	1
0.8083	0
1.4593	0
2.4918	0
2.755	0
1.2652	0
4.0286	0
2.0491	0
4.6715	0
1.8971	0
1.5666	0
2.4453	0
9.152	0
1.1664	0
5.2024	0
0.8664	0
2.8315	0
1.1133	0
0.9686	0
14.6964	0
7.6768	0
3.1093	0
6.7868	0
2.1821	0
0.5538	0
0.8006	0
4.6069	0
0.2748	0
4.2693	0
10.6165	1
0.7877	0
0.8759	0
3.1311	0
1.1343	0
0.5803	0
5.0955	0
3.2315	0
25.379	0
3.3269	1
14.4163	0
4.2377	0
10.9828	1
1.2799	0
5.4072	0
1.3854	0
1.6234	0
2.7627	0
15.8103	1
1.1521	0
1.3697	0
0.0865	0
2.9225	0
2.6254	0
4.3266	1
1.5334	0
3.0896	0
2.0813	0
4.4931	0
10.9102	0
0.5158	0
3.865	0
8.8591	0
11.1525	0
8.0667	0
0.907	0
1.1496	0
5.5754	0
0.9982	0
24.6888	1
3.9752	0
3.3894	0
5.0951	0
1.8386	0
8.1124	0
1.0626	0
3.3851	0
24.95	0
5.9629	0
20.5626	0
14.5006	0
4.3487	0
1.1202	0
6.4312	0
13.8104	0
7.9183	0
2.1699	0
1.2828	0
16.4577	0
1.3689	0
32.2187	0
3.9076	0
1.0834	0
11.4709	0
11.3735	1
3.1	0
9.9441	0
6.1177	0
4.6732	0
9.4943	0
1.8671	0
1.4073	0
2.3933	0
3.4878	0
2.0169	0
5.1149	0
2.4705	0
0.9714	0
1.1278	0
2.2549	0
0.8033	0
8.8234	0
2.0899	0
1.8731	0
1.986	0
3.3161	0
2.3144	0
4.3658	1
4.2428	0
1.5832	0
9.2313	0
1.8798	0
5.7667	0
17.0094	1
6.3589	0
2.1527	0
1.8454	0
1.8864	0
0.8831	0
2.1785	0
5.1218	0
3.3465	0
1.5133	0
1.4749	0
7.9904	1
0.9646	0
5.7715	0
8.623	0
20.4194	0
0.8466	0
3.0946	0
2.3322	0
30.9695	0
5.6146	0
3.5856	0
100.0	0
2.4523	0
16.9529	0
1.6407	0
1.8756	0
36.9903	1
33.9793	1
1.562	0
4.7187	0
19.1788	1
19.8796	1
16.1145	0
1.9422	0
2.1217	0
3.2684	0
1.5363	0
2.955	0
2.4492	0
4.9559	0
4.9559	0
4.9559	0
0.468	0
3.3639	0
4.5728	0
6.6745	0
1.9017	0
1.1247	0
12.9882	0
8.7707	0
36.9897	1
3.2665	0
0.9557	0
2.6674	0
9.6688	0
3.1186	0
5.1442	0
11.5024	0
17.0261	0
3.0055	0
26.9898	1
16.9665	0
15.2738	0
1.9455	0
0.697	0
14.6944	0
19.4813	1
33.9801	0
12.0426	0
7.5275	0
8.7271	1
1.7579	0
6.4781	0
0.874	0
7.3349	0
10.9657	0
1.3869	0
5.5614	0
1.3901	0
7.5727	0
1.6863	0
22.0131	0
4.8513	0
1.453	0
33.9795	1
5.036	0
33.9798	0
3.2444	0
0.416	0
5.4887	0
1.1747	0
10.2301	0
1.3029	0
11.1532	0
11.1532	0
1.1693	0
9.0347	0
5.1604	0
1.7286	0
1.132	0
20.1397	0
2.3278	0
4.8135	0
7.8162	0
6.7747	0
7.5483	0
3.384	0
4.542	0
33.9795	1
2.0189	0
4.2497	0
0.7175	0
29.587	0
1.4517	0
5.8605	0
13.0004	0
16.7442	1
10.0163	1
1.024	0
19.962	0
1.6439	0
3.5223	0
10.9677	0
1.0767	0
6.473	1
3.1657	0
0.9329	0
6.1477	0
1.0185	0
24.5618	1
3.4879	0
2.0748	0
4.03	0
1.0915	0
8.2078	0
11.9947	0
19.9676	0
24.6889	0
0.9721	0
10.4546	0
3.0728	0
39.9993	0
3.2275	0
9.4085	0
21.3747	0
0.8598	0
2.6432	0
8.9209	0
3.2089	0
1.2934	0
2.6663	0
1.8745	0
4.7418	1
1.4867	0
1.3513	0
2.0977	0
2.1275	0
3.4573	0
2.2116	0
3.2875	0
1.333	0
3.7595	0
8.8059	0
4.3125	0
1.9336	0
1.9871	0
3.2334	0
1.4754	0
0.955	0
5.5735	0
5.0306	0
9.6614	1
3.8023	0
1.0547	0
0.0	1
0.0	1
0.0	1
0.0	1
0.0	1
0.0	1
0.0	1
0.0	1
0.0	1
0.0	1
0.0	1
0.0	1
0.0	1
0.0	1
0.0	1
0.0	1
0.0	1
0.0	1
0.0	1
0.0	1
0.0	1
0.0	1
0.0	1
0.0	1
39.9993	1
39.9993	1
2.352	0
2.9554	0
39.9993	1
1.6715	0
3.8492	0
6.1206	0
100.0	1
30.97	1
29.2096	1
9.6718	0
3.7446	0
35.2289	1
24.0894	1
10.7193	0
15.0098	0
33.0101	0
4.1108	0
1.5035	0
39.9993	1
22.1528	0
1.463	0
6.421	0
32.2191	0
1.3703	0
39.9993	1
7.67	0
13.6428	1
39.9993	1
36.989	1
3.8178	0
4.3171	0
35.2289	1
100.0	1
39.9993	0
39.9993	1
11.004	1
100.0	1
7.4282	0
3.854	0
10.7393	0
100.0	1
17.0986	1
39.9993	1
36.989	1
39.9993	1
1.5512	0
5.3331	0
100.0	1
2.9005	0
100.0	1
26.5779	1
1.3623	0
30.4583	1
31.5498	1
3.3691	0
39.9993	1
1.6605	0
6.2742	0
20.6143	0
39.9993	1
35.2289	0
4.3814	0
36.9903	1
39.9993	1
32.2195	1
39.9993	1
100.0	1
39.9993	1
2.4206	0
33.0111	1
33.0111	1
36.989	1
35.2289	1
39.9993	1
4.5668	0
30.0011	1
100.0	1
8.6707	0
4.9806	0
4.6765	0
6.3834	0
23.4722	0
33.9793	0
2.4328	0
6.7889	0
39.9993	1
27.9607	0
9.6384	1
39.9993	1
35.2289	1
39.9993	0
33.0111	1
10.0548	0
16.135	1
35.2289	1
3.3342	0
3.5766	0
33.9806	1
39.9993	1
33.98	0
32.2191	1
20.818	0
2.269	0
30.0011	1
2.9331	0
9.7532	0
39.9993	1
100.0	1
2.3199	0
3.5294	0
33.0111	1
1.308	0
2.3593	0
10.0802	0
1.9256	0
18.616	0
6.8733	1
5.874	0
39.9993	1
35.2289	1
33.0111	1
1.7122	0
39.9993	1
10.61	0
9.6674	1
2.8497	0
35.2289	1
36.989	1
36.989	1
7.3099	1
30.4586	1
17.4428	0
33.98	1
39.9993	1
100.0	1
8.9589	0
33.0111	1
4.8468	0
25.0898	1
29.2094	1
4.7968	0
2.8752	0
4.2823	0
100.0	1
18.1135	0
100.0	1
1.554	0
8.8638	0
39.9993	1
17.4907	0
30.4586	0
28.5402	1
39.9993	0
33.0111	0
100.0	1
35.2289	1
33.0111	1
21.8779	1
14.2659	1
13.4318	0
22.0828	0
31.5498	1
26.2004	1
10.051	0
36.989	1
100.0	1
39.9993	1
39.9993	1
100.0	1
8.0785	0
1.5748	0
32.2191	1
100.0	1
39.9993	1
3.4066	0
4.8065	0
4.0153	0
7.7467	0
39.9993	1
3.3565	0
39.9993	1
39.9993	1
25.0897	1
33.0111	1
11.3772	1
5.2278	0
39.9993	1
19.5199	1
4.0626	0
39.9993	1
19.0444	0
36.9903	1
28.2406	1
36.989	1
100.0	1
13.7524	0
36.989	1
1.9222	0
18.3719	1
2.2541	0
5.1299	0
2.3053	0
35.2289	1
36.989	1
9.8061	0
39.9993	1
39.9993	1
30.0011	0
100.0	1
2.3895	0
39.9993	1
35.2289	1
16.8837	0
8.0797	1
23.0156	0
36.989	1
39.9993	1
36.989	1
6.7168	0
5.253	0
33.9806	1
100.0	1
39.9993	1
5.2054	0
8.2616	0
100.0	1
36.9903	0
100.0	1
36.989	1
39.9993	1
16.9471	0
16.9684	0
5.5296	0
33.9806	1
39.9993	1
28.2406	1
12.089	0
39.9993	0
39.9993	1
39.9993	1
14.9964	0
33.0111	0
100.0	1
7.7421	0
11.3259	0
39.9993	1
39.9993	1
36.989	1
39.9993	1
5.2145	0
12.6252	0
11.4701	0
35.2289	1
26.7799	1
30.4586	1
31.5498	1
100.0	1
1.6806	0
6.0338	0
39.9993	0
2.843	0
5.7319	0
5.0838	0
39.9993	1
10.2516	0
1.7692	0
1.8087	0
1.5866	0
14.405	0
36.989	1
39.9993	1
30.97	1
39.9993	1
31.5498	1
1.5099	0
35.2289	1
28.862	0
36.989	1
11.9816	0
36.989	1
28.5402	1
26.9917	1
36.9903	1
24.322	0
39.9993	1
39.9993	0
18.4925	0
30.0011	0
33.0111	1
2.4343	0
39.9993	1
3.2237	0
1.6225	1
32.2191	1
23.5696	0
1.9762	0
36.9903	1
35.2289	1
39.9993	1
20.9777	1
2.6286	0
30.4586	1
21.8116	0
9.5839	0
1.8007	0
8.0334	0
1.9004	0
2.1333	0
6.2672	0
100.0	0
100.0	1
39.9993	1
100.0	1
20.3721	0
32.2191	1
39.9993	1
19.5199	1
17.8426	1
36.989	1
3.2137	0
24.3219	0
4.3842	0
100.0	1
24.5611	0
24.8185	1
35.2289	0
35.2289	0
39.9993	1
2.718	0
1.5847	0
39.9993	1
35.2289	1
39.9993	1
1.7769	1
5.4476	0
1.3481	0
36.989	1
32.2191	1
31.5498	1
26.992	1
13.8133	0
5.6582	0
14.4282	0
4.3901	0
39.9993	1
2.2358	0
1.6256	0
31.5498	1
32.2191	0
35.2289	0
23.2841	0
2.1869	0
28.5402	0
36.9903	1
10.8593	0
35.2289	1
39.9993	1
39.9993	1
1.718	0
2.4192	0
7.0569	0
39.9993	1
2.7567	0
8.0005	0
11.6623	0
30.0011	0
100.0	1
39.9993	1
1.7593	0
21.9451	1
4.3348	0
3.9558	0
39.9993	1
3.7076	0
36.989	1
30.4583	1
23.67	1
1.3954	0
3.6441	0
8.3544	0
21.0323	0
33.9806	1
2.2136	0
12.8395	0
1.3083	0
33.0111	1
100.0	1
23.1929	0
39.9993	1
39.9993	1
6.4251	0
2.721	0
12.9464	0
35.2289	1
29.5872	0
39.9993	1
100.0	1
35.2289	1
33.98	0
30.97	0
30.97	1
8.0004	0
100.0	1
14.6336	1
39.9993	1
36.989	1
5.6286	1
39.9993	1
12.2204	0
33.0111	0
3.1357	0
35.2289	1
7.129	0
39.9993	1
4.3599	0
7.1895	0
4.5626	0
35.2289	1
2.3561	0
3.9775	0
36.989	0
39.9993	1
3.7225	0
11.7239	1
8.5346	0
1.6651	0
11.5891	0
4.7922	0
1.5647	0
2.4407	0
2.0531	0
12.2983	0
30.0011	1
36.989	1
35.2289	1
3.5865	0
32.2191	0
31.5498	1
39.9993	1
100.0	1
17.0987	0
36.989	1
39.9993	1
17.7908	0
36.989	1
27.9607	0
39.9993	1
100.0	1
4.795	0
1.4951	0
30.97	1
100.0	0
29.5872	0
1.7824	0
31.5498	1
100.0	1
35.2289	1
9.8476	0
39.9993	1
32.2191	1
100.0	1
1.531	0
33.98	1
39.9993	1
100.0	1
10.7593	0
33.9806	1
100.0	0
1.3115	0
35.2289	1
6.7963	0
4.3124	0
6.3108	0
100.0	0
2.1771	0
33.98	0
35.2289	1
39.9993	1
30.4583	0
39.9993	1
11.3032	1
36.9903	1
1.6362	0
1.8424	0
11.3595	0
28.862	0
26.992	1
39.9993	1
4.5834	0
1.5493	0
35.2289	1
31.5498	1
2.534	0
27.9607	1
100.0	1
30.97	0
100.0	1
18.7434	0
4.4802	0
100.0	1
36.9903	0
39.9993	1
39.9993	1
36.989	1
35.2289	1
35.2289	1
39.9993	1
14.335	1
36.989	1
39.9993	1
31.5498	1
3.6985	0
3.33	0
1.6221	1
35.2289	1
3.8339	0
3.2128	0
12.4959	0
5.3595	0
9.7552	0
39.9993	1
5.5998	1
36.989	1
12.6332	0
100.0	1
24.2063	1
21.9451	0
2.3042	0
33.98	1
100.0	1
27.6974	0
39.9993	1
31.5498	1
11.004	0
8.9082	0
35.2289	1
30.4586	0
36.9903	1
100.0	1
6.4987	0
36.989	1
100.0	1
3.8842	0
2.6627	0
36.989	1
2.0199	0
33.98	0
39.9993	1
20.2322	0
39.9993	1
39.9993	1
6.2941	1
13.1252	0
2.5612	0
39.9993	1
3.5111	0
3.3186	0
36.989	1
11.3144	0
6.6634	0
2.3688	0
6.6073	0
39.9993	1
5.1614	0
30.97	1
5.4948	0
2.7327	0
1.5489	0
100.0	1
8.3105	1
33.0111	1
36.989	1
30.4586	1
33.0106	0
11.1141	0
39.9993	1
39.9993	1
39.9993	1
16.3666	0
100.0	1
36.989	1
35.2289	0
17.843	0
39.9993	1
39.9993	1
39.9993	1
39.9993	0
35.2289	1
31.5498	0
7.879	0
20.0544	0
36.989	1
35.2289	1
33.0111	0
1.9664	0
100.0	1
26.992	0
39.9993	0
39.9993	1
100.0	1
14.0222	0
2.7412	0
1.6659	0
1.6292	0
1.3789	0
39.9993	1
33.0111	1
33.0111	1
39.9993	1
36.9903	1
33.0111	1
36.9903	1
8.0005	0
3.0749	0
27.6974	1
2.3577	0
35.2289	1
36.9903	1
36.989	0
10.8639	1
18.907	1
8.1788	0
100.0	1
36.989	0
36.989	1
19.5978	1
24.9518	1
39.9993	1
100.0	1
7.8139	0
3.4274	0
36.989	1
39.9993	0
33.0111	1
36.989	1
10.9157	0
4.1201	0
100.0	1
39.9993	1
39.9993	1
35.2289	1
36.9903	1
28.2408	0
39.9993	1
30.0011	0
33.0111	0
2.4905	0
39.9993	1
32.2191	0
15.9624	0
10.2296	0
33.0111	1
15.0649	0
29.2096	1
2.9089	0
26.9917	1
2.7219	0
36.9903	0
26.992	0
33.0111	1
13.9908	0
11.7679	0
2.0699	0
23.5702	0
30.0011	1
35.2289	1
100.0	1
2.2083	0
17.3952	0
27.9607	0
4.4894	0
5.6739	0
29.5872	1
26.3852	1
2.3811	0
1.6985	1
3.5051	0
6.0108	0
7.7827	0
14.109	0
33.9806	1
100.0	1
26.3852	1
39.9993	1
7.2855	0
2.4677	0
1.5178	0
35.2289	1
28.862	1
39.9993	1
4.0607	0
7.6304	0
32.2186	0
2.3595	0
28.5402	0
100.0	1
30.4583	1
35.2289	0
36.989	1
35.2289	1
39.9993	1
9.7254	0
23.1927	1
39.9993	1
31.5498	0
6.6719	0
6.2214	0
3.6228	0
2.94	0
39.9993	1
39.9993	1
100.0	1
12.0959	0
36.989	1
4.8549	0
35.2289	1
100.0	1
8.8781	0
17.0988	0
19.01	0
2.9898	0
11.1104	0
2.7531	0
100.0	1
9.6462	0
100.0	1
8.9653	0
26.5781	1
39.9993	1
3.6273	0
27.9607	1
27.4491	0
22.5242	0
30.97	1
39.9993	0
7.6503	0
100.0	1
7.7799	0
39.9993	1
3.9077	0
35.2289	1
39.9993	1
100.0	1
39.9993	1
36.989	1
100.0	1
2.4891	0
2.4248	0
100.0	1
100.0	1
35.2289	1
39.9993	1
33.0111	1
25.5313	0
2.1391	0
1.6566	0
28.2408	1
3.817	0
29.2094	1
33.0101	1
39.9993	1
100.0	1
39.9993	1
39.9993	1
1.7081	0
13.3578	0
16.8829	0
14.3803	0
12.3414	0
13.7222	0
100.0	1
39.9993	1
39.9993	0
28.2408	1
39.9993	1
2.9493	0
25.0895	1
33.0111	1
39.9993	1
2.044	0
6.9156	0
1.6954	0
100.0	1
39.9993	1
5.9306	0
33.9806	1
3.8331	0
36.989	1
4.5278	0
19.3308	0
39.9993	1
4.8376	0
24.0935	1
39.9993	1
100.0	1
8.31	0
33.0111	1
35.2289	1
3.4841	0
2.2953	0
6.8623	0
2.793	0
39.9993	0
39.9993	1
30.0008	1
26.992	1
3.2781	0
27.9607	1
33.9806	0
16.242	0
11.8959	0
32.2191	1
4.5869	0
29.2092	1
36.989	1
12.5412	0
18.4621	0
27.6974	1
36.989	0
4.002	0
23.772	1
13.4031	0
39.9993	1
21.7464	0
39.9993	1
1.8648	0
5.6152	0
100.0	1
35.2289	1
27.6972	0
30.97	1
27.9602	0
16.2958	0
6.3514	0
2.8565	0
27.2143	0
3.3138	0
39.9993	1
1.7242	0
36.989	0
33.0111	1
29.5872	1
39.9993	1
32.2191	1
100.0	1
1.8588	0
5.4316	0
33.0111	1
100.0	1
35.2289	0
26.992	1
36.9903	1
3.6533	0
39.9993	1
39.9993	1
26.3853	1
24.2063	1
33.0111	1
36.989	1
10.9466	0
39.9993	1
1.4429	0
39.9993	1
33.0111	1
36.989	1
33.0111	1
1.6185	0
39.9993	1
35.2289	0
11.674	0
30.97	0
100.0	1
100.0	1
100.0	1
36.989	1
23.772	0
9.6804	0
9.3016	0
1.8295	0
5.9189	0
25.6867	1
21.8779	0
39.9993	1
4.4575	0
1.6573	0
7.719	1
27.4491	1
4.6092	0
9.1252	0
100.0	1
100.0	1
4.3763	0
23.9837	1
36.9903	1
4.9273	0
21.0874	0
35.2289	1
4.2379	0
36.989	1
14.1536	0
10.1844	0
22.1533	0
27.2145	1
36.989	1
5.2785	0
13.0563	0
9.3894	0
30.97	1
39.9993	0
11.888	0
100.0	1
35.2289	0
100.0	1
23.8765	1
36.989	1
7.3228	0
39.9993	0
28.5402	1
36.989	1
39.9993	1
39.9993	1
6.7003	0
100.0	1
39.9993	1
35.2289	1
5.983	0
33.98	0
100.0	1
14.4286	0
9.699	0
25.6894	0
1.5302	0
26.2004	1
39.9993	0
36.989	0
39.9993	0
39.9993	1
35.2289	1
27.9607	1
8.0891	0
100.0	1
39.9993	1
2.3683	0
13.844	0
39.9993	1
35.2289	1
3.7817	0
3.5779	0
39.9993	1
6.0713	0
5.9015	0
32.2191	1
29.2094	1
7.9494	1
1.8447	0
35.2289	1
35.2289	1
2.9926	0
14.8508	0
39.9993	1
33.0111	1
39.9993	1
39.9993	1
10.9466	1
36.9903	1
35.2289	1
31.5498	1
35.2289	1
100.0	1
31.5498	1
100.0	1
6.2405	0
6.0046	0
31.5498	1
35.2289	1
8.5989	0
5.4186	0
13.5552	0
39.9993	1
1.7677	0
33.0111	1
10.114	0
29.5872	1
35.2289	0
39.9993	0
12.872	0
39.9993	1
35.2289	1
2.3597	0
39.9993	1
100.0	1
32.2195	1
22.2979	1
35.2289	1
11.2863	0
8.5263	0
35.2289	1
13.8856	0
3.1718	0
39.9993	1
9.9726	0
2.0086	0
1.8076	0
39.9993	1
100.0	1
35.2289	1
39.9993	1
100.0	1
36.989	1
39.9993	1
6.3406	0
24.2063	0
20.0983	0
28.8614	1
12.1708	0
32.2191	1
6.483	0
4.5695	0
29.587	1
36.9903	0
35.2289	1
4.3487	0
100.0	1
35.2289	1
100.0	1
10.8979	0
35.2289	0
7.9778	0
35.2289	0
39.9993	1
39.9993	1
2.4194	0
18.3428	1
36.989	1
27.9607	1
23.4726	0
39.9993	1
36.989	1
20.9777	1
1.6325	0
29.5872	1
30.0011	1
39.9993	1
39.9993	1
36.989	1
33.0101	1
36.9903	1
12.9698	0
100.0	1
36.9903	1
39.9993	1
100.0	1
27.6974	0
10.5705	0
100.0	1
39.9993	1
39.9993	1
39.9993	1
39.9993	1
39.9993	1
39.9993	1
5.4277	0
7.0061	0
12.0282	0
3.2976	0
39.9993	1
39.9993	1
6.2382	0
29.5872	0
39.9993	1
30.0008	1
5.2387	0
32.2191	1
1.788	0
36.9903	1
9.4543	0
36.989	1
33.0111	0
19.221	1
11.4293	0
35.2289	1
21.1435	0
8.2374	0
2.8235	0
16.4835	0
8.125	0
4.2855	1
3.3011	0
12.3773	0
100.0	1
35.2289	1
100.0	1
10.2252	0
1.9545	0
36.9903	1
14.8116	1
100.0	1
12.2486	0
36.989	1
36.989	1
39.9993	1
4.6741	0
100.0	1
12.6177	0
36.9903	1
35.2289	0
1.5278	0
100.0	1
24.6888	1
33.98	1
33.0111	1
39.9993	1
10.5657	0
35.2289	1
39.9993	1
39.9993	1
1.6061	0
11.5711	0
33.98	0
39.9993	1
39.9993	1
100.0	1
9.5784	0
3.3592	0
100.0	1
2.3851	0
6.0204	1
36.989	1
7.8767	0
15.162	0
39.9993	1
5.5013	0
39.9993	1
100.0	1
1.3859	0
35.2289	1
1.6359	0
29.5872	0
39.9993	1
36.989	1
30.4583	0
39.9993	1
35.2289	1
39.9993	1
39.9993	1
8.3939	0
15.162	0
7.129	0
1.6138	0
27.2143	1
36.989	1
7.9828	0
1.6948	0
26.3853	1
11.1589	0
33.0111	0
100.0	1
5.8005	0
15.7472	0
39.9993	1
1.5702	0
39.9993	1
3.3779	0
2.4454	0
1.9187	0
24.6888	1
8.3565	0
39.9993	1
2.4774	0
10.8951	0
100.0	1
39.9993	1
100.0	1
39.9993	1
32.2191	1
10.4581	0
39.9993	1
100.0	1
30.4586	1
36.9903	1
35.2289	1
2.828	0
12.8721	0
35.2289	1
100.0	1
2.4399	0
39.9993	1
2.513	0
19.4054	1
100.0	1
100.0	1
39.9993	1
2.9568	0
35.2289	1
9.2316	1
2.4522	0
2.5811	0
15.0925	0
5.4518	0
1.9977	0
2.8931	0
32.2191	1
9.3521	0
6.5834	0
2.8826	0
6.6159	0
23.3773	1
10.5847	1
39.9993	1
30.4586	1
2.5668	0
3.3052	0
14.8899	0
2.2544	0
36.989	1
33.9793	0
25.3791	0
31.5498	1
36.989	1
7.4323	0
4.1804	0
12.9216	1
5.0226	0
36.989	1
10.0929	0
6.0478	0
29.5872	1
39.9993	1
39.9993	1
39.9993	1
8.9432	0
16.7801	1
35.2289	1
36.989	1
39.9993	1
5.8021	0
100.0	1
8.1964	0
35.2289	1
1.2767	0
2.3365	0
5.916	0
1.6814	0
39.9993	1
100.0	1
27.2145	0
100.0	1
2.1458	0
100.0	1
2.0516	0
36.989	1
100.0	1
5.5943	0
35.2289	1
39.9993	1
28.5402	1
7.2307	1
1.6913	0
36.9903	0
3.3652	0
36.989	1
13.5157	1
30.4583	0
11.844	0
31.5498	1
39.9993	1
6.4074	0
33.0111	1
32.2191	1
36.989	1
100.0	1
32.2186	0
5.7936	0
39.9993	0
21.3157	1
4.8722	0
36.989	0
3.2527	0
36.9903	1
29.5872	0
26.992	1
4.9743	0
5.8695	0
2.159	0
39.9993	0
2.0661	0
29.2094	0
26.0233	0
4.3573	0
8.6964	1
3.5151	0
4.2482	0
3.7498	1
39.9993	1
39.9993	1
100.0	1
31.5498	1
35.2289	1
26.3853	1
100.0	1
35.2289	1
100.0	1
30.4583	1
3.025	0
3.8798	1
13.3115	0
17.8169	1
2.3031	0
23.5702	0
28.8618	0
12.4655	1
31.5498	1
33.9806	1
2.5201	0
5.9189	1
39.9993	1
10.3487	0
33.98	1
12.8556	0
33.9793	1
10.8494	0
8.8859	0
1.8924	0
4.6945	0
6.2159	0
2.9094	0
2.7565	0
2.0151	0
39.9993	1
13.0216	0
25.6892	1
9.4104	0
6.4547	0
8.5871	0
1.6658	0
32.2195	1
16.7597	0
33.98	1
32.2191	1
39.9993	1
39.9993	0
5.8747	0
12.0619	0
13.3576	0
13.3762	0
1.7223	0
25.5313	1
1.9784	0
35.2289	1
3.4754	0
6.6399	0
4.11	0
21.6823	0
21.6821	0
39.9993	1
39.9993	1
31.549	1
35.2289	1
31.5498	1
36.989	1
100.0	1
33.0111	1
36.989	0
30.0011	1
31.5498	1
4.0764	0
21.7465	0
33.0111	1
35.2289	1
16.1527	0
39.9993	1
39.9993	1
6.0193	0
2.1739	0
7.8092	0
33.0111	0
14.3933	0
3.3062	0
22.3718	1
2.1694	0
4.4299	0
35.2289	1
35.2289	1
35.2289	1
39.9993	1
100.0	1
33.9806	1
2.9302	0
1.7707	0
27.2146	0
29.5872	1
1.5385	0
7.2361	0
39.9993	0
3.837	0
100.0	0
36.989	1
39.9993	1
36.989	1
39.9993	1
7.4556	0
5.5445	0
16.3333	0
36.989	1
2.6225	0
26.3853	0
33.98	1
39.9993	1
39.9993	0
7.065	0
2.1527	0
1.4651	0
28.2406	1
6.4241	0
30.4586	1
100.0	1
10.5565	0
39.9993	1
39.9993	1
11.1103	0
39.9993	1
16.9259	0
3.5185	0
4.1086	0
7.6172	0
19.1849	0
12.7567	1
8.8637	0
1.5031	0
39.9993	1
21.8779	0
5.2859	0
39.9993	1
15.1759	0
14.221	0
39.9993	1
30.4586	1
26.992	0
28.862	0
1.8691	0
35.2289	1
39.9993	0
35.2289	1
27.6974	1
36.989	1
11.1534	0
39.9993	1
39.9993	0
35.2289	1
39.9993	1
22.372	1
7.202	0
4.9669	0
6.3252	0
33.98	1
29.2096	1
2.6678	0
36.989	0
30.0011	1
39.9993	1
100.0	1
24.0929	1
39.9993	1
2.2581	0
2.2032	0
1.8343	0
2.3752	0
2.485	0
1.3178	0
20.3253	0
32.2191	1
2.0392	0
4.3103	0
36.989	1
8.8136	1
2.7922	0
15.3484	0
39.9993	1
35.2289	1
39.9993	1
39.9993	1
33.0111	1
5.9323	0
26.3852	0
23.4698	0
33.98	1
36.989	1
100.0	1
3.168	0
39.9993	1
3.4717	0
1.3975	0
35.2289	1
19.7177	0
4.8946	0
32.2191	0
21.1433	1
100.0	1
100.0	1
18.8086	1
8.5699	0
100.0	1
39.9993	1
3.03	0
39.9993	1
100.0	1
2.7936	0
36.989	1
36.989	1
36.9903	1
32.2191	1
12.1642	0
26.78	1
30.97	1
2.5892	0
9.5602	0
32.2195	1
10.3357	0
7.7662	0
16.4075	0
3.1073	0
1.8184	0
3.6008	0
33.98	1
4.402	0
33.9806	0
6.3041	0
1.6916	0
21.8117	1
3.3544	1
100.0	0
9.6375	1
35.2289	1
2.136	0
2.3803	1
1.7406	1
5.2345	1
4.7883	0
17.6133	0
6.5116	0
17.9492	0
1.7421	0
35.2289	1
8.0538	1
3.5644	0
30.4586	1
1.6079	1
1.4858	0
2.2002	1
6.1796	0
4.5394	1
5.5831	1
17.2104	0
8.0408	0
2.1078	0
1.946	0
4.0062	0
33.0111	1
6.7217	0
3.4273	0
14.5852	0
20.1428	0
0.0	1
0.0	1
0.0	1
0.0	1
0.0	1
0.0	1
0.0	1
0.0	1
0.0	1
0.0	1
0.0	1
0.0	1
0.0	1
0.0	1
0.0	1
0.0	1
0.0	1
0.0	1
0.0	1
0.0	1
0.0	1
0.0	1
0.0	1
0.0	1
0.0	1
0.0	1
0.0	1
0.0	1
0.0	1
0.0	1
0.0	1
0.0	1
0.0	1
0.0	1
0.0	1
0.0	1
0.0	1
0.0	1
0.0	1
0.0	1
0.0	1
0.0	1
0.0	1
0.0	1
0.0	1
0.0	1
0.0	1
0.0	1
0.0	1
0.0	1
0.0	1
0.0	1
0.0	1
0.0	1
0.0	1
0.0	1
0.0	1
0.0	1
0.0	1
0.0	1
0.0	1
0.0	1
0.0	1
0.0	1
0.0	1
0.0	1
0.0	1
0.0	1
0.0	1
0.0	1
0.0	1
0.0	1
0.0	1
0.0	1
0.0	1
0.0	1
0.0	1
0.0	1
0.0	1
0.0	1
0.0	1
0.0	1
0.0	1
0.0	1
0.0	1
0.0	1
0.0	1
0.0	1
0.0	1
0.0	1
0.0	1
0.0	1
0.0	1
0.0	1
0.0	1
0.0	1
0.0	1
0.0	1
0.0	1
0.0	1
0.0	1
0.0	1
0.0	1
0.0	1
0.0	1
0.0	1
0.0	1
0.0	1
0.0	1
0.0	1
0.0	1
0.0	1
0.0	1
0.0	1
0.0	1
0.0	1
0.0	1
0.0	1
0.0	1
0.0	1
0.0	1
0.0	1
0.0	1
0.0	1
0.0	1
0.0	1
0.0	1
0.0	1
0.0	1
0.0	1
0.0	1
0.0	1
0.0	1
0.0	1
0.0	1
0.0	1
0.0	1
0.0	1
0.0	1
0.0	1
0.0	1
0.0	1
0.0	1
0.0	1
0.0	1
0.0	1
0.0	1
0.0	1
0.0	1
0.0	1
0.0	1
0.0	1
0.0	1
0.0	1
0.0	1
0.0	1
0.0	1
0.0	1
0.0	1
0.0	1
0.0	1
0.0	1
0.0	1
0.0	1
0.0	1
0.0	1
0.0	1
0.0	1
0.0	1
0.0	1
0.0	1
0.0	1
0.0	1
0.0	1
0.0	1
0.0	1
0.0	1
0.0	1
0.0	1
0.0	1
0.0	1
0.0	1
0.0	1
0.0	1
0.0	1
0.0	1
0.0	1
0.0	1
0.0	1
0.0	1
0.0	1
0.0	1
0.0	1
0.0	1
0.0	1
0.0	1
0.0	1
0.0	1
0.0	1
0.0	1
0.0	1
0.0	1
0.0	1
0.0	1
0.0	1
0.0	1
0.0	1
0.0	1
0.0	1
0.0	1
0.0	1
0.0	1
0.0	1
0.0	1
0.0	1
0.0	1
0.0	1
0.0	1
0.0	1
0.0	1
0.0	1
0.0	1
0.0	1
0.0	1
0.0	1
0.0	1
0.0	1
0.0	1
0.0	1
0.0	1
0.0	1
0.0	1
0.0	1
0.0	1
0.0	1
0.0	1
0.0	1
0.0	1
0.0	1
0.0	1
0.0	1
0.0	1
0.0	1
0.0	1
0.0	1
0.0	1
0.0	1
0.0	1
0.0	1
0.0	1
0.0	1
0.0	1
0.0	1
0.0	1
0.0	1
0.0	1
0.0	1
0.0	1
0.0	1
0.0	1
0.0	1
0.0	1
0.0	1
0.0	1
0.0	1
0.0	1
0.0	1
0.0	1
0.0	1
0.0	1
0.0	1
0.0	1
0.0	1
0.0	1
0.0	1
0.0	1
0.0	1
0.0	1
0.0	1
0.0	1
0.0	1
0.0	1
0.0	1
0.0	1
0.0	1
0.0	1
0.0	1
0.0	1
0.0	1
0.0	1
0.0	1
0.0	1
0.0	1
0.0	1
0.0	1
0.0	1
0.0	1
0.0	1
0.0	1
0.0	1
0.0	1
0.0	1
0.0	1
0.0	1
0.0	1
0.0	1
0.0	1
0.0	1
0.0	1
0.0	1
0.0	1
0.0	1
0.0	1
0.0	1
0.0	1
0.0	1
0.0	1
0.0	1
0.0	1
0.0	1
0.0	1
0.0	1
0.0	1
0.0	1
0.0	1
0.0	1
0.0	1
0.0	1
0.0	1
0.0	1
0.0	1
0.0	1
0.0	1
0.0	1
0.0	1
0.0	1
0.0	1
0.0	1
0.0	1
0.0	1
0.0	1
0.0	1
0.0	1
0.0	1
0.0	1
0.0	1
0.0	1
0.0	1
0.0	1
0.0	1
0.0	1
0.0	1
0.0	1
0.0	1
0.0	1
0.0	1
0.0	1
0.0	1
0.0	1
0.0	1
0.0	1
0.0	1
0.0	1
0.0	1
0.0	1
0.0	1
0.0	1
0.0	1
0.0	1
0.0	1
0.0	1
0.0	1
0.0	1
0.0	1
0.0	1
0.0	1
