39.9993	1
39.9993	1
2.352	0
2.9554	0
39.9993	1
1.6715	0
3.8492	0
6.1206	0
100	1
30.97	1
29.2096	1
9.6718	0
3.7446	0
35.2289	1
24.0894	1
10.7193	0
15.0098	0
33.0101	0
4.1108	0
1.5035	0
39.9993	1
22.1528	0
1.463	0
6.421	0
32.2191	0
1.3703	0
39.9993	1
7.67	0
13.6428	1
39.9993	1
36.989	1
3.8178	0
4.3171	0
35.2289	1
100	1
39.9993	0
39.9993	1
11.004	1
100	1
7.4282	0
3.854	0
10.7393	0
100	1
17.0986	1
39.9993	1
36.989	1
39.9993	1
1.5512	0
5.3331	0
100	1
2.9005	0
100	1
26.5779	1
1.3623	0
30.4583	1
31.5498	1
3.3691	0
39.9993	1
1.6605	0
6.2742	0
20.6143	0
39.9993	1
35.2289	0
4.3814	0
36.9903	1
39.9993	1
32.2195	1
39.9993	1
100	1
39.9993	1
2.4206	0
33.0111	1
33.0111	1
36.989	1
35.2289	1
39.9993	1
4.5668	0
30.0011	1
100	1
8.6707	0
4.9806	0
4.6765	0
6.3834	0
23.4722	0
33.9793	0
2.4328	0
6.7889	0
39.9993	1
27.9607	0
9.6384	1
39.9993	1
35.2289	1
39.9993	0
33.0111	1
10.0548	0
16.135	1
35.2289	1
3.3342	0
3.5766	0
33.9806	1
39.9993	1
33.98	0
32.2191	1
20.818	0
2.269	0
30.0011	1
2.9331	0
9.7532	0
39.9993	1
100	1
2.3199	0
3.5294	0
33.0111	1
1.308	0
2.3593	0
10.0802	0
1.9256	0
18.616	0
6.8733	1
5.874	0
39.9993	1
35.2289	1
33.0111	1
1.7122	0
39.9993	1
10.61	0
9.6674	1
2.8497	0
35.2289	1
36.989	1
36.989	1
7.3099	1
30.4586	1
17.4428	0
33.98	1
39.9993	1
100	1
8.9589	0
33.0111	1
4.8468	0
25.0898	1
29.2094	1
4.7968	0
2.8752	0
4.2823	0
100	1
18.1135	0
100	1
1.554	0
8.8638	0
39.9993	1
17.4907	0
30.4586	0
28.5402	1
39.9993	0
33.0111	0
100	1
35.2289	1
33.0111	1
21.8779	1
14.2659	1
13.4318	0
22.0828	0
31.5498	1
26.2004	1
10.051	0
36.989	1
100	1
39.9993	1
39.9993	1
100	1
8.0785	0
1.5748	0
32.2191	1
100	1
39.9993	1
3.4066	0
4.8065	0
4.0153	0
7.7467	0
39.9993	1
3.3565	0
39.9993	1
39.9993	1
25.0897	1
33.0111	1
11.3772	1
5.2278	0
39.9993	1
19.5199	1
4.0626	0
39.9993	1
19.0444	0
36.9903	1
28.2406	1
36.989	1
100	1
13.7524	0
36.989	1
1.9222	0
18.3719	1
2.2541	0
5.1299	0
2.3053	0
35.2289	1
36.989	1
9.8061	0
39.9993	1
39.9993	1
30.0011	0
100	1
2.3895	0
39.9993	1
35.2289	1
16.8837	0
8.0797	1
23.0156	0
36.989	1
39.9993	1
36.989	1
6.7168	0
5.253	0
33.9806	1
100	1
39.9993	1
5.2054	0
8.2616	0
100	1
36.9903	0
100	1
36.989	1
39.9993	1
16.9471	0
16.9684	0
5.5296	0
33.9806	1
39.9993	1
28.2406	1
12.089	0
39.9993	0
39.9993	1
39.9993	1
14.9964	0
33.0111	0
100	1
7.7421	0
11.3259	0
39.9993	1
39.9993	1
36.989	1
39.9993	1
5.2145	0
12.6252	0
11.4701	0
35.2289	1
26.7799	1
30.4586	1
31.5498	1
100	1
1.6806	0
6.0338	0
39.9993	0
2.843	0
5.7319	0
5.0838	0
39.9993	1
10.2516	0
1.7692	0
1.8087	0
1.5866	0
14.405	0
36.989	1
39.9993	1
30.97	1
39.9993	1
31.5498	1
1.5099	0
35.2289	1
28.862	0
36.989	1
11.9816	0
36.989	1
28.5402	1
26.9917	1
36.9903	1
24.322	0
39.9993	1
39.9993	0
18.4925	0
30.0011	0
33.0111	1
2.4343	0
39.9993	1
3.2237	0
1.6225	1
32.2191	1
23.5696	0
1.9762	0
36.9903	1
35.2289	1
39.9993	1
20.9777	1
2.6286	0
30.4586	1
21.8116	0
9.5839	0
1.8007	0
8.0334	0
1.9004	0
2.1333	0
6.2672	0
100	0
100	1
39.9993	1
100	1
20.3721	0
32.2191	1
39.9993	1
19.5199	1
17.8426	1
36.989	1
3.2137	0
24.3219	0
4.3842	0
100	1
24.5611	0
24.8185	1
35.2289	0
35.2289	0
39.9993	1
2.718	0
1.5847	0
39.9993	1
35.2289	1
39.9993	1
1.7769	1
5.4476	0
1.3481	0
36.989	1
32.2191	1
31.5498	1
26.992	1
13.8133	0
5.6582	0
14.4282	0
4.3901	0
39.9993	1
2.2358	0
1.6256	0
31.5498	1
32.2191	0
35.2289	0
23.2841	0
2.1869	0
28.5402	0
36.9903	1
10.8593	0
35.2289	1
39.9993	1
39.9993	1
1.718	0
2.4192	0
7.0569	0
39.9993	1
2.7567	0
8.0005	0
11.6623	0
30.0011	0
100	1
39.9993	1
1.7593	0
21.9451	1
4.3348	0
3.9558	0
39.9993	1
3.7076	0
36.989	1
30.4583	1
23.67	1
1.3954	0
3.6441	0
8.3544	0
21.0323	0
33.9806	1
2.2136	0
12.8395	0
1.3083	0
33.0111	1
100	1
23.1929	0
39.9993	1
39.9993	1
6.4251	0
2.721	0
12.9464	0
35.2289	1
29.5872	0
39.9993	1
100	1
35.2289	1
33.98	0
30.97	0
30.97	1
8.0004	0
100	1
14.6336	1
39.9993	1
36.989	1
5.6286	1
39.9993	1
12.2204	0
33.0111	0
3.1357	0
35.2289	1
7.129	0
39.9993	1
4.3599	0
7.1895	0
4.5626	0
35.2289	1
2.3561	0
3.9775	0
36.989	0
39.9993	1
3.7225	0
11.7239	1
8.5346	0
1.6651	0
11.5891	0
4.7922	0
1.5647	0
2.4407	0
2.0531	0
12.2983	0
30.0011	1
36.989	1
35.2289	1
3.5865	0
32.2191	0
31.5498	1
39.9993	1
100	1
17.0987	0
36.989	1
39.9993	1
17.7908	0
36.989	1
27.9607	0
39.9993	1
100	1
4.795	0
1.4951	0
30.97	1
100	0
29.5872	0
1.7824	0
31.5498	1
100	1
35.2289	1
9.8476	0
39.9993	1
32.2191	1
100	1
1.531	0
33.98	1
39.9993	1
100	1
10.7593	0
33.9806	1
100	0
1.3115	0
35.2289	1
6.7963	0
4.3124	0
6.3108	0
100	0
2.1771	0
33.98	0
35.2289	1
39.9993	1
30.4583	0
39.9993	1
11.3032	1
36.9903	1
1.6362	0
1.8424	0
11.3595	0
28.862	0
26.992	1
39.9993	1
4.5834	0
1.5493	0
35.2289	1
31.5498	1
2.534	0
27.9607	1
100	1
30.97	0
100	1
18.7434	0
4.4802	0
100	1
36.9903	0
39.9993	1
39.9993	1
36.989	1
35.2289	1
35.2289	1
39.9993	1
14.335	1
36.989	1
39.9993	1
31.5498	1
3.6985	0
3.33	0
1.6221	1
35.2289	1
3.8339	0
3.2128	0
12.4959	0
5.3595	0
9.7552	0
39.9993	1
5.5998	1
36.989	1
12.6332	0
100	1
24.2063	1
21.9451	0
2.3042	0
33.98	1
100	1
27.6974	0
39.9993	1
31.5498	1
11.004	0
8.9082	0
35.2289	1
30.4586	0
36.9903	1
100	1
6.4987	0
36.989	1
100	1
3.8842	0
2.6627	0
36.989	1
2.0199	0
33.98	0
39.9993	1
20.2322	0
39.9993	1
39.9993	1
6.2941	1
13.1252	0
2.5612	0
39.9993	1
3.5111	0
3.3186	0
36.989	1
11.3144	0
6.6634	0
2.3688	0
6.6073	0
39.9993	1
5.1614	0
30.97	1
5.4948	0
2.7327	0
1.5489	0
100	1
8.3105	1
33.0111	1
36.989	1
30.4586	1
33.0106	0
11.1141	0
39.9993	1
39.9993	1
39.9993	1
16.3666	0
100	1
36.989	1
35.2289	0
17.843	0
39.9993	1
39.9993	1
39.9993	1
39.9993	0
35.2289	1
31.5498	0
7.879	0
20.0544	0
36.989	1
35.2289	1
33.0111	0
1.9664	0
100	1
26.992	0
39.9993	0
39.9993	1
100	1
14.0222	0
2.7412	0
1.6659	0
1.6292	0
1.3789	0
39.9993	1
33.0111	1
33.0111	1
39.9993	1
36.9903	1
33.0111	1
36.9903	1
8.0005	0
3.0749	0
27.6974	1
2.3577	0
35.2289	1
36.9903	1
36.989	0
10.8639	1
18.907	1
8.1788	0
100	1
36.989	0
36.989	1
19.5978	1
24.9518	1
39.9993	1
100	1
7.8139	0
3.4274	0
36.989	1
39.9993	0
33.0111	1
36.989	1
10.9157	0
4.1201	0
100	1
39.9993	1
39.9993	1
35.2289	1
36.9903	1
28.2408	0
39.9993	1
30.0011	0
33.0111	0
2.4905	0
39.9993	1
32.2191	0
15.9624	0
10.2296	0
33.0111	1
15.0649	0
29.2096	1
2.9089	0
26.9917	1
2.7219	0
36.9903	0
26.992	0
33.0111	1
13.9908	0
11.7679	0
2.0699	0
23.5702	0
30.0011	1
35.2289	1
100	1
2.2083	0
17.3952	0
27.9607	0
4.4894	0
5.6739	0
29.5872	1
26.3852	1
2.3811	0
1.6985	1
3.5051	0
6.0108	0
7.7827	0
14.109	0
33.9806	1
100	1
26.3852	1
39.9993	1
7.2855	0
2.4677	0
1.5178	0
35.2289	1
28.862	1
39.9993	1
4.0607	0
7.6304	0
32.2186	0
2.3595	0
28.5402	0
100	1
30.4583	1
35.2289	0
36.989	1
35.2289	1
39.9993	1
9.7254	0
23.1927	1
39.9993	1
31.5498	0
6.6719	0
6.2214	0
3.6228	0
2.94	0
39.9993	1
39.9993	1
100	1
12.0959	0
36.989	1
4.8549	0
35.2289	1
100	1
8.8781	0
17.0988	0
19.01	0
2.9898	0
11.1104	0
2.7531	0
100	1
9.6462	0
100	1
8.9653	0
26.5781	1
39.9993	1
3.6273	0
27.9607	1
27.4491	0
22.5242	0
30.97	1
39.9993	0
7.6503	0
100	1
7.7799	0
39.9993	1
3.9077	0
35.2289	1
39.9993	1
100	1
39.9993	1
36.989	1
100	1
2.4891	0
2.4248	0
100	1
100	1
35.2289	1
39.9993	1
33.0111	1
25.5313	0
2.1391	0
1.6566	0
28.2408	1
3.817	0
29.2094	1
33.0101	1
39.9993	1
100	1
39.9993	1
39.9993	1
1.7081	0
13.3578	0
16.8829	0
14.3803	0
12.3414	0
13.7222	0
100	1
39.9993	1
39.9993	0
28.2408	1
39.9993	1
2.9493	0
25.0895	1
33.0111	1
39.9993	1
2.044	0
6.9156	0
1.6954	0
100	1
39.9993	1
5.9306	0
33.9806	1
3.8331	0
36.989	1
4.5278	0
19.3308	0
39.9993	1
4.8376	0
24.0935	1
39.9993	1
100	1
8.31	0
33.0111	1
35.2289	1
3.4841	0
2.2953	0
6.8623	0
2.793	0
39.9993	0
39.9993	1
30.0008	1
26.992	1
3.2781	0
27.9607	1
33.9806	0
16.242	0
11.8959	0
32.2191	1
4.5869	0
29.2092	1
36.989	1
12.5412	0
18.4621	0
27.6974	1
36.989	0
4.002	0
23.772	1
13.4031	0
39.9993	1
21.7464	0
39.9993	1
1.8648	0
5.6152	0
100	1
35.2289	1
27.6972	0
30.97	1
27.9602	0
16.2958	0
6.3514	0
2.8565	0
27.2143	0
3.3138	0
39.9993	1
1.7242	0
36.989	0
33.0111	1
29.5872	1
39.9993	1
32.2191	1
100	1
1.8588	0
5.4316	0
33.0111	1
100	1
35.2289	0
26.992	1
36.9903	1
3.6533	0
39.9993	1
39.9993	1
26.3853	1
24.2063	1
33.0111	1
36.989	1
10.9466	0
39.9993	1
1.4429	0
39.9993	1
33.0111	1
36.989	1
33.0111	1
1.6185	0
39.9993	1
35.2289	0
11.674	0
30.97	0
100	1
100	1
100	1
36.989	1
23.772	0
9.6804	0
9.3016	0
1.8295	0
5.9189	0
25.6867	1
21.8779	0
39.9993	1
4.4575	0
1.6573	0
7.719	1
27.4491	1
4.6092	0
9.1252	0
100	1
100	1
4.3763	0
23.9837	1
36.9903	1
4.9273	0
21.0874	0
35.2289	1
4.2379	0
36.989	1
14.1536	0
10.1844	0
22.1533	0
27.2145	1
36.989	1
5.2785	0
13.0563	0
9.3894	0
30.97	1
39.9993	0
11.888	0
100	1
35.2289	0
100	1
23.8765	1
36.989	1
7.3228	0
39.9993	0
28.5402	1
36.989	1
39.9993	1
39.9993	1
6.7003	0
100	1
39.9993	1
35.2289	1
5.983	0
33.98	0
100	1
14.4286	0
9.699	0
25.6894	0
1.5302	0
26.2004	1
39.9993	0
36.989	0
39.9993	0
39.9993	1
35.2289	1
27.9607	1
8.0891	0
100	1
39.9993	1
2.3683	0
13.844	0
39.9993	1
35.2289	1
3.7817	0
3.5779	0
39.9993	1
6.0713	0
5.9015	0
32.2191	1
29.2094	1
7.9494	1
1.8447	0
35.2289	1
35.2289	1
2.9926	0
14.8508	0
39.9993	1
33.0111	1
39.9993	1
39.9993	1
10.9466	1
36.9903	1
35.2289	1
31.5498	1
35.2289	1
100	1
31.5498	1
100	1
6.2405	0
6.0046	0
31.5498	1
35.2289	1
8.5989	0
5.4186	0
13.5552	0
39.9993	1
1.7677	0
33.0111	1
10.114	0
29.5872	1
35.2289	0
39.9993	0
12.872	0
39.9993	1
35.2289	1
2.3597	0
39.9993	1
100	1
32.2195	1
22.2979	1
35.2289	1
11.2863	0
8.5263	0
35.2289	1
13.8856	0
3.1718	0
39.9993	1
9.9726	0
2.0086	0
1.8076	0
39.9993	1
100	1
35.2289	1
39.9993	1
100	1
36.989	1
39.9993	1
6.3406	0
24.2063	0
20.0983	0
28.8614	1
12.1708	0
32.2191	1
6.483	0
4.5695	0
29.587	1
36.9903	0
35.2289	1
4.3487	0
100	1
35.2289	1
100	1
10.8979	0
35.2289	0
7.9778	0
35.2289	0
39.9993	1
39.9993	1
2.4194	0
18.3428	1
36.989	1
27.9607	1
23.4726	0
39.9993	1
36.989	1
20.9777	1
1.6325	0
29.5872	1
30.0011	1
39.9993	1
39.9993	1
36.989	1
33.0101	1
36.9903	1
12.9698	0
100	1
36.9903	1
39.9993	1
100	1
27.6974	0
10.5705	0
100	1
39.9993	1
39.9993	1
39.9993	1
39.9993	1
39.9993	1
39.9993	1
5.4277	0
7.0061	0
12.0282	0
3.2976	0
39.9993	1
39.9993	1
6.2382	0
29.5872	0
39.9993	1
30.0008	1
5.2387	0
32.2191	1
1.788	0
36.9903	1
9.4543	0
36.989	1
33.0111	0
19.221	1
11.4293	0
35.2289	1
21.1435	0
8.2374	0
2.8235	0
16.4835	0
8.125	0
4.2855	1
3.3011	0
12.3773	0
100	1
35.2289	1
100	1
10.2252	0
1.9545	0
36.9903	1
14.8116	1
100	1
12.2486	0
36.989	1
36.989	1
39.9993	1
4.6741	0
100	1
12.6177	0
36.9903	1
35.2289	0
1.5278	0
100	1
24.6888	1
33.98	1
33.0111	1
39.9993	1
10.5657	0
35.2289	1
39.9993	1
39.9993	1
1.6061	0
11.5711	0
33.98	0
39.9993	1
39.9993	1
100	1
9.5784	0
3.3592	0
100	1
2.3851	0
6.0204	1
36.989	1
7.8767	0
15.162	0
39.9993	1
5.5013	0
39.9993	1
100	1
1.3859	0
35.2289	1
1.6359	0
29.5872	0
39.9993	1
36.989	1
30.4583	0
39.9993	1
35.2289	1
39.9993	1
39.9993	1
8.3939	0
15.162	0
7.129	0
1.6138	0
27.2143	1
36.989	1
7.9828	0
1.6948	0
26.3853	1
11.1589	0
33.0111	0
100	1
5.8005	0
15.7472	0
39.9993	1
1.5702	0
39.9993	1
3.3779	0
2.4454	0
1.9187	0
24.6888	1
8.3565	0
39.9993	1
2.4774	0
10.8951	0
100	1
39.9993	1
100	1
39.9993	1
32.2191	1
10.4581	0
39.9993	1
100	1
30.4586	1
36.9903	1
35.2289	1
2.828	0
12.8721	0
35.2289	1
100	1
2.4399	0
39.9993	1
2.513	0
19.4054	1
100	1
100	1
39.9993	1
2.9568	0
35.2289	1
9.2316	1
2.4522	0
2.5811	0
15.0925	0
5.4518	0
1.9977	0
2.8931	0
32.2191	1
9.3521	0
6.5834	0
2.8826	0
6.6159	0
23.3773	1
10.5847	1
39.9993	1
30.4586	1
2.5668	0
3.3052	0
14.8899	0
2.2544	0
36.989	1
33.9793	0
25.3791	0
31.5498	1
36.989	1
7.4323	0
4.1804	0
12.9216	1
5.0226	0
36.989	1
10.0929	0
6.0478	0
29.5872	1
39.9993	1
39.9993	1
39.9993	1
8.9432	0
16.7801	1
35.2289	1
36.989	1
39.9993	1
5.8021	0
100	1
8.1964	0
35.2289	1
1.2767	0
2.3365	0
5.916	0
1.6814	0
39.9993	1
100	1
27.2145	0
100	1
2.1458	0
100	1
2.0516	0
36.989	1
100	1
5.5943	0
35.2289	1
39.9993	1
28.5402	1
7.2307	1
1.6913	0
36.9903	0
3.3652	0
36.989	1
13.5157	1
30.4583	0
11.844	0
31.5498	1
39.9993	1
6.4074	0
33.0111	1
32.2191	1
36.989	1
100	1
32.2186	0
5.7936	0
39.9993	0
21.3157	1
4.8722	0
36.989	0
3.2527	0
36.9903	1
29.5872	0
26.992	1
4.9743	0
5.8695	0
2.159	0
39.9993	0
2.0661	0
29.2094	0
26.0233	0
4.3573	0
8.6964	1
3.5151	0
4.2482	0
3.7498	1
39.9993	1
39.9993	1
100	1
31.5498	1
35.2289	1
26.3853	1
100	1
35.2289	1
100	1
30.4583	1
3.025	0
3.8798	1
13.3115	0
17.8169	1
2.3031	0
23.5702	0
28.8618	0
12.4655	1
31.5498	1
33.9806	1
2.5201	0
5.9189	1
39.9993	1
10.3487	0
33.98	1
12.8556	0
33.9793	1
10.8494	0
8.8859	0
1.8924	0
4.6945	0
6.2159	0
2.9094	0
2.7565	0
2.0151	0
39.9993	1
13.0216	0
25.6892	1
9.4104	0
6.4547	0
8.5871	0
1.6658	0
32.2195	1
16.7597	0
33.98	1
32.2191	1
39.9993	1
39.9993	0
5.8747	0
12.0619	0
13.3576	0
13.3762	0
1.7223	0
25.5313	1
1.9784	0
35.2289	1
3.4754	0
6.6399	0
4.11	0
21.6823	0
21.6821	0
39.9993	1
39.9993	1
31.549	1
35.2289	1
31.5498	1
36.989	1
100	1
33.0111	1
36.989	0
30.0011	1
31.5498	1
4.0764	0
21.7465	0
33.0111	1
35.2289	1
16.1527	0
39.9993	1
39.9993	1
6.0193	0
2.1739	0
7.8092	0
33.0111	0
14.3933	0
3.3062	0
22.3718	1
2.1694	0
4.4299	0
35.2289	1
35.2289	1
35.2289	1
39.9993	1
100	1
33.9806	1
2.9302	0
1.7707	0
27.2146	0
29.5872	1
1.5385	0
7.2361	0
39.9993	0
3.837	0
100	0
36.989	1
39.9993	1
36.989	1
39.9993	1
7.4556	0
5.5445	0
16.3333	0
36.989	1
2.6225	0
26.3853	0
33.98	1
39.9993	1
39.9993	0
7.065	0
2.1527	0
1.4651	0
28.2406	1
6.4241	0
30.4586	1
100	1
10.5565	0
39.9993	1
39.9993	1
11.1103	0
39.9993	1
16.9259	0
3.5185	0
4.1086	0
7.6172	0
19.1849	0
12.7567	1
8.8637	0
1.5031	0
39.9993	1
21.8779	0
5.2859	0
39.9993	1
15.1759	0
14.221	0
39.9993	1
30.4586	1
26.992	0
28.862	0
1.8691	0
35.2289	1
39.9993	0
35.2289	1
27.6974	1
36.989	1
11.1534	0
39.9993	1
39.9993	0
35.2289	1
39.9993	1
22.372	1
7.202	0
4.9669	0
6.3252	0
33.98	1
29.2096	1
2.6678	0
36.989	0
30.0011	1
39.9993	1
100	1
24.0929	1
39.9993	1
2.2581	0
2.2032	0
1.8343	0
2.3752	0
2.485	0
1.3178	0
20.3253	0
32.2191	1
2.0392	0
4.3103	0
36.989	1
8.8136	1
2.7922	0
15.3484	0
39.9993	1
35.2289	1
39.9993	1
39.9993	1
33.0111	1
5.9323	0
26.3852	0
23.4698	0
33.98	1
36.989	1
100	1
3.168	0
39.9993	1
3.4717	0
1.3975	0
35.2289	1
19.7177	0
4.8946	0
32.2191	0
21.1433	1
100	1
100	1
18.8086	1
8.5699	0
100	1
39.9993	1
3.03	0
39.9993	1
100	1
2.7936	0
36.989	1
36.989	1
36.9903	1
32.2191	1
12.1642	0
26.78	1
30.97	1
2.5892	0
9.5602	0
32.2195	1
10.3357	0
7.7662	0
16.4075	0
3.1073	0
1.8184	0
3.6008	0
33.98	1
4.402	0
33.9806	0
6.3041	0
1.6916	0
21.8117	1
3.3544	1
100	0
9.6375	1
35.2289	1
2.136	0
2.3803	1
1.7406	1
5.2345	1
4.7883	0
17.6133	0
6.5116	0
17.9492	0
1.7421	0
35.2289	1
8.0538	1
3.5644	0
30.4586	1
1.6079	1
1.4858	0
2.2002	1
6.1796	0
4.5394	1
5.5831	1
17.2104	0
8.0408	0
2.1078	0
1.946	0
4.0062	0
33.0111	1
6.7217	0
3.4273	0
14.5852	0
20.1428	0
0	1
0	1
0	1
0	1
0	1
0	1
0	1
0	1
0	1
0	1
0	1
0	1
0	1
0	1
0	1
0	1
0	1
0	1
0	1
0	1
0	1
0	1
0	1
0	1
0	1
0	1
0	1
0	1
0	1
0	1
0	1
0	1
0	1
0	1
0	1
0	1
0	1
0	1
0	1
0	1
0	1
0	1
0	1
0	1
0	1
0	1
0	1
0	1
0	1
0	1
0	1
0	1
0	1
0	1
0	1
0	1
0	1
0	1
0	1
0	1
0	1
0	1
0	1
0	1
0	1
0	1
0	1
0	1
0	1
0	1
0	1
0	1
0	1
0	1
0	1
0	1
0	1
0	1
0	1
0	1
0	1
0	1
0	1
0	1
0	1
0	1
0	1
0	1
0	1
0	1
0	1
0	1
0	1
0	1
0	1
0	1
0	1
0	1
0	1
0	1
0	1
0	1
0	1
0	1
0	1
0	1
0	1
0	1
0	1
0	1
0	1
0	1
0	1
0	1
0	1
0	1
0	1
0	1
0	1
0	1
0	1
0	1
0	1
0	1
0	1
0	1
0	1
0	1
0	1
0	1
0	1
0	1
0	1
0	1
0	1
0	1
0	1
0	1
0	1
0	1
0	1
0	1
0	1
0	1
0	1
0	1
0	1
0	1
0	1
0	1
0	1
0	1
0	1
0	1
0	1
0	1
0	1
0	1
0	1
0	1
0	1
0	1
0	1
0	1
0	1
0	1
0	1
0	1
0	1
0	1
0	1
0	1
0	1
0	1
0	1
0	1
0	1
0	1
0	1
0	1
0	1
0	1
0	1
0	1
0	1
0	1
0	1
0	1
0	1
0	1
0	1
0	1
0	1
0	1
0	1
0	1
0	1
0	1
0	1
0	1
0	1
0	1
0	1
0	1
0	1
0	1
0	1
0	1
0	1
0	1
0	1
0	1
0	1
0	1
0	1
0	1
0	1
0	1
0	1
0	1
0	1
0	1
0	1
0	1
0	1
0	1
0	1
0	1
0	1
0	1
0	1
0	1
0	1
0	1
0	1
0	1
0	1
0	1
0	1
0	1
0	1
0	1
0	1
0	1
0	1
0	1
0	1
0	1
0	1
0	1
0	1
0	1
0	1
0	1
0	1
0	1
0	1
0	1
0	1
0	1
0	1
0	1
0	1
0	1
0	1
0	1
0	1
0	1
0	1
0	1
0	1
0	1
0	1
0	1
0	1
0	1
0	1
0	1
0	1
0	1
0	1
0	1
0	1
0	1
0	1
0	1
0	1
0	1
0	1
0	1
0	1
0	1
0	1
0	1
0	1
0	1
0	1
0	1
0	1
0	1
0	1
0	1
0	1
0	1
0	1
0	1
0	1
0	1
0	1
0	1
0	1
0	1
0	1
0	1
0	1
0	1
0	1
0	1
0	1
0	1
0	1
0	1
0	1
0	1
0	1
0	1
0	1
0	1
0	1
0	1
0	1
0	1
0	1
0	1
0	1
0	1
0	1
0	1
0	1
0	1
0	1
0	1
0	1
0	1
0	1
0	1
0	1
0	1
0	1
0	1
0	1
0	1
0	1
0	1
0	1
0	1
0	1
0	1
0	1
0	1
0	1
0	1
0	1
0	1
0	1
0	1
0	1
0	1
0	1
0	1
0	1
0	1
0	1
0	1
0	1
0	1
