4.31	0
7.61	0
12.31	0
4.40	0
19.51	0
47.62	0
3.61	0
4.58	0
3.17	0
3.52	0
65.46	0
3.73	0
7.00	0
4.82	0
33.57	0
4.44	0
3.25	0
29.82	0
3.23	0
3.68	0
6.79	0
4.34	0
4.28	0
53.36	0
4.73	0
4.69	0
6.09	0
6.09	0
6.12	0
6.14	0
5.60	0
6.12	0
6.15	0
5.21	0
16.11	0
4.29	0
22.00	0
3.42	0
5.62	0
5.01	0
3.29	0
28.69	0
33.15	1
3.07	0
54.03	0
74.37	0
40.92	1
6.76	0
6.15	0
30.83	0
3.70	0
14.87	0
5.49	0
70.13	0
22.34	0
3.34	0
43.84	1
54.10	0
34.28	0
9.51	0
3.92	0
28.32	0
4.18	0
4.36	0
3.31	0
29.13	1
4.85	0
3.14	0
3.23	0
3.56	0
5.92	0
3.22	0
3.83	0
11.78	0
4.16	0
4.21	0
4.30	0
7.68	0
4.19	0
4.85	0
12.49	0
3.91	0
3.54	0
5.68	0
92.46	0
14.52	0
5.30	0
3.77	0
3.37	0
5.61	0
5.56	0
5.38	0
5.35	0
5.33	0
40.39	1
49.51	1
3.32	0
3.81	0
4.15	0
19.41	0
20.23	0
5.33	0
13.81	0
13.81	0
3.34	0
3.51	0
4.26	0
10.00	0
5.32	0
7.57	0
3.18	0
16.20	0
7.30	0
4.10	0
5.88	0
5.98	0
4.67	0
36.09	1
34.12	0
4.23	0
5.73	0
3.32	0
4.84	0
3.22	0
5.47	0
14.75	0
60.73	1
25.72	0
11.61	0
23.47	0
43.04	0
7.92	0
4.10	0
4.50	0
37.11	0
3.34	0
3.32	0
3.38	0
4.53	0
43.48	0
5.97	0
8.12	0
39.93	0
4.00	0
4.11	0
6.96	0
6.96	0
57.80	0
6.09	0
3.17	0
3.79	0
46.63	0
3.07	0
109.41	0
5.79	0
3.84	0
4.40	0
3.31	0
3.19	0
8.44	0
60.82	1
4.43	0
124.64	0
54.11	1
4.89	0
4.49	0
5.02	0
58.03	0
13.74	0
18.08	0
7.56	0
11.12	0
11.21	0
11.21	0
10.98	0
12.06	0
4.05	0
3.07	0
3.79	0
11.60	0
3.30	0
3.48	0
4.22	0
34.26	1
81.83	0
3.64	0
3.66	0
3.49	0
3.49	0
3.53	0
4.92	0
8.41	0
7.03	0
4.08	0
6.55	0
3.64	0
4.62	0
4.27	0
110.56	1
3.60	0
91.02	0
12.72	0
6.03	0
3.94	0
57.88	0
5.52	0
16.02	0
5.20	0
105.29	1
30.24	1
4.23	0
34.81	0
49.12	0
5.64	0
5.17	0
4.36	0
9.73	0
11.16	0
3.08	0
4.73	0
5.55	0
7.70	0
24.71	0
3.60	0
4.73	0
39.40	1
3.35	0
3.60	0
3.06	0
3.28	0
6.34	0
26.47	1
36.00	0
3.02	0
3.87	0
3.15	0
9.35	1
4.81	0
4.07	0
16.04	0
14.81	0
4.60	0
6.12	0
6.70	0
3.30	0
3.04	0
9.42	0
7.89	0
3.30	0
3.75	0
3.96	0
4.31	0
3.50	0
5.37	0
22.99	0
10.83	0
3.06	0
5.43	0
3.28	0
4.39	0
6.32	0
4.26	0
3.72	0
32.79	1
3.37	0
7.05	0
7.84	0
8.14	0
4.13	0
4.27	0
32.33	1
3.13	0
36.78	0
5.71	0
5.70	0
17.41	0
4.24	0
3.88	0
3.56	0
29.72	0
3.86	0
3.91	0
7.60	0
3.37	0
5.31	0
10.99	0
107.32	0
6.98	0
122.43	1
122.90	0
87.29	0
45.19	1
8.79	0
121.01	0
83.62	1
3.00	0
18.72	0
3.09	0
3.28	0
3.71	0
3.70	0
18.42	0
4.18	0
5.81	0
5.57	0
5.23	0
5.30	0
5.28	0
4.59	0
4.13	0
3.12	0
3.20	0
4.72	0
4.43	0
3.05	0
4.51	0
3.12	0
4.86	0
4.57	0
3.18	0
3.31	0
10.64	0
4.29	0
4.18	0
4.57	0
4.34	0
6.09	0
6.15	0
31.15	0
5.80	0
5.81	0
5.80	0
4.10	0
5.54	0
14.24	0
5.26	0
3.09	0
4.95	0
4.72	1
11.22	0
12.14	0
11.27	0
8.96	0
3.82	0
4.14	0
3.06	0
3.79	0
3.90	0
3.92	0
14.04	0
13.78	0
14.43	0
3.95	0
3.44	0
70.42	0
6.14	0
13.37	0
14.16	1
36.25	0
4.14	0
4.38	0
3.03	0
76.45	0
7.57	0
11.61	0
11.61	0
9.38	0
4.22	0
3.15	0
7.71	0
7.73	0
3.26	0
14.80	0
3.84	0
3.36	0
3.62	0
4.16	0
3.67	0
20.18	0
4.78	0
3.56	0
5.76	0
5.87	0
5.72	0
6.02	0
5.98	0
3.11	0
3.37	0
3.04	0
3.19	0
5.25	0
11.53	0
4.80	0
7.21	0
19.01	0
23.77	1
17.62	0
3.74	0
106.74	1
3.19	0
3.69	0
3.69	0
4.05	0
5.90	0
56.93	1
31.42	0
8.28	0
5.61	0
3.43	0
82.28	0
5.01	0
10.38	0
10.67	0
10.76	0
3.12	0
4.20	0
3.02	0
6.90	0
3.50	0
11.16	0
3.72	0
3.88	0
76.68	0
5.18	0
14.07	0
3.31	0
3.68	0
4.90	0
37.08	1
3.80	0
3.84	0
3.71	0
3.49	0
43.06	0
3.03	0
3.02	0
83.56	1
7.38	0
34.47	0
3.40	0
3.46	0
10.84	0
4.49	0
135.58	1
23.02	0
95.80	0
3.25	0
10.38	0
64.14	0
4.78	0
11.23	0
6.25	0
7.99	0
29.22	1
3.32	0
4.72	0
3.96	0
60.04	1
4.10	0
3.64	0
32.42	0
7.01	0
3.95	0
10.43	0
5.74	0
3.02	0
14.45	1
86.57	1
3.02	0
3.24	0
76.96	1
14.36	1
5.79	0
73.16	0
11.77	0
27.78	0
11.26	0
11.04	0
6.05	0
100.84	1
7.85	0
5.30	0
5.31	0
5.31	0
30.20	0
4.13	0
16.02	0
3.66	0
4.37	0
24.25	0
4.40	0
44.78	1
5.26	0
5.21	0
3.71	0
5.94	0
4.20	0
4.15	0
4.20	0
4.18	0
4.15	0
71.61	1
5.90	0
6.21	0
23.25	0
14.50	0
68.74	0
3.17	0
15.17	0
13.88	0
3.17	0
4.35	0
4.67	0
4.60	0
5.40	0
66.60	0
62.18	0
8.55	0
67.98	0
3.15	0
5.58	0
17.45	0
17.50	0
73.24	1
3.86	0
4.47	0
4.41	0
10.65	0
10.87	0
10.61	0
20.19	0
69.88	1
58.67	0
22.27	0
7.88	0
4.54	0
9.03	0
4.59	0
4.13	0
4.06	0
4.03	0
3.99	0
4.13	0
42.64	0
26.83	0
11.71	0
8.17	0
7.94	0
7.11	0
5.67	0
3.01	0
3.30	0
34.88	0
3.37	0
4.53	0
14.35	0
73.83	0
3.07	0
6.61	0
76.24	0
5.66	0
3.36	0
5.51	0
5.41	0
5.37	0
8.75	0
5.83	0
7.80	0
7.77	0
14.27	0
4.69	0
4.52	0
3.60	0
5.68	0
3.29	0
66.15	0
42.94	0
5.37	0
26.46	0
5.81	0
5.83	0
5.90	0
11.04	0
3.28	0
4.64	0
3.33	0
92.04	1
3.44	0
3.01	0
25.96	0
69.14	0
3.01	0
16.75	0
4.32	0
3.27	0
7.86	0
11.12	0
3.54	0
3.09	0
5.61	0
3.34	0
5.41	0
29.62	1
38.96	0
3.01	0
5.83	0
14.31	0
3.39	0
3.17	0
7.24	0
4.29	0
3.06	0
3.18	0
7.59	0
87.11	1
5.41	0
3.86	0
3.71	0
110.33	1
3.62	0
7.10	0
3.10	0
8.23	0
3.86	0
64.15	0
19.50	1
3.33	0
10.97	1
4.55	0
9.05	0
6.72	0
5.22	0
5.83	0
5.88	0
5.90	0
4.52	0
3.79	0
11.29	0
28.56	0
6.25	0
42.89	1
9.47	0
14.11	0
24.82	0
5.07	0
8.62	0
39.58	0
3.08	0
3.32	0
124.14	1
4.86	0
22.53	0
41.67	0
60.95	1
66.40	1
3.33	0
29.59	1
12.16	0
11.06	0
10.97	0
115.01	1
47.42	1
53.06	0
5.75	0
19.28	0
9.96	0
7.45	0
4.62	0
5.78	0
9.60	0
9.59	0
96.02	1
4.11	0
4.89	0
3.02	0
3.26	0
17.46	1
4.19	0
5.87	0
5.87	0
5.17	0
7.88	1
3.06	0
92.36	1
5.56	0
12.04	0
10.12	0
3.69	0
3.63	0
13.90	0
13.77	0
4.43	0
3.87	0
3.66	0
11.11	0
11.11	0
3.69	0
3.67	0
16.04	0
6.94	0
28.10	1
7.04	0
5.82	0
4.91	0
5.02	0
86.66	0
14.31	0
24.60	0
24.33	1
3.77	0
7.78	0
61.14	1
16.98	0
21.61	1
10.97	0
10.97	0
4.68	0
96.36	1
92.65	0
9.52	0
30.85	0
3.21	0
102.15	1
3.76	0
3.87	0
24.15	1
4.88	0
5.54	0
58.89	0
4.32	0
3.49	0
6.21	0
3.14	0
3.11	0
3.32	0
3.37	0
3.17	0
4.23	0
9.29	0
28.80	1
3.86	0
35.57	0
3.73	0
119.40	0
57.48	0
4.02	0
3.30	0
3.18	0
28.87	0
6.62	0
3.02	0
3.04	0
9.32	1
97.05	0
67.94	1
4.81	0
3.77	0
5.27	0
32.97	1
7.40	0
7.36	0
4.10	0
15.80	0
5.63	0
9.16	0
9.57	0
17.85	0
33.04	1
4.37	0
45.61	1
4.37	0
62.20	0
35.97	1
5.43	0
5.54	0
5.48	0
5.48	0
5.46	0
56.16	0
5.36	1
5.48	0
5.47	0
5.56	0
5.90	0
4.25	0
3.65	0
3.03	0
4.11	0
26.47	0
11.52	0
5.42	0
5.40	0
5.40	0
5.40	0
4.00	0
5.29	0
3.73	0
16.04	0
11.32	0
25.32	1
3.99	0
8.36	0
3.61	0
98.55	0
16.60	0
3.28	0
14.40	1
3.02	0
6.04	0
3.75	0
5.62	0
25.82	0
14.41	1
11.62	0
33.39	0
3.97	0
4.64	0
3.58	0
3.46	0
42.97	0
3.75	0
25.79	0
55.65	0
3.47	0
107.44	1
11.20	0
4.37	0
14.81	0
5.89	0
3.31	0
88.52	1
5.41	0
43.40	0
5.38	0
7.27	0
4.22	0
3.72	0
7.92	0
11.46	0
47.80	0
4.60	0
4.39	0
4.25	0
3.86	0
5.70	0
5.65	0
5.82	0
5.80	0
111.52	1
3.11	0
28.07	0
5.51	0
5.52	0
108.61	1
3.25	0
3.12	0
3.10	0
3.08	0
4.69	0
3.19	0
3.35	0
95.49	0
40.65	0
4.35	0
83.56	0
3.88	0
3.99	0
3.92	0
44.76	0
7.21	0
4.04	0
8.05	0
8.02	0
7.99	0
8.13	0
7.95	0
7.52	0
58.92	0
6.42	0
4.57	0
3.34	0
4.14	0
92.54	1
54.64	0
4.34	0
7.65	0
8.29	0
5.84	0
15.73	0
6.67	0
4.46	0
64.55	0
5.73	0
4.36	0
4.35	0
3.83	0
7.33	0
89.15	0
18.30	0
4.60	0
4.15	0
4.19	0
4.25	0
98.80	0
4.03	0
23.22	0
7.39	0
4.31	0
7.69	0
43.24	0
6.35	0
3.13	0
73.02	0
5.88	0
5.98	0
14.70	0
14.64	0
4.36	0
8.36	0
3.06	0
3.17	0
47.13	0
4.26	0
3.44	0
4.51	0
3.81	0
44.12	1
4.17	0
5.71	0
36.80	0
5.68	0
5.81	0
9.32	1
3.08	0
4.30	0
6.09	0
77.16	0
6.61	0
44.58	0
33.08	0
11.47	0
6.56	0
6.71	0
3.19	0
80.53	0
21.23	0
25.07	0
30.31	1
3.04	0
3.88	0
5.21	0
3.06	0
4.31	0
3.95	0
3.84	0
5.44	0
6.27	0
116.12	0
78.06	1
6.37	0
42.83	1
5.54	0
5.52	0
28.61	0
49.73	0
14.12	0
18.85	0
4.02	0
7.59	0
20.60	0
5.83	0
45.22	0
5.15	0
43.56	0
3.66	0
49.94	1
3.63	0
5.72	0
5.80	0
19.20	0
46.32	1
4.71	0
14.58	0
32.78	1
9.32	0
34.00	0
13.58	0
4.34	0
6.74	0
4.06	0
5.89	0
3.54	0
3.35	0
18.94	0
18.57	0
16.35	0
15.94	0
64.25	1
55.04	0
3.01	0
3.80	0
19.72	0
11.94	1
40.94	0
7.61	0
3.85	0
3.73	0
4.00	0
26.63	0
7.44	0
10.33	0
21.32	0
21.27	0
21.33	0
14.14	0
14.14	0
23.40	1
4.01	0
67.13	1
3.57	0
22.82	1
29.66	1
3.97	0
11.74	1
3.73	0
72.89	1
48.29	1
5.56	0
3.32	0
3.09	0
4.16	0
8.00	0
4.04	0
14.02	0
3.23	0
3.09	0
61.78	0
4.05	0
5.15	0
27.33	0
4.60	0
72.09	1
11.26	1
19.55	0
3.51	0
16.71	0
4.50	0
4.28	0
79.59	0
4.06	0
4.06	0
11.10	0
3.07	0
3.22	0
8.20	0
5.15	0
5.15	0
16.65	1
107.36	1
3.09	0
15.05	0
3.28	0
5.72	0
5.74	0
5.68	0
40.62	0
56.63	0
4.99	0
5.00	0
13.38	0
9.23	0
107.78	1
111.79	1
8.45	0
3.28	0
3.42	0
14.35	1
60.84	1
3.68	0
5.89	0
5.92	0
3.02	0
7.64	0
6.71	0
6.70	0
6.25	0
7.71	0
5.60	0
7.66	0
3.22	0
29.20	0
4.04	0
3.84	0
3.81	0
3.95	0
3.78	0
3.63	0
3.98	0
12.06	0
3.60	0
3.79	0
14.06	0
13.98	0
14.39	0
10.01	0
71.02	0
12.62	0
12.71	0
20.84	0
13.80	0
4.01	0
7.40	0
20.27	0
6.90	0
6.88	0
6.91	0
6.93	0
5.34	0
34.91	0
3.69	0
3.67	0
14.37	0
6.83	0
61.98	0
40.45	1
5.18	0
3.05	0
11.48	0
6.05	0
14.36	0
3.68	0
3.55	0
5.68	0
41.64	0
21.04	0
11.62	0
16.76	0
3.66	0
3.14	0
18.97	0
4.68	0
4.40	0
4.08	0
13.91	0
3.03	0
4.11	0
14.25	0
10.33	0
7.20	0
5.63	0
86.81	0
4.52	0
22.92	0
12.38	0
3.77	0
19.36	0
3.35	0
4.36	0
26.20	1
5.40	0
50.82	1
3.71	0
41.03	0
3.22	0
107.37	0
13.85	0
8.43	0
15.67	1
4.86	0
20.57	1
7.89	0
3.61	0
67.90	0
3.65	0
33.68	0
17.20	0
3.97	0
3.30	0
68.09	1
40.19	0
26.68	0
7.17	0
3.35	0
19.29	0
14.11	0
3.33	0
4.28	0
3.12	0
4.17	0
84.02	1
17.57	1
25.82	0
30.95	1
3.49	0
3.59	0
4.49	0
4.50	0
4.50	0
4.71	0
3.50	0
65.10	1
7.10	0
3.27	0
3.01	0
85.02	0
4.42	0
100.58	0
11.66	0
11.66	0
3.45	0
7.68	0
4.72	0
5.68	0
5.72	0
5.70	0
3.43	0
121.21	1
3.17	0
32.39	0
80.26	0
61.62	1
25.04	1
4.26	0
88.02	1
6.72	0
3.77	0
38.88	1
3.92	0
82.24	0
31.38	0
21.94	1
32.73	0
4.49	0
28.51	1
17.03	1
7.35	0
19.25	0
6.83	0
8.63	0
3.71	0
4.19	0
36.63	1
56.46	1
5.68	0
112.20	0
5.45	0
5.42	0
5.40	0
14.17	1
3.84	0
3.63	0
4.56	0
5.92	0
5.95	0
5.54	0
5.58	0
5.67	0
5.67	0
5.66	0
3.78	0
29.88	0
3.04	0
31.40	0
3.07	0
44.54	1
14.57	1
44.21	1
33.39	1
5.47	0
23.33	0
7.33	0
4.55	0
5.51	0
9.69	0
14.11	0
9.54	0
13.65	0
3.94	0
4.49	0
3.82	0
4.06	0
10.38	0
4.44	0
4.46	0
4.23	0
4.79	0
5.06	0
5.54	0
109.12	0
3.68	0
3.63	0
5.81	0
5.38	0
65.78	0
23.43	1
7.26	0
4.09	0
17.79	0
52.94	0
8.39	0
8.72	0
7.14	0
8.38	0
3.82	0
4.15	0
40.63	0
11.48	0
15.27	0
5.09	0
3.49	0
7.46	0
20.45	0
13.36	0
5.36	0
8.29	0
6.41	0
4.62	0
22.74	0
87.74	0
5.16	0
4.10	0
3.91	0
4.23	0
60.96	0
45.64	0
47.45	1
3.52	0
11.27	0
24.20	1
5.16	0
6.18	0
94.57	0
72.66	1
6.32	0
61.43	0
20.65	0
21.71	0
7.36	0
6.29	0
7.33	0
7.33	0
4.11	0
5.76	0
5.72	0
3.03	0
52.30	0
36.53	1
89.71	0
90.17	1
32.67	0
5.74	0
4.35	0
58.46	0
6.28	0
8.91	0
3.02	0
60.45	1
5.00	0
3.63	0
7.30	0
10.27	0
143.03	0
4.39	0
3.75	0
3.40	0
5.54	0
5.53	0
5.53	0
62.98	0
119.79	1
27.94	0
7.55	0
4.62	0
3.74	0
3.43	0
25.20	0
4.43	0
7.60	0
7.42	0
4.09	0
43.07	0
3.73	0
14.01	0
4.06	0
3.62	0
3.66	0
3.82	0
14.75	0
14.88	0
14.82	0
7.16	0
3.62	0
3.98	0
3.80	0
4.13	0
17.51	0
6.91	0
3.82	0
5.39	0
8.21	0
8.23	0
3.44	0
6.57	0
6.81	0
7.17	0
10.25	0
10.09	0
10.39	0
11.40	0
4.71	0
62.04	0
3.03	0
4.10	0
3.63	0
32.32	0
28.23	0
103.29	1
4.67	0
4.30	0
4.32	0
4.60	0
4.27	0
4.24	0
3.53	0
4.23	0
7.05	0
3.18	0
13.33	0
3.96	0
3.59	0
3.61	0
3.01	0
3.05	0
4.19	0
4.47	0
3.27	0
7.07	0
3.43	0
4.49	0
26.50	1
35.68	0
74.88	0
4.56	0
17.13	0
5.76	0
4.09	0
3.59	0
3.95	0
6.89	0
6.91	0
5.94	0
14.57	0
8.52	0
4.28	0
29.76	0
23.85	0
21.58	0
39.24	0
35.56	0
14.31	0
32.15	0
3.69	0
3.13	0
9.51	1
31.90	0
49.90	0
4.43	0
7.92	0
4.69	0
11.11	0
3.14	0
3.18	0
5.65	0
3.97	0
3.97	0
3.95	0
4.48	0
4.67	0
13.98	0
5.68	0
4.57	0
4.43	0
3.14	0
8.35	0
4.27	0
4.60	0
25.72	0
4.88	0
81.87	1
12.80	0
16.82	0
11.72	0
3.68	0
3.44	0
6.69	0
28.86	1
8.20	0
3.26	0
9.82	0
50.15	0
5.38	0
4.10	0
47.32	0
4.08	0
7.85	0
3.21	0
3.89	0
5.35	0
7.38	0
3.14	0
19.11	0
3.73	0
19.11	0
4.35	0
4.34	0
3.15	0
9.07	0
3.48	0
40.42	0
90.89	1
4.47	0
9.19	0
8.88	0
8.85	0
5.71	0
5.99	0
6.91	0
3.82	0
5.32	0
4.39	0
4.37	0
103.47	1
4.35	0
4.45	0
50.83	0
19.02	1
6.23	0
4.56	0
10.58	0
89.71	1
63.88	1
4.39	0
3.65	0
3.33	0
4.76	0
5.57	0
5.56	0
4.07	0
8.68	0
90.88	1
8.61	0
32.16	0
38.48	0
28.45	0
14.12	0
13.72	0
3.77	0
3.82	0
3.82	0
4.26	0
3.17	0
3.01	0
3.55	0
5.56	0
6.90	0
3.34	0
21.46	0
7.03	0
7.11	0
7.11	0
4.44	0
4.44	0
84.19	1
3.64	0
3.17	0
76.79	1
26.88	0
3.06	0
3.97	0
5.48	0
5.45	0
5.37	0
5.43	0
3.30	0
3.73	0
3.86	0
3.89	0
4.06	0
112.25	1
3.51	0
29.68	0
3.04	0
5.62	0
5.59	0
5.56	0
21.83	0
72.20	1
4.38	0
3.14	0
78.03	0
13.50	0
4.45	0
5.01	0
4.96	0
4.25	0
4.12	0
4.17	0
4.38	0
11.01	1
26.19	0
7.52	0
3.90	0
8.13	0
4.43	0
3.35	0
53.91	0
3.98	0
7.79	0
6.34	0
3.59	0
7.43	0
30.92	0
3.10	0
8.07	0
4.55	0
57.48	0
37.98	0
4.18	0
5.63	0
3.98	0
3.14	0
5.76	0
5.76	0
5.79	0
25.51	1
4.48	0
3.22	0
3.42	0
6.14	0
3.26	0
5.01	0
7.50	0
7.33	0
4.26	0
12.67	0
12.77	0
24.14	0
11.13	0
4.33	0
3.00	0
4.63	0
5.51	0
8.82	0
7.99	0
22.81	1
4.17	0
10.55	0
4.53	0
3.02	0
25.08	0
3.20	0
4.12	0
4.08	0
3.13	0
3.10	0
4.09	0
3.42	0
5.98	0
71.95	1
42.96	0
8.40	0
8.74	0
8.77	0
3.16	0
28.65	0
4.30	0
20.08	0
4.23	0
4.16	0
5.13	0
5.64	0
5.60	0
5.62	0
5.62	0
14.09	0
3.07	0
5.85	0
38.03	1
4.14	0
49.40	0
73.34	1
11.07	1
32.43	0
3.04	0
3.16	0
98.82	0
12.98	1
11.48	0
80.19	1
4.61	0
5.40	0
11.18	0
8.39	0
4.20	0
28.81	0
3.57	0
7.33	0
20.75	0
8.18	0
8.08	0
8.23	0
47.84	0
7.46	0
3.30	0
40.76	0
24.66	0
66.82	1
53.75	0
42.42	0
11.01	1
3.51	0
4.29	0
111.11	1
4.10	0
12.48	0
11.26	0
11.00	0
3.14	0
5.45	0
29.52	1
5.74	0
5.00	0
5.95	0
3.88	0
80.25	0
3.69	0
66.64	0
4.78	0
4.43	0
22.93	0
5.27	0
35.28	0
72.53	0
33.39	0
11.07	0
4.33	0
69.96	1
4.06	0
5.54	0
7.40	0
4.05	0
3.99	0
4.97	0
5.50	0
4.02	0
27.23	0
5.29	0
25.21	0
3.10	0
5.56	0
3.44	0
17.99	0
37.05	1
4.74	0
4.70	0
3.40	0
5.85	0
3.40	0
68.74	1
3.74	0
94.15	0
4.00	0
24.19	0
62.95	1
14.41	1
5.52	0
18.98	0
19.20	0
3.71	0
4.09	0
4.71	0
3.68	0
3.22	0
43.21	0
43.94	0
43.94	0
3.20	0
5.73	0
4.37	0
4.36	0
3.00	0
72.00	1
7.96	0
6.05	0
3.11	0
3.52	0
5.68	0
3.49	0
92.47	1
3.49	0
4.70	0
4.01	0
13.79	0
4.07	0
32.37	0
87.13	1
5.72	0
4.57	0
3.70	0
8.98	0
96.42	1
58.28	0
56.60	0
6.06	0
3.04	0
4.74	0
9.48	0
17.26	1
5.13	0
69.78	0
3.09	0
3.92	0
5.91	0
8.21	0
89.04	1
4.61	0
9.42	0
6.73	0
27.75	0
9.96	0
3.16	0
3.82	0
3.53	0
3.76	0
52.05	0
40.45	0
14.41	0
13.72	0
3.35	0
4.33	0
4.41	0
3.21	0
3.46	0
3.63	0
3.49	0
127.41	1
4.96	0
10.42	1
6.40	0
22.35	0
4.11	0
3.96	0
5.43	0
4.97	0
3.94	0
114.84	1
14.24	0
4.93	0
3.01	0
3.61	0
7.27	0
3.55	0
65.33	0
50.15	0
3.89	0
9.15	0
4.42	0
8.60	0
4.74	0
50.49	0
58.22	0
17.40	0
3.11	0
5.44	0
97.83	1
76.29	0
6.41	0
5.56	0
5.63	0
5.70	0
3.38	0
5.78	0
5.83	0
5.83	0
35.91	1
6.56	0
4.03	0
7.39	0
4.20	0
4.20	0
4.31	0
4.95	0
67.40	1
3.60	0
6.32	0
24.47	0
17.35	0
4.00	0
42.91	0
3.60	0
11.11	0
103.81	1
9.60	0
6.79	0
3.32	0
11.35	0
4.37	0
3.22	0
7.80	0
4.52	0
6.30	0
6.18	0
5.00	0
5.92	0
5.90	0
5.95	0
4.12	0
76.62	1
6.84	0
4.25	0
3.22	0
36.18	0
8.19	0
3.51	0
5.24	0
16.47	0
57.96	0
31.85	0
5.58	0
3.08	0
67.98	0
3.16	0
43.27	0
4.86	0
4.98	0
5.63	0
5.63	0
4.52	0
5.51	0
4.63	0
3.96	0
4.59	0
14.19	1
4.62	0
5.18	0
3.18	0
25.18	1
34.98	0
9.10	1
4.23	0
4.04	0
6.36	0
43.10	0
5.62	0
5.61	0
4.30	0
19.08	0
24.00	0
4.15	0
6.01	0
57.43	1
36.48	0
4.38	0
3.80	0
3.80	0
3.86	0
3.92	0
3.84	0
3.12	0
3.95	0
11.20	0
5.34	0
14.44	0
3.70	0
51.04	0
5.12	0
43.42	1
19.16	0
6.45	0
4.06	0
12.86	0
3.66	0
6.86	0
6.38	0
3.03	0
5.73	0
3.15	0
9.50	0
23.60	0
4.84	0
60.87	0
3.98	0
45.19	0
47.18	0
3.57	0
9.46	0
3.16	0
4.06	0
25.75	1
17.97	0
105.82	1
60.08	0
3.23	0
45.73	0
3.93	0
24.98	0
7.92	0
6.11	0
4.00	0
4.58	0
4.75	0
79.10	1
80.94	0
34.80	0
3.91	0
13.50	0
17.32	0
4.09	0
17.11	0
23.61	0
4.10	0
4.49	0
4.52	0
4.33	0
14.52	0
8.31	0
3.53	0
5.03	0
5.07	0
4.27	0
93.20	0
3.60	0
6.05	0
131.27	1
5.58	0
5.67	0
4.63	0
4.78	0
5.33	0
31.30	0
11.11	1
3.68	0
19.64	0
4.86	0
3.10	0
14.27	1
3.84	0
3.66	0
24.58	0
11.20	0
14.47	0
11.27	0
11.37	0
5.76	0
20.03	0
4.36	0
4.16	0
3.68	0
30.64	0
11.76	1
4.67	0
3.80	0
4.29	0
21.35	0
44.09	0
4.34	0
5.39	0
8.19	0
3.85	0
5.79	0
64.72	1
4.18	0
3.78	0
33.77	0
12.08	0
4.32	0
21.97	0
3.26	0
3.67	0
54.81	0
4.25	0
11.45	1
5.79	0
6.03	0
5.98	0
24.62	0
6.32	0
4.40	0
7.08	0
4.39	0
3.13	0
3.34	0
5.33	0
4.26	0
4.26	0
75.51	0
43.08	1
51.24	1
4.37	0
38.72	1
4.38	1
3.67	0
3.20	0
69.27	1
4.72	0
5.22	0
7.36	0
7.36	0
3.68	0
3.50	0
4.30	0
3.10	0
84.65	0
3.07	0
13.67	0
5.43	0
8.48	0
11.21	1
22.15	1
3.03	0
12.04	1
3.45	0
15.76	0
8.77	0
11.12	0
96.24	1
4.46	0
26.19	0
3.31	0
5.18	0
15.22	0
29.68	1
5.34	0
3.09	0
5.03	0
6.98	0
18.67	0
75.59	0
7.97	0
35.74	0
3.80	0
4.05	0
4.05	0
4.05	0
4.15	0
4.12	0
4.10	0
4.10	0
4.10	0
4.08	0
4.10	0
4.10	0
4.17	0
41.96	0
6.82	0
6.47	0
7.85	0
7.73	0
3.06	0
14.23	0
54.50	0
11.36	0
62.54	0
60.66	0
4.09	0
8.28	0
3.21	0
31.47	0
4.37	0
3.64	0
3.03	0
5.72	0
38.39	1
3.25	0
3.61	0
51.19	1
53.57	0
5.63	0
98.90	0
3.23	0
4.90	0
3.03	0
14.35	0
10.92	0
5.48	0
5.54	0
6.20	0
3.15	0
67.59	0
3.81	0
7.09	0
4.16	0
49.09	0
3.52	0
11.20	0
4.64	0
4.00	0
4.53	0
4.79	0
13.83	0
7.54	0
29.79	0
7.53	0
7.57	0
7.54	0
8.52	0
90.25	0
3.13	0
3.21	0
10.49	0
5.72	0
20.59	0
3.61	0
91.55	0
4.16	0
3.15	0
24.87	0
6.54	0
5.64	0
6.19	0
3.88	0
3.88	0
3.88	0
3.25	0
4.18	0
6.91	0
13.49	0
7.23	0
7.22	0
4.14	0
5.58	0
32.91	1
3.04	0
28.39	1
4.05	0
4.49	0
4.34	0
4.13	0
87.54	1
5.05	0
6.47	0
3.21	0
3.93	0
3.72	0
3.50	0
75.54	1
3.86	0
3.37	0
3.01	0
5.13	0
4.75	0
3.37	0
3.82	0
9.51	0
3.90	0
73.38	1
11.06	0
4.26	0
69.29	1
3.03	0
4.47	0
3.18	0
4.93	0
3.64	0
7.75	0
36.89	0
9.68	0
9.21	0
9.40	0
70.94	0
18.70	0
20.61	0
37.09	0
6.54	0
3.36	0
3.35	0
3.26	0
64.11	0
4.34	0
16.91	0
54.51	1
28.49	1
6.09	0
12.59	0
4.23	0
8.03	0
8.25	0
7.10	0
6.39	0
5.74	0
6.74	0
40.67	1
6.91	0
32.90	0
33.34	0
5.51	0
60.60	0
47.99	0
16.45	1
46.60	1
43.01	1
22.78	0
3.19	0
3.09	0
4.61	0
11.01	0
5.80	0
4.14	0
3.69	0
6.23	0
4.80	0
7.33	0
4.34	0
4.34	0
3.24	0
4.18	0
4.18	0
7.27	0
5.78	0
88.68	0
77.37	1
65.30	1
59.13	0
3.74	0
7.15	0
7.16	0
30.88	0
11.16	0
3.11	0
7.88	0
4.38	0
11.14	0
8.54	0
53.34	0
68.75	0
6.12	0
8.84	0
10.21	0
3.16	0
29.25	0
103.78	0
3.33	0
65.46	0
8.13	0
8.43	0
8.32	0
3.90	0
129.43	1
3.07	0
4.07	0
3.07	0
8.06	0
5.23	0
25.45	1
3.73	0
29.12	0
3.87	0
23.44	0
10.95	0
4.98	0
3.01	0
7.43	0
3.22	0
4.02	0
4.04	0
4.80	0
8.40	0
60.47	0
3.30	0
4.79	0
89.88	0
4.99	0
106.51	1
4.13	0
14.16	1
60.07	0
5.92	0
5.98	0
4.02	0
7.68	0
3.04	0
3.63	0
13.36	0
29.96	0
6.71	0
14.31	0
14.07	0
61.48	0
3.17	0
142.69	1
5.86	0
4.55	0
5.49	0
5.53	0
3.45	0
4.02	0
5.91	0
16.26	1
13.80	0
4.35	0
3.29	0
11.50	0
5.64	0
3.07	0
3.05	0
3.65	0
34.71	1
3.29	0
7.97	0
19.30	1
3.70	0
3.10	0
29.99	0
6.06	0
11.24	0
7.07	0
5.39	0
20.73	0
3.83	0
15.64	0
40.66	0
11.46	0
6.77	0
6.00	0
11.05	0
4.69	0
3.22	0
31.23	0
5.69	0
79.42	1
11.65	0
16.29	0
33.26	1
5.72	0
5.83	0
5.81	0
5.85	0
5.85	0
5.61	0
86.70	1
61.88	0
57.23	1
46.21	0
10.89	0
4.20	0
3.07	0
12.65	0
5.71	0
3.60	0
84.53	0
3.25	0
4.10	0
4.01	0
8.65	0
124.07	1
74.93	0
61.16	0
9.90	0
47.65	0
3.56	0
3.07	0
11.09	0
36.71	0
83.97	1
3.80	0
4.38	0
80.82	0
39.58	0
24.44	0
19.40	1
88.23	1
46.89	0
55.29	1
10.40	0
5.14	0
4.21	0
35.72	0
4.53	0
6.31	0
3.05	0
70.76	0
71.55	0
35.99	0
10.53	0
5.88	0
4.25	0
6.64	0
4.08	0
4.38	0
3.06	0
16.58	0
5.95	0
6.02	0
10.85	0
5.39	0
3.91	0
98.93	1
26.50	0
13.05	1
3.04	0
3.88	0
6.06	0
3.67	0
11.60	0
3.24	0
5.91	0
6.03	0
6.03	0
33.56	0
4.87	0
4.55	0
50.81	0
66.04	0
53.62	1
3.18	0
7.47	0
7.24	0
3.28	0
22.89	0
84.63	0
5.56	0
94.58	1
4.16	0
10.35	0
3.34	0
4.61	0
5.56	0
7.40	0
4.73	0
5.00	0
4.05	0
62.36	0
4.08	0
3.23	0
3.91	0
7.97	0
4.86	0
4.86	0
4.86	0
4.59	0
4.06	0
4.12	0
4.89	0
4.45	0
3.50	0
3.09	0
12.59	0
7.60	0
7.54	0
7.33	0
10.68	0
7.04	0
6.99	0
6.89	0
6.84	0
6.93	0
9.27	0
19.05	0
23.34	0
23.61	0
10.04	0
6.88	0
4.10	0
4.10	0
3.80	0
3.41	0
7.09	0
7.71	0
8.03	0
3.87	0
7.01	0
3.90	0
8.46	0
8.23	0
8.08	0
9.32	0
7.69	0
4.63	0
3.51	0
4.75	0
4.75	0
5.00	0
36.16	0
51.81	0
4.49	0
3.26	0
5.03	0
5.03	0
5.15	0
4.05	0
63.65	0
64.02	0
5.28	0
50.40	0
4.74	0
7.60	0
39.25	0
3.76	0
7.54	0
10.41	0
3.04	0
3.51	0
4.52	0
3.06	0
5.06	0
14.41	0
3.21	0
40.97	1
43.67	0
3.12	0
61.56	0
19.18	0
4.12	0
4.35	0
4.34	0
5.71	0
5.72	0
4.21	0
8.54	0
3.24	0
28.31	0
4.04	0
7.54	1
5.68	0
5.68	0
3.93	0
3.77	0
5.58	0
4.07	0
4.07	0
4.10	0
7.46	0
6.79	0
7.68	0
7.64	0
3.78	0
5.98	0
5.90	0
27.51	0
48.64	0
3.49	0
21.80	0
57.93	0
25.63	0
5.34	0
11.73	0
31.66	0
4.14	0
3.11	0
6.13	0
7.67	0
4.25	0
19.05	0
3.44	0
22.29	0
5.53	0
5.50	0
5.50	0
5.47	0
5.42	0
5.42	0
47.76	0
16.41	0
3.39	0
3.71	0
80.57	1
3.91	0
7.35	0
8.83	0
22.15	0
3.11	0
17.08	0
3.25	0
5.17	0
46.78	1
10.70	0
12.38	0
47.22	1
42.97	0
3.56	0
97.60	1
3.24	0
4.78	0
78.01	0
4.13	0
88.33	0
5.09	0
6.38	0
50.36	1
4.31	0
4.43	0
4.34	0
31.45	0
3.77	0
4.37	0
4.31	0
26.47	1
7.32	0
4.10	0
10.44	0
8.84	0
8.09	0
4.98	0
5.78	0
141.33	0
3.29	0
12.16	0
12.16	0
9.57	0
3.10	0
33.86	0
24.92	0
3.03	0
8.86	0
17.44	0
3.21	0
22.20	0
3.54	0
3.00	0
39.53	0
4.52	0
32.48	1
4.37	0
3.24	0
3.05	0
4.52	0
4.14	0
3.21	0
5.60	0
5.59	0
3.48	0
38.81	1
5.31	0
5.25	0
5.78	0
65.46	1
3.03	0
3.03	0
5.25	0
8.13	0
11.02	0
4.25	0
6.85	0
3.28	0
48.91	1
4.21	0
18.59	0
11.09	0
4.24	0
56.31	0
9.30	0
3.10	0
73.04	0
9.24	1
8.37	0
15.95	0
4.73	0
26.50	0
4.11	0
4.78	0
75.21	0
3.30	0
11.20	0
28.22	0
108.03	1
3.19	0
3.09	0
32.69	1
24.50	0
3.37	0
3.56	0
5.48	0
24.74	0
6.10	0
3.17	0
3.04	0
3.95	0
4.59	0
122.18	1
7.00	0
14.02	1
5.78	0
5.74	0
29.77	1
11.15	0
7.43	0
4.18	0
5.96	0
7.20	0
7.09	0
91.78	1
4.70	0
3.73	0
8.01	0
3.05	0
4.15	0
4.40	0
3.47	0
9.43	1
3.58	0
4.08	0
10.75	0
3.99	0
87.73	1
3.15	0
10.19	0
25.50	0
24.73	0
4.31	0
3.74	0
4.93	0
3.15	0
3.51	0
3.21	0
3.13	0
5.01	0
3.48	0
5.01	0
4.89	0
3.33	0
4.51	0
5.64	0
36.64	1
73.34	1
5.18	0
32.53	0
36.29	0
10.43	0
3.72	0
13.14	0
8.12	0
5.85	0
5.82	0
5.76	0
3.18	0
9.54	0
8.23	0
4.68	0
4.95	0
90.92	1
35.20	1
9.78	0
4.42	0
9.04	0
16.60	0
7.45	0
10.48	1
3.04	0
3.86	0
23.60	0
4.92	0
22.81	0
6.51	0
4.38	0
93.45	0
46.72	0
92.22	1
24.58	0
4.13	0
4.13	0
4.26	0
12.24	0
18.95	0
25.72	1
3.59	0
5.65	0
5.61	0
5.61	0
31.32	0
3.85	0
5.66	0
51.49	0
4.56	0
4.24	0
3.51	0
14.55	1
119.44	1
9.92	0
20.69	0
51.19	1
5.72	0
3.32	0
3.15	0
4.68	0
9.09	0
9.02	0
9.06	0
9.03	0
5.79	0
5.83	0
84.13	1
4.01	0
52.77	1
36.37	0
22.34	1
39.97	1
3.35	0
14.88	0
3.79	0
3.59	0
6.68	0
6.38	0
6.15	0
3.49	0
3.22	0
11.31	1
3.00	0
78.17	0
5.51	0
4.68	0
5.57	0
3.23	0
8.13	0
16.42	1
3.09	0
6.05	0
75.67	1
50.29	0
3.48	0
20.87	0
29.97	0
3.37	0
72.69	1
5.42	0
4.52	0
5.95	0
4.86	0
3.61	0
3.62	0
5.25	0
80.45	0
7.89	0
15.00	0
15.14	0
18.75	0
22.38	0
22.21	0
21.82	0
4.15	0
3.90	0
3.93	0
5.03	0
5.95	0
5.59	0
47.19	0
12.14	0
3.01	0
4.10	0
3.99	0
7.73	0
5.02	0
3.17	0
4.18	0
4.18	0
4.20	0
4.23	0
53.88	1
4.14	0
7.74	0
4.50	0
4.63	0
4.03	0
8.13	0
48.39	1
7.44	0
70.39	0
5.55	0
5.81	0
3.62	0
5.68	0
7.35	0
7.35	0
10.28	0
63.14	0
12.27	0
4.89	0
26.49	1
8.42	0
7.52	0
32.85	0
11.70	0
11.70	0
18.65	0
7.68	0
7.64	0
11.34	0
11.11	0
8.12	0
8.08	0
8.27	0
8.10	0
4.41	0
4.41	0
8.04	0
4.80	0
4.80	0
17.78	0
4.31	0
10.69	0
10.99	0
4.18	0
10.99	0
4.00	0
10.96	0
4.24	0
4.24	0
3.26	0
6.03	0
4.55	0
4.75	0
8.19	0
5.87	0
8.13	0
8.34	0
8.34	0
4.87	0
67.90	1
40.43	0
4.47	0
4.70	0
6.76	0
54.91	0
11.99	0
12.93	0
6.35	0
6.35	0
3.04	0
4.10	0
3.67	0
4.96	0
4.93	0
3.24	0
4.98	0
5.10	0
14.27	0
3.14	0
68.89	1
5.87	0
20.92	0
14.86	0
4.18	0
7.43	0
22.38	0
3.62	0
4.07	0
3.09	0
6.36	0
3.41	0
3.00	0
5.18	0
3.06	0
7.59	0
57.79	0
7.03	0
10.34	0
4.63	0
3.11	0
3.86	0
31.36	0
3.99	0
7.35	0
3.12	0
5.76	0
5.70	0
7.18	0
10.62	0
10.68	0
10.76	0
3.61	0
7.71	0
28.74	1
4.60	0
4.03	0
3.96	0
3.90	0
3.90	0
13.89	0
3.99	0
3.99	0
6.70	0
15.53	0
40.48	0
6.64	0
3.93	0
3.64	0
3.40	0
3.37	0
3.75	0
6.78	0
5.86	0
6.27	0
48.62	0
3.23	0
21.93	0
3.39	0
6.51	0
3.08	0
18.11	0
77.81	0
6.06	0
4.51	0
7.92	0
8.16	0
5.49	0
3.18	0
4.50	0
42.84	1
4.85	0
4.31	0
4.13	0
53.03	0
4.79	0
4.65	0
4.38	0
3.48	0
5.21	0
9.04	0
7.36	0
7.36	0
5.55	0
5.73	0
5.66	0
5.57	0
16.55	0
29.89	0
3.11	0
3.20	0
4.08	0
24.69	0
5.33	0
14.20	0
39.52	0
97.10	0
11.01	0
70.79	0
4.26	0
8.38	0
14.50	0
7.23	0
5.74	0
6.32	0
6.88	0
4.05	0
10.18	0
6.06	0
6.06	0
6.12	0
7.54	0
4.53	0
6.17	0
44.77	0
19.35	0
41.06	0
3.95	0
4.99	0
4.96	0
3.27	0
3.41	0
3.88	0
4.24	0
4.19	0
34.73	0
80.77	1
5.70	0
5.70	0
6.03	0
5.74	0
4.86	0
12.97	0
29.15	1
7.43	0
7.46	0
3.75	0
3.32	0
3.55	0
30.14	0
5.85	0
4.45	0
7.04	0
7.04	0
7.15	0
7.18	0
50.83	0
4.22	0
5.62	0
5.61	0
3.12	0
4.79	0
3.82	0
3.63	0
3.96	0
42.08	0
5.52	0
5.51	0
8.86	0
3.23	0
3.19	0
4.23	0
3.64	0
4.72	0
3.32	0
3.83	0
3.10	0
3.24	0
3.12	0
5.00	0
5.79	0
5.87	0
42.61	0
21.96	0
5.80	0
46.11	1
63.89	1
7.23	0
3.59	0
39.47	0
10.85	0
61.59	0
4.37	0
36.57	0
10.73	0
4.76	0
3.20	0
18.62	0
6.08	0
8.32	0
7.41	0
3.09	0
5.51	0
3.61	0
57.40	0
8.48	0
17.42	0
78.21	1
5.84	0
5.84	0
5.80	0
5.77	0
4.45	0
46.46	0
36.67	0
47.32	0
7.46	0
3.20	0
3.01	0
3.24	0
5.83	0
55.09	1
4.75	0
3.85	0
11.85	1
25.21	0
3.66	0
9.27	0
5.87	0
4.19	0
4.41	0
5.16	0
4.00	0
3.25	0
5.34	0
6.61	0
10.07	0
5.48	0
5.50	0
4.74	0
80.90	1
3.95	0
7.21	0
5.65	0
5.70	0
5.68	0
3.96	0
5.98	0
5.88	0
3.27	0
3.82	0
5.73	0
26.16	0
15.95	0
3.35	0
5.74	0
5.54	0
5.57	0
5.83	0
5.81	0
5.84	0
54.48	0
34.14	0
5.72	0
61.96	1
4.06	0
3.55	0
3.53	0
3.41	0
3.43	0
4.25	0
14.48	1
13.78	0
3.40	0
4.40	0
7.18	0
3.77	0
10.52	0
3.98	0
6.08	0
3.17	0
4.10	0
3.96	0
8.23	0
7.94	0
3.95	0
6.60	0
4.31	0
12.92	0
3.43	0
5.86	0
3.59	0
4.33	0
4.33	0
3.09	0
3.96	0
56.75	1
10.88	0
3.54	0
3.01	0
7.79	0
48.80	1
15.95	0
71.55	0
3.76	0
6.07	0
4.56	0
33.10	0
4.61	0
36.31	0
8.93	0
5.82	0
3.89	0
3.01	0
26.71	0
36.78	0
62.98	1
45.20	0
14.76	0
3.11	0
28.84	0
3.16	0
4.52	0
126.63	0
3.77	0
65.32	0
3.91	0
3.58	0
5.76	0
5.67	0
4.65	0
29.47	1
44.57	0
6.72	1
39.77	0
3.49	0
42.95	0
3.47	0
3.44	0
26.80	0
34.44	0
6.81	0
6.86	0
5.97	0
22.03	0
5.87	0
10.18	0
10.12	0
10.00	0
3.09	0
4.66	0
40.50	0
5.43	0
5.28	0
4.29	0
4.30	0
7.89	1
5.76	0
4.22	0
8.45	0
6.95	0
6.93	0
6.77	0
54.66	0
9.47	0
3.14	0
5.10	0
7.53	0
101.85	1
3.34	0
63.75	1
3.00	0
4.33	0
3.24	0
39.09	0
85.01	1
3.02	0
8.57	0
64.99	0
19.51	1
76.40	0
3.20	0
3.15	0
5.55	0
3.93	0
4.41	0
4.05	0
5.08	0
3.55	0
3.72	0
5.72	0
14.46	0
25.32	0
3.48	0
5.72	0
3.41	0
14.16	0
50.06	0
4.20	0
13.01	0
72.75	1
45.68	0
25.17	1
3.32	0
4.65	0
4.86	0
5.35	0
3.61	0
19.63	0
5.88	0
48.86	0
33.07	1
16.16	0
14.27	1
5.77	0
3.79	0
22.70	1
5.80	0
5.70	0
3.07	0
6.79	0
4.41	0
3.04	0
10.50	0
90.58	1
6.35	0
10.20	0
3.61	0
3.43	0
4.45	0
4.43	0
3.96	0
12.15	0
5.76	0
5.76	0
34.57	1
34.47	1
14.04	0
14.18	0
14.33	0
14.08	0
7.69	0
11.14	0
4.38	0
11.21	0
5.71	0
5.77	0
5.75	0
5.84	0
5.81	0
4.83	0
3.96	0
8.42	0
7.43	0
56.68	0
4.37	0
4.38	0
3.21	0
5.23	0
62.19	1
11.29	0
3.42	0
68.58	0
4.19	0
5.92	0
3.12	0
22.67	1
6.99	0
3.44	0
4.08	0
17.38	0
4.64	0
3.46	0
5.43	0
3.58	0
106.43	1
3.13	0
5.62	0
3.01	0
84.42	1
4.54	0
4.62	0
3.60	0
3.52	0
7.63	0
5.54	0
44.31	0
49.55	0
3.03	0
38.71	0
24.83	0
14.30	0
4.03	0
87.05	1
6.20	0
6.21	0
11.38	0
5.68	0
4.22	0
4.71	0
36.28	1
4.80	0
3.30	0
4.43	0
4.43	0
4.46	0
4.50	0
29.76	0
4.74	0
4.75	0
3.96	0
3.94	0
4.12	0
4.87	0
65.07	0
4.82	0
3.40	0
5.76	0
5.76	0
4.46	0
27.45	1
3.16	0
3.02	0
3.27	0
3.04	0
4.33	0
78.05	1
5.88	0
5.10	0
4.36	0
45.58	0
5.77	0
4.18	0
57.96	1
5.77	0
8.85	0
3.78	0
9.75	0
46.14	0
3.89	0
3.12	0
4.30	0
6.09	0
4.28	0
5.84	0
5.74	0
5.72	0
3.10	0
21.53	0
3.47	0
3.94	0
3.00	0
118.58	0
5.88	0
5.90	0
3.35	0
5.77	0
3.94	0
4.24	0
80.40	1
31.32	1
3.47	0
33.37	1
26.20	1
60.45	0
3.11	0
14.57	0
56.09	1
41.60	0
8.24	0
41.20	0
7.54	0
3.49	0
63.70	0
5.56	0
5.59	0
5.68	0
17.34	1
3.47	0
5.20	0
3.94	0
3.19	0
3.40	0
4.34	0
5.11	0
5.24	0
5.29	0
5.33	0
4.40	0
3.76	0
32.23	0
3.32	0
60.92	1
90.47	1
4.09	0
3.26	0
4.79	0
4.25	0
3.45	0
3.55	0
9.86	0
32.96	0
4.78	0
7.36	0
4.53	0
62.57	0
11.41	1
14.36	1
33.07	1
3.28	0
80.35	1
80.65	1
3.24	0
3.25	0
11.59	0
3.39	0
3.37	0
3.96	0
17.27	0
33.33	0
4.40	0
5.69	0
4.68	0
3.44	0
34.31	0
7.03	0
3.49	0
8.14	0
5.76	0
5.81	0
33.17	0
5.82	0
3.60	0
3.40	0
58.17	1
86.78	0
14.94	0
4.10	0
26.59	0
37.29	0
3.09	0
44.05	1
4.60	0
4.93	0
11.20	0
127.60	0
3.12	0
3.76	0
111.98	1
27.56	0
3.24	0
9.62	0
13.79	1
5.88	0
26.10	1
4.92	0
20.35	0
5.22	0
3.82	0
3.19	0
79.16	0
4.40	0
96.55	1
3.00	0
29.68	1
7.88	0
3.01	0
3.61	0
59.51	0
3.40	0
3.17	0
46.77	1
4.61	0
5.78	0
3.03	0
6.47	0
3.14	0
3.78	0
4.43	0
4.46	0
4.49	0
4.46	0
4.43	0
15.28	0
14.26	1
36.31	0
9.74	0
3.90	0
5.74	0
32.19	0
10.89	0
4.75	0
3.88	0
3.61	0
3.55	0
26.60	0
3.31	0
54.46	1
3.13	0
5.79	0
5.78	0
11.16	0
87.43	0
34.28	0
3.37	0
5.68	0
3.55	0
4.45	0
3.32	0
4.07	0
22.01	0
3.25	0
9.02	0
3.81	0
5.88	0
5.65	0
4.08	0
8.87	0
3.06	0
102.10	1
3.05	0
4.52	0
4.52	0
5.67	0
5.76	0
5.76	0
3.52	0
8.23	0
77.22	0
4.17	0
8.41	0
5.68	0
5.49	0
6.00	0
4.89	0
3.18	0
4.71	0
5.42	0
5.38	0
5.36	0
68.59	0
4.70	0
4.75	0
4.76	0
11.43	0
6.76	0
6.85	0
3.80	0
36.25	0
3.06	0
3.38	0
5.47	0
5.45	0
29.86	0
5.80	0
7.72	0
48.94	0
4.72	0
3.13	0
50.10	0
3.16	0
21.80	1
14.41	0
29.79	0
3.89	0
3.52	0
7.68	0
7.65	0
17.22	0
3.68	0
4.65	0
3.66	0
3.80	0
5.89	0
5.94	0
5.84	0
5.87	0
4.40	0
25.56	1
3.75	0
3.61	0
4.72	0
7.55	0
7.49	0
7.45	0
7.45	0
7.42	0
7.52	0
62.37	1
12.38	0
3.24	0
3.05	0
3.42	0
40.25	0
8.39	0
18.92	0
50.84	0
3.17	0
46.62	1
12.14	0
53.91	0
3.13	0
5.15	0
24.46	0
3.47	0
5.25	0
10.12	0
4.29	0
5.49	0
5.14	0
10.17	0
10.17	0
10.05	0
9.83	0
3.90	0
4.08	0
6.99	0
10.01	0
4.02	0
3.84	0
3.82	0
3.97	0
3.95	0
12.12	0
12.56	0
3.26	0
6.45	0
20.59	0
14.65	0
13.14	0
3.88	0
6.79	0
4.23	0
5.45	0
33.64	0
42.14	0
25.89	0
4.43	0
4.46	0
4.50	0
4.46	0
3.01	0
8.52	0
7.76	0
32.79	1
5.66	0
5.79	0
63.63	0
44.85	0
32.99	0
4.37	0
3.54	0
5.54	0
5.95	0
4.00	0
5.66	0
5.61	0
5.58	0
4.66	0
55.58	0
9.21	0
22.76	0
39.50	0
3.85	0
57.60	1
85.61	0
4.27	0
3.53	0
57.50	0
3.84	0
7.58	0
38.38	1
5.09	0
3.55	0
91.97	1
19.53	0
5.09	0
5.22	0
9.95	0
3.04	0
20.47	0
3.57	0
3.21	0
5.68	0
3.71	0
3.34	0
4.11	0
30.94	0
29.52	0
13.76	0
3.44	0
14.60	0
8.80	0
4.42	0
5.50	0
4.38	0
3.17	0
3.42	0
3.82	0
3.14	0
10.09	0
17.51	0
4.11	0
3.17	0
4.40	0
5.49	0
4.52	0
9.11	0
3.35	0
3.35	0
85.65	1
4.60	0
4.96	0
3.39	0
12.67	0
5.38	0
3.13	0
3.40	0
13.21	0
3.08	0
66.55	1
5.53	0
7.68	0
3.01	0
4.90	0
4.35	0
4.28	0
4.28	0
15.91	0
16.08	0
43.90	0
4.60	0
36.08	0
12.65	0
8.32	0
8.64	0
73.74	1
59.34	0
5.40	0
13.72	0
13.72	0
13.72	0
13.93	0
13.89	0
7.01	0
4.50	0
4.50	0
4.55	0
11.06	0
75.65	0
3.85	0
17.53	0
3.21	0
5.22	0
73.79	0
49.30	0
7.49	0
3.43	0
5.81	0
5.83	0
3.39	0
5.41	0
62.90	0
3.44	0
3.29	0
77.92	1
3.49	0
3.59	0
21.94	0
3.94	0
3.54	0
11.90	0
5.05	0
5.09	0
4.21	0
13.36	1
3.60	0
4.10	0
3.93	0
4.14	0
4.14	0
7.54	0
3.41	0
3.04	0
51.19	0
9.69	0
25.79	0
9.89	0
5.82	0
3.63	0
5.24	0
28.49	0
107.78	0
82.76	1
4.06	0
12.87	0
3.65	0
26.01	1
3.81	0
4.82	0
5.14	0
13.83	0
13.79	0
22.43	0
6.98	0
3.07	0
60.51	1
10.15	0
4.11	0
53.58	0
4.23	0
4.20	0
5.46	0
25.75	0
57.78	0
3.48	0
4.41	0
4.25	0
3.24	0
5.23	0
3.41	0
3.41	0
43.48	0
5.45	0
5.53	0
4.34	0
65.29	0
22.71	1
4.45	0
102.48	1
81.13	1
14.36	0
5.94	0
3.14	0
7.74	0
5.59	0
5.64	0
3.44	0
15.47	0
4.40	0
4.50	0
7.15	0
7.33	0
7.58	0
7.50	0
3.46	0
18.12	0
5.66	0
5.65	0
5.67	0
5.67	0
3.76	0
4.32	0
10.00	0
9.98	0
4.94	0
4.62	0
108.36	1
48.82	0
90.91	0
4.12	0
54.78	0
5.49	0
7.12	1
77.24	0
13.98	1
7.35	0
9.95	0
32.08	0
5.79	0
3.17	0
4.21	0
5.14	0
4.21	0
4.23	0
17.66	0
4.60	0
4.73	0
7.32	0
26.40	0
5.81	0
3.77	0
5.59	0
5.02	0
4.39	0
107.17	1
8.03	0
4.24	0
4.85	1
4.38	0
4.34	0
20.46	0
63.47	0
73.73	0
3.04	0
37.37	1
3.96	0
4.01	0
11.97	0
29.02	1
33.13	0
14.21	1
64.28	0
10.45	0
10.12	0
10.00	0
3.76	0
37.59	0
112.38	1
7.43	0
98.64	1
3.97	0
5.10	0
10.32	0
3.74	0
11.38	0
6.52	0
7.15	0
4.78	0
4.03	0
59.32	1
3.61	0
47.73	1
128.10	1
4.70	0
49.95	0
3.82	0
4.27	0
3.33	0
8.11	1
3.98	0
9.32	0
23.05	1
5.12	0
65.22	1
110.28	1
17.53	0
92.80	0
3.56	0
3.99	0
11.59	0
3.97	0
3.55	0
4.77	0
4.56	0
4.03	0
36.04	1
3.73	0
3.90	0
24.66	0
3.81	0
37.73	0
13.13	0
4.33	0
111.91	1
24.28	0
22.57	1
4.83	0
5.70	0
4.31	0
8.58	0
3.27	0
6.95	0
75.02	0
37.33	0
5.53	0
3.20	0
3.61	0
4.28	0
3.23	0
4.75	0
10.59	0
3.58	0
4.77	0
3.15	0
9.14	1
13.76	0
11.65	0
19.84	0
3.10	0
3.22	0
3.19	0
33.51	1
31.02	0
110.67	0
54.85	0
3.94	0
44.02	0
7.04	0
7.01	0
3.07	0
46.91	0
119.19	1
3.26	0
14.08	0
4.19	0
4.70	0
4.12	0
3.42	0
3.51	0
3.51	0
3.68	0
3.66	0
13.57	0
68.86	1
17.58	0
3.58	0
3.33	0
94.59	1
21.10	0
3.92	0
4.00	0
4.00	0
4.08	0
4.01	0
4.06	0
4.01	0
5.72	0
5.74	0
5.81	0
5.72	0
5.81	0
56.49	0
3.83	0
4.91	0
4.53	0
8.72	0
3.82	0
5.73	0
4.22	0
4.03	0
3.70	0
9.16	0
4.31	0
4.28	0
4.30	0
3.03	0
8.76	0
7.95	1
4.34	0
5.62	0
5.63	0
5.63	0
48.03	0
14.65	0
5.85	0
11.30	0
60.64	0
5.31	0
5.33	0
5.33	0
5.30	0
5.30	0
5.33	0
8.83	0
44.82	0
5.67	0
5.65	0
4.07	0
22.51	0
4.27	0
48.27	0
15.54	0
17.79	0
5.81	0
4.44	0
3.14	0
3.79	0
5.30	0
5.31	0
5.35	0
3.64	0
14.20	0
25.02	0
5.87	0
33.26	0
6.79	0
5.19	0
3.14	0
65.70	1
56.64	0
4.48	0
8.75	0
23.22	0
4.12	0
3.16	0
30.06	0
47.67	0
3.73	0
45.70	1
5.56	0
4.79	0
3.31	0
3.49	0
3.49	0
3.01	0
4.08	0
4.40	0
3.64	0
3.12	0
3.30	0
11.35	0
3.27	0
39.05	1
12.07	0
7.71	0
3.49	0
13.49	0
13.43	0
13.43	0
5.74	0
5.70	0
5.99	0
4.19	0
108.64	1
70.10	0
5.41	0
37.62	0
23.56	0
5.57	0
11.26	0
3.40	0
9.36	0
24.96	1
3.58	0
4.68	0
112.82	0
3.37	0
3.19	0
5.72	0
5.46	0
5.17	0
5.36	0
4.78	0
3.11	0
4.23	0
3.42	0
26.30	0
5.24	0
5.02	0
7.08	0
4.36	0
3.47	0
3.29	0
4.07	0
3.72	0
4.37	0
3.61	0
11.41	0
10.90	0
5.62	0
5.34	0
16.33	0
11.60	0
10.09	0
10.15	0
10.15	0
6.94	0
4.56	0
10.20	0
10.72	0
6.77	0
6.72	0
9.98	0
6.68	0
10.16	0
10.06	0
17.41	0
3.99	0
3.76	0
3.79	0
9.91	0
9.82	0
16.76	0
38.03	0
40.94	0
6.96	0
3.62	0
3.63	0
3.69	0
12.56	0
6.22	0
3.44	0
16.94	0
12.53	0
3.34	0
6.61	0
6.70	0
6.68	0
6.72	0
3.66	0
10.20	0
10.66	0
7.60	0
7.29	0
7.54	0
3.73	0
3.99	0
3.63	0
3.73	0
3.73	0
6.61	0
6.74	0
6.90	0
6.92	0
6.92	0
6.95	0
3.75	0
4.17	0
4.18	0
3.99	0
8.62	0
8.49	0
19.48	0
3.83	0
26.83	0
27.15	0
3.82	0
3.78	0
3.82	0
3.82	0
10.12	0
6.78	0
6.86	0
6.55	0
35.07	0
13.76	0
34.97	0
34.71	0
9.97	0
10.68	0
7.11	0
4.07	0
13.95	0
3.53	0
31.02	0
3.64	0
6.97	0
16.42	0
4.24	0
3.75	0
4.02	0
4.02	0
6.99	0
10.09	0
13.96	0
3.95	0
10.31	0
3.66	0
3.69	0
9.81	0
3.73	0
4.03	0
23.46	0
6.96	0
7.22	0
7.38	0
8.21	0
7.03	0
27.94	0
13.05	0
6.94	0
6.03	0
8.91	0
4.16	0
11.03	0
4.28	0
4.34	0
4.32	0
3.92	0
4.33	0
3.82	0
4.04	0
4.11	0
4.09	0
16.65	0
20.18	0
10.17	0
10.13	0
13.27	0
9.73	0
9.17	0
9.13	0
9.41	0
4.11	0
6.83	0
16.46	0
8.92	0
8.41	0
4.34	0
3.96	0
5.55	0
8.23	0
8.76	0
8.53	0
6.01	0
5.85	0
9.03	0
3.44	0
8.21	0
6.83	0
3.80	0
4.08	0
3.75	0
4.11	0
9.97	0
3.92	0
17.07	0
17.17	0
17.12	0
7.15	0
7.15	0
4.19	0
3.92	0
17.21	0
12.62	0
38.22	0
12.96	0
4.29	0
24.06	0
3.31	0
3.75	0
9.52	0
24.00	0
28.77	0
28.45	0
3.86	0
3.88	0
3.79	0
7.51	0
4.20	0
4.09	0
4.31	0
7.12	0
3.95	0
29.76	0
3.21	0
4.09	0
13.87	0
3.85	0
24.37	0
6.38	0
3.51	0
3.90	0
3.71	0
4.93	0
8.03	0
11.24	0
4.05	0
7.30	0
7.27	0
14.12	0
3.80	0
3.88	0
3.88	0
3.99	0
7.39	0
7.30	0
4.05	0
4.15	0
3.82	0
6.34	0
9.93	0
39.80	0
3.92	0
4.19	0
40.62	0
6.61	0
9.24	0
6.44	0
3.59	0
6.84	0
3.79	0
3.98	0
13.24	0
16.86	0
10.19	0
6.12	0
9.73	0
15.31	0
5.88	0
5.08	0
8.95	0
7.04	0
7.03	0
3.32	0
7.14	0
6.69	0
3.92	0
7.21	0
7.14	0
13.25	0
10.65	0
11.38	0
3.80	0
4.03	0
3.90	0
4.19	0
3.88	0
3.94	0
3.95	0
4.08	0
4.17	0
4.55	0
4.40	0
4.34	0
4.48	0
3.82	0
3.48	0
3.90	0
6.60	0
100.29	0
12.76	0
10.02	0
6.56	0
6.57	0
10.41	0
3.96	0
4.43	0
3.61	0
3.66	0
3.64	0
3.69	0
7.12	0
66.41	0
3.89	0
6.66	0
3.01	0
6.14	0
4.29	0
27.86	0
4.41	0
3.92	0
4.01	0
7.50	0
5.41	0
6.00	0
6.56	0
6.08	0
22.49	0
3.59	0
3.92	0
4.46	0
4.52	0
4.37	0
4.18	0
3.87	0
16.14	0
4.87	0
4.84	0
4.63	0
26.26	0
8.34	0
8.34	0
5.14	0
4.87	0
4.55	0
15.40	0
8.78	0
4.18	0
3.09	0
7.92	0
11.16	0
8.78	0
4.96	0
4.40	0
5.61	0
8.72	0
4.43	0
4.75	0
11.77	0
9.67	0
3.66	0
4.10	0
4.54	0
4.49	0
4.63	0
4.46	0
5.19	0
8.52	0
8.52	0
5.02	0
5.64	0
7.38	0
6.41	0
4.99	0
10.88	0
7.53	0
14.90	0
4.53	0
4.56	0
4.43	0
4.75	0
8.40	0
8.08	0
4.94	0
5.46	0
10.30	0
8.18	0
8.23	0
7.63	0
3.12	0
44.78	0
41.08	0
53.96	0
3.79	0
5.14	0
7.40	0
12.35	0
3.10	0
36.97	1
3.14	0
41.18	0
5.88	0
5.90	0
3.07	0
5.29	0
16.72	0
3.31	0
3.39	0
7.38	0
3.83	0
3.25	0
108.02	1
3.41	0
5.58	0
7.79	1
59.22	0
107.22	0
24.44	0
9.50	0
4.56	0
3.48	0
65.17	0
25.16	1
83.64	0
8.64	0
14.39	0
3.31	0
7.92	0
11.21	0
3.85	0
6.79	0
3.20	0
4.06	0
6.66	0
3.43	0
41.98	0
82.12	0
22.58	0
3.94	0
36.57	0
4.01	0
3.29	0
3.90	0
53.64	0
32.98	1
29.97	0
10.01	0
3.18	0
3.56	0
3.36	0
24.76	0
3.45	0
3.00	0
4.03	0
4.05	0
3.01	0
10.67	0
17.12	0
3.09	0
5.73	0
5.70	0
30.48	1
47.15	1
4.02	0
3.99	0
3.99	0
4.04	0
3.99	0
4.91	0
33.16	0
8.21	0
4.85	0
25.63	0
4.26	0
4.46	0
3.12	0
43.69	1
3.22	0
3.13	0
9.21	0
21.91	0
21.91	0
61.85	0
92.52	1
3.97	0
3.12	0
3.10	0
3.46	0
16.02	0
3.92	0
3.93	0
4.08	0
28.49	1
38.42	0
10.30	1
72.40	1
3.22	0
3.95	0
3.97	0
4.81	0
3.95	0
54.66	0
66.47	0
8.40	0
3.94	0
14.02	0
8.47	0
27.01	0
14.77	0
10.46	0
4.47	0
7.24	0
7.64	0
3.19	0
3.80	0
15.91	0
17.12	0
18.06	0
3.01	0
3.15	0
3.76	0
4.20	0
13.03	0
5.42	0
4.14	0
4.11	0
4.03	0
4.03	0
4.00	0
5.61	0
4.31	0
3.28	0
3.65	0
3.45	0
4.68	0
11.15	1
4.05	0
4.36	0
69.03	1
20.40	0
5.52	0
4.33	0
4.29	0
4.48	0
4.69	0
25.41	1
25.39	0
4.64	0
3.40	0
3.77	0
46.58	0
3.46	0
7.15	0
126.34	0
14.11	0
43.27	0
74.13	1
24.99	0
116.92	0
7.92	0
28.48	0
20.35	0
4.61	0
8.91	0
43.28	0
5.43	0
3.41	0
3.99	0
32.01	0
3.04	0
9.75	0
4.05	0
21.97	0
6.37	0
6.89	0
3.40	0
4.56	0
3.09	0
3.72	0
4.18	0
3.01	0
39.46	1
3.79	0
3.47	0
4.39	0
3.98	0
3.63	0
101.69	1
43.00	0
3.93	0
116.08	1
3.20	0
3.10	0
3.90	0
3.27	0
58.50	0
5.50	0
3.59	0
5.85	0
3.04	0
3.21	0
3.43	0
4.90	0
87.77	1
4.38	0
4.27	0
80.84	1
4.21	0
92.37	1
18.57	0
4.18	0
36.02	0
6.00	0
5.98	0
83.69	0
4.58	0
5.49	0
5.48	0
5.51	0
5.43	0
99.99	0
3.11	0
57.24	0
64.78	0
10.68	0
4.31	0
32.60	1
34.46	1
3.66	0
34.84	0
3.94	0
5.16	0
3.73	0
3.94	0
42.72	1
14.85	0
7.32	0
3.20	0
3.24	0
54.31	0
5.09	0
11.65	0
54.11	1
11.10	0
4.64	0
11.99	0
4.92	0
71.91	0
6.66	0
8.03	0
6.19	0
3.41	0
30.50	0
4.58	0
3.04	0
4.51	0
28.83	0
71.36	0
12.07	0
3.15	0
10.52	0
5.49	0
3.39	0
88.58	0
3.98	0
4.10	0
6.14	0
5.72	0
3.59	0
4.48	0
35.13	0
5.37	0
5.57	0
5.57	0
5.61	0
3.05	0
3.01	0
4.75	0
71.97	0
73.19	1
13.02	0
50.60	0
29.20	1
3.74	0
26.49	1
4.40	0
3.76	0
23.30	1
3.54	0
3.43	0
3.17	0
6.29	0
6.08	0
3.21	0
5.01	0
13.97	0
3.14	0
37.59	0
37.59	0
19.23	0
31.21	0
47.57	0
4.40	0
4.17	0
17.74	0
31.05	0
18.45	0
4.17	0
7.70	0
4.66	0
32.90	0
3.01	0
10.08	0
13.81	0
82.85	0
14.89	0
42.76	0
15.88	0
119.17	1
4.20	0
43.15	1
99.22	1
14.78	0
3.29	0
78.30	0
14.69	0
5.95	0
9.33	0
17.40	0
47.17	0
3.01	0
49.45	0
6.99	0
7.30	0
4.89	0
3.65	0
30.05	0
40.67	1
10.45	0
5.50	0
3.41	0
4.35	0
3.01	0
6.96	0
3.11	0
3.12	0
6.22	0
4.08	0
95.41	0
3.31	0
7.35	0
4.89	0
4.04	0
4.00	0
6.30	0
5.35	0
4.32	0
25.73	1
26.32	0
7.47	0
7.37	0
3.21	0
8.63	0
28.79	0
3.29	0
5.28	0
4.40	0
3.07	0
62.42	1
3.57	0
33.62	0
4.39	0
37.67	0
7.57	0
17.96	0
8.25	0
3.37	0
29.27	0
5.12	0
5.12	0
7.04	0
4.38	0
4.20	0
5.64	0
36.08	1
64.30	1
6.52	0
3.99	0
3.11	0
3.01	0
10.09	0
5.53	0
39.01	0
5.16	0
3.90	0
4.48	0
3.17	0
3.28	0
3.08	0
5.55	0
4.79	0
4.52	0
4.08	0
3.14	0
3.50	0
3.46	0
3.06	0
74.32	0
6.04	0
6.33	0
53.82	1
7.95	0
4.29	0
9.91	0
4.36	0
12.63	0
7.80	0
14.13	0
3.11	0
11.17	0
3.23	0
10.40	1
6.41	0
4.16	0
18.95	0
6.01	0
4.13	0
5.43	0
4.24	0
4.16	0
4.18	0
4.25	0
4.18	0
4.10	0
4.43	0
5.82	0
3.92	0
3.85	0
4.84	0
39.30	1
3.48	0
36.48	0
3.55	0
3.08	0
10.05	0
3.29	0
28.43	1
12.45	0
4.63	0
4.43	0
4.40	0
5.65	0
5.61	0
58.40	1
3.34	0
39.69	1
46.12	1
4.06	0
143.70	1
32.97	1
7.85	0
53.07	0
26.90	1
50.81	1
9.13	0
69.18	1
17.07	1
10.99	0
10.13	0
5.70	0
3.64	0
5.72	0
4.35	0
3.01	0
3.14	0
7.10	0
7.18	0
3.09	0
3.18	0
7.42	0
3.21	0
5.42	0
5.41	0
11.17	0
31.15	1
17.26	0
5.19	0
31.66	0
3.18	0
72.91	1
3.90	0
3.01	0
3.90	0
3.04	0
3.92	0
3.92	0
3.96	0
11.80	0
4.29	0
6.91	0
77.87	1
3.11	0
4.63	0
31.41	1
4.15	0
54.96	1
5.95	0
5.95	0
69.13	0
6.65	0
17.57	0
18.20	0
18.20	0
18.27	0
18.13	0
14.87	0
3.48	0
18.66	0
3.82	0
4.02	0
3.61	0
15.36	0
3.49	0
4.21	0
36.44	0
19.44	0
4.99	0
5.84	0
5.76	0
118.53	0
4.06	0
85.63	1
14.12	0
7.41	0
4.22	0
6.42	0
4.30	0
46.55	1
4.44	0
8.20	0
26.78	0
23.96	1
18.93	0
28.21	0
3.28	0
3.17	0
6.61	0
9.83	0
9.10	0
53.84	0
4.12	0
3.97	0
3.05	0
50.60	0
66.46	0
8.63	0
95.81	1
3.87	0
7.20	0
5.57	0
5.64	0
29.64	1
3.26	0
3.84	0
6.47	0
4.58	0
5.60	0
69.12	0
11.65	0
5.79	0
129.66	1
3.45	0
3.06	0
4.36	0
4.37	0
5.17	0
38.13	0
3.86	0
98.84	1
3.02	0
6.82	0
4.44	0
4.55	0
5.72	0
12.47	0
5.54	0
17.84	0
45.14	0
3.71	0
4.75	0
3.42	0
16.82	0
3.06	0
92.99	0
4.16	0
8.15	0
4.12	0
11.11	0
3.18	0
11.98	0
63.33	1
62.15	0
74.20	1
50.81	0
5.40	0
4.70	0
5.19	0
17.57	1
5.16	0
5.96	0
3.06	0
24.43	0
4.29	0
8.18	0
4.05	0
4.05	0
4.10	0
3.38	0
5.55	0
4.94	0
3.71	0
3.31	0
7.33	0
16.14	0
6.88	0
86.94	0
4.40	0
4.43	0
96.39	1
3.23	0
4.47	0
7.72	0
3.53	0
3.29	0
18.94	0
3.26	0
6.20	0
3.48	0
3.09	0
3.01	0
11.21	1
4.24	0
3.37	0
4.02	0
8.67	0
9.24	0
5.38	0
4.42	0
90.45	1
8.27	0
3.01	0
4.38	0
3.17	0
3.78	0
5.96	0
3.06	0
29.11	0
5.70	0
4.69	0
6.67	1
5.50	0
43.09	0
6.86	0
6.08	0
6.15	0
17.13	1
3.82	0
7.49	0
4.14	0
33.37	0
3.71	0
7.27	0
51.28	0
76.38	1
46.12	0
4.00	0
3.05	0
32.81	1
5.35	0
57.96	0
6.00	0
5.92	0
5.98	0
5.98	0
5.98	0
6.26	0
10.97	0
16.50	0
6.46	0
51.79	0
11.21	1
3.00	0
17.45	1
3.33	0
13.95	1
3.23	0
3.38	0
58.50	0
3.85	0
3.53	0
3.29	0
32.79	1
5.47	0
5.47	0
5.47	0
5.47	0
3.25	0
5.80	0
51.20	0
3.38	0
5.50	0
3.80	0
5.98	0
5.79	0
4.30	0
3.23	0
4.33	0
124.12	0
3.00	0
6.64	0
83.26	0
5.54	0
5.85	0
5.51	0
8.01	0
4.50	0
4.18	0
3.58	0
4.68	0
62.54	0
3.69	0
33.40	1
3.17	0
4.11	0
4.16	0
5.16	0
3.53	0
4.30	0
3.25	0
3.37	0
3.65	0
7.45	0
3.90	0
4.72	0
3.06	0
14.46	0
45.13	0
4.04	0
3.07	0
3.79	0
5.06	0
34.89	0
3.92	0
5.59	0
5.61	0
5.58	0
9.37	1
67.76	1
26.60	0
37.49	1
36.65	1
3.66	0
37.60	0
22.31	1
56.90	0
20.23	0
8.08	0
45.57	0
61.65	0
12.66	0
54.12	0
61.60	1
3.21	0
3.00	0
4.61	0
4.81	0
4.66	0
3.02	0
3.11	0
3.61	0
3.28	0
14.09	0
3.27	0
5.43	1
51.00	0
4.59	0
3.74	0
3.04	0
40.10	0
98.35	0
97.98	1
47.69	1
73.20	1
3.02	0
7.67	1
4.00	0
4.13	0
3.13	0
8.17	0
8.17	0
4.28	0
4.20	0
14.31	0
10.93	0
3.93	0
10.35	0
10.32	0
10.28	0
4.40	0
6.83	0
60.57	1
4.60	0
5.62	0
23.79	0
3.81	0
4.16	0
76.81	0
3.97	0
8.46	0
5.74	0
3.30	0
3.27	0
3.39	0
4.70	0
3.11	0
4.19	0
8.40	0
6.08	0
6.04	0
5.91	0
5.92	0
3.33	0
14.14	0
4.26	0
11.12	0
5.79	0
7.97	0
48.40	0
3.15	0
4.13	0
80.80	0
3.92	0
3.14	0
3.26	0
6.00	0
6.06	0
6.09	0
5.87	0
4.91	0
4.87	0
10.66	0
7.24	0
4.73	0
4.93	0
3.08	0
29.89	1
43.11	1
3.62	0
3.52	0
83.91	1
5.44	0
49.67	0
3.18	0
3.78	0
5.67	0
5.67	0
5.99	0
73.21	1
33.30	1
5.15	0
51.41	0
14.30	0
14.50	1
3.01	0
3.70	0
3.38	0
6.11	0
6.11	0
5.78	0
3.13	0
4.76	0
5.10	0
76.82	0
5.38	0
64.88	0
3.04	0
5.23	0
3.17	0
42.18	0
4.91	0
4.83	0
4.34	0
3.86	0
4.07	0
6.00	0
6.73	0
5.78	0
4.07	0
6.03	0
4.86	0
4.68	0
7.26	0
3.76	0
4.39	0
91.02	0
68.76	0
4.40	0
4.06	0
4.74	0
10.50	0
3.25	0
14.59	0
4.43	0
4.43	0
3.67	0
20.15	0
14.15	0
5.77	0
30.12	1
3.76	0
58.06	0
55.31	0
55.28	0
51.16	0
51.16	0
10.84	0
6.26	0
3.43	0
32.20	0
4.15	0
11.82	1
5.10	0
3.75	0
103.22	0
46.18	1
14.41	0
6.34	0
3.03	0
3.07	0
6.00	0
57.97	0
21.78	0
3.78	0
13.80	0
3.88	0
69.31	0
5.07	0
11.66	0
21.32	0
3.35	0
3.34	0
3.48	0
4.08	0
3.77	0
71.21	0
4.32	0
14.29	0
49.80	1
3.23	0
3.37	0
87.76	1
3.44	0
6.96	0
3.93	0
3.47	0
3.14	0
14.41	1
4.13	0
4.13	0
4.18	0
4.20	0
11.07	0
14.49	0
49.05	1
4.36	0
71.13	1
39.96	0
4.13	0
34.97	0
5.59	0
5.63	0
5.70	0
4.46	0
22.94	0
17.41	1
5.53	0
5.54	0
5.56	0
5.59	0
5.47	0
65.04	1
3.07	0
3.50	0
3.90	0
4.25	0
5.18	0
3.26	0
6.57	0
6.12	0
4.62	0
38.82	0
3.34	0
4.84	0
3.04	0
99.50	1
5.00	0
4.34	0
4.44	0
52.75	0
3.06	0
3.04	0
3.02	0
5.46	0
89.10	1
3.62	0
7.46	0
3.67	0
8.50	0
10.09	0
53.58	1
5.14	0
4.32	0
7.14	0
7.01	0
7.04	0
7.01	0
6.81	0
102.63	1
61.62	0
20.10	0
28.34	0
39.15	1
3.04	0
7.22	0
3.32	0
4.15	0
4.13	0
75.54	1
65.55	1
54.52	0
6.13	0
7.64	0
72.33	0
6.11	0
6.12	0
6.17	0
56.14	0
5.98	0
4.02	0
3.07	0
42.12	1
4.63	0
3.19	0
3.44	0
3.29	0
24.35	0
24.47	0
85.37	1
14.46	0
4.53	0
84.32	0
92.71	1
5.06	0
5.03	0
5.03	0
5.90	0
3.04	0
11.41	1
86.69	0
5.83	0
17.32	0
22.59	0
84.46	1
5.79	0
5.76	0
18.43	1
3.63	0
3.89	0
8.15	1
111.46	0
4.65	0
45.75	0
25.91	0
14.06	0
9.03	0
3.97	0
3.46	0
4.14	0
3.47	0
24.91	0
9.30	0
19.39	0
3.27	0
4.70	0
66.92	0
3.27	0
4.78	0
10.44	0
5.66	0
3.74	0
68.57	1
4.85	0
4.53	0
4.53	0
4.37	0
3.34	0
3.44	0
4.53	0
7.27	0
7.33	0
7.15	0
10.45	0
27.88	0
89.51	0
20.80	0
7.98	0
15.22	0
3.88	0
4.01	0
56.70	1
4.72	0
30.81	0
22.89	0
3.14	0
39.88	0
3.22	0
14.52	0
53.34	1
4.40	0
3.40	0
14.18	0
32.80	1
15.09	0
14.39	0
3.53	0
4.68	0
58.14	0
3.66	0
10.17	0
14.20	1
4.93	0
3.14	0
7.79	0
10.39	0
13.27	0
5.09	0
3.13	0
7.54	0
5.63	0
5.56	0
4.10	0
4.71	0
3.30	0
39.89	0
44.11	1
43.97	0
3.30	0
32.55	0
5.21	0
40.25	1
5.41	0
13.41	0
17.24	0
4.07	0
3.79	0
6.08	0
6.03	0
4.09	0
5.95	0
5.94	0
5.62	0
14.34	0
18.00	0
23.45	0
3.03	0
32.51	0
20.22	0
7.85	0
3.91	0
4.49	0
35.94	0
14.24	0
32.20	1
5.13	0
3.74	0
3.02	0
10.90	0
3.02	0
3.09	0
4.55	0
8.59	0
3.05	0
3.26	0
3.25	0
4.07	0
4.05	0
4.05	0
4.08	0
3.31	0
59.84	0
3.27	0
16.98	0
5.47	1
4.03	0
15.93	1
81.44	0
7.59	0
3.57	0
67.08	0
3.99	0
4.54	0
4.22	0
54.43	1
5.25	0
7.65	0
4.98	0
5.05	0
3.34	0
8.08	0
31.11	0
5.76	0
6.06	0
4.32	0
72.53	1
5.93	0
5.63	0
35.19	0
3.29	0
49.81	1
4.05	0
25.61	0
7.11	0
3.09	0
3.11	0
3.06	0
4.01	0
5.92	0
4.89	0
5.80	0
3.28	0
3.42	0
3.16	0
5.54	0
5.54	0
5.56	0
4.40	0
4.07	0
4.03	0
7.94	0
73.36	0
3.08	0
3.00	0
52.68	1
3.86	0
45.90	0
133.36	0
5.66	0
4.37	0
3.15	0
116.52	1
3.86	0
86.88	1
3.73	0
57.69	0
3.02	0
78.76	1
25.60	0
8.37	0
39.57	0
120.01	1
4.12	0
69.38	0
84.24	0
3.57	0
6.93	0
6.84	0
43.96	0
30.74	0
26.85	0
85.62	0
5.78	0
9.29	0
180.65	0
20.82	0
11.23	0
4.11	0
3.84	0
3.80	0
3.82	0
19.80	0
36.57	0
95.86	0
289.59	0
67.31	0
5.19	0
7.81	0
26.15	0
18.14	0
10.32	0
23.19	0
20.50	0
21.73	0
19.27	0
13.96	0
6.01	0
6.01	0
6.05	0
29.83	0
3.93	0
3.68	0
3.59	0
3.56	0
3.83	0
3.92	0
3.40	0
12.98	0
4.25	0
7.20	0
3.56	0
18.97	0
26.32	0
21.87	0
22.18	0
11.40	0
11.40	0
37.28	0
4.07	0
6.96	0
10.07	0
4.96	0
32.17	0
6.60	0
6.59	0
21.85	0
3.66	0
10.06	0
3.92	0
13.01	0
10.18	0
3.71	0
4.27	0
3.92	0
4.17	0
3.88	0
3.82	0
3.82	0
3.77	0
12.06	0
13.27	0
8.35	0
3.88	0
4.16	0
3.84	0
3.62	0
4.55	0
13.90	0
34.22	0
17.64	0
10.94	0
4.68	0
5.42	0
39.12	0
30.94	0
34.67	1
4.74	0
14.08	0
4.34	0
12.92	0
3.14	0
72.80	0
62.78	1
3.32	0
4.27	0
11.32	0
35.47	0
3.01	0
11.73	0
36.13	0
3.45	0
25.81	0
5.44	0
5.42	0
5.44	0
5.42	0
3.10	0
3.91	0
3.30	0
3.48	0
22.75	0
6.47	0
6.35	0
50.12	0
13.52	0
20.19	0
8.46	0
32.08	1
8.23	0
3.43	0
28.45	1
14.02	0
40.22	1
3.49	0
26.35	0
26.40	1
5.30	0
8.11	0
3.24	0
4.11	0
8.53	0
3.84	0
11.14	0
15.56	0
57.36	0
83.60	0
4.18	0
4.17	0
3.07	0
3.09	0
5.62	0
7.36	0
3.58	0
9.70	0
4.87	0
9.28	0
3.47	0
4.08	0
4.39	0
5.85	0
4.25	0
80.46	0
23.80	1
3.61	0
76.61	0
84.42	0
19.09	0
3.23	0
4.26	0
5.90	0
19.25	1
3.02	0
4.89	0
4.35	0
3.61	0
3.93	0
3.69	0
3.47	0
4.79	0
3.46	0
3.28	0
65.91	1
3.63	0
7.96	0
3.74	0
7.92	0
11.48	0
3.36	0
18.82	0
5.54	0
3.55	0
3.71	0
3.04	0
87.16	0
4.18	0
4.03	0
81.55	1
3.22	0
4.75	0
13.05	0
3.04	0
7.30	0
14.21	0
14.26	0
14.26	0
14.68	0
11.52	0
11.53	0
8.11	0
5.49	0
5.34	0
3.70	0
4.40	0
4.13	0
4.13	0
3.53	0
3.66	0
5.32	0
5.26	0
5.23	0
3.94	0
7.51	0
4.81	0
11.31	1
5.88	0
4.16	0
13.04	0
6.48	0
15.04	0
15.00	0
15.29	0
15.30	0
4.15	0
5.38	0
56.67	1
4.50	0
93.57	1
7.24	0
43.86	0
4.62	0
8.30	0
22.34	0
23.42	0
87.22	0
32.93	1
5.59	0
5.54	0
5.38	0
3.51	0
3.01	0
7.43	0
103.12	1
3.18	0
7.67	0
3.90	0
3.62	0
13.79	0
7.28	0
4.82	0
7.73	0
7.57	0
4.85	0
4.14	0
12.14	0
4.36	0
84.96	1
5.70	0
3.91	0
3.02	0
60.87	0
3.00	0
31.74	1
5.44	0
13.59	0
6.74	0
3.75	0
15.84	0
5.18	0
40.04	1
30.25	0
5.42	0
5.42	0
55.01	1
3.42	0
3.52	0
3.08	0
4.43	0
36.00	1
113.11	0
56.83	1
3.22	0
4.72	0
3.93	0
4.68	0
17.56	1
3.79	0
4.36	0
7.59	0
8.68	0
32.35	1
4.15	0
57.98	1
7.77	0
5.54	0
5.53	0
5.94	0
6.06	0
5.19	0
88.54	1
3.60	0
4.65	0
3.17	0
4.14	0
3.27	0
63.69	0
4.26	0
3.84	0
3.62	0
19.79	0
26.64	1
3.46	0
7.82	0
29.21	1
5.89	0
3.22	0
25.61	1
5.98	0
5.92	0
5.95	0
5.92	0
3.04	0
3.82	0
101.80	1
39.84	0
3.59	0
3.40	0
22.70	1
4.53	0
5.12	0
12.54	0
27.90	1
3.02	0
5.88	0
4.70	0
4.95	0
23.53	0
4.48	0
14.74	0
28.29	0
35.48	0
4.69	0
6.70	0
7.95	0
15.26	0
30.40	0
9.02	0
8.72	0
8.78	0
38.35	0
7.81	0
6.26	0
6.22	0
15.47	0
5.70	0
5.70	0
5.70	0
3.02	0
93.27	0
4.34	0
4.39	0
3.09	0
33.13	0
36.43	1
3.89	0
7.27	0
12.41	0
13.55	0
16.67	0
3.91	0
17.26	0
36.90	1
3.34	0
3.35	0
5.10	0
3.55	0
8.15	0
10.52	0
5.76	0
14.17	0
9.83	0
10.50	0
3.59	0
3.50	0
3.88	0
6.98	0
7.00	0
6.95	0
3.17	0
62.11	0
3.29	0
17.21	1
14.17	1
6.01	0
82.95	0
6.76	0
14.25	0
7.06	0
7.21	0
73.39	0
11.70	0
4.25	0
9.28	0
4.13	0
66.16	0
111.67	1
19.16	1
19.17	0
3.57	0
30.02	0
5.41	0
3.09	0
6.92	0
76.24	0
5.79	0
3.76	0
5.13	0
3.85	0
3.11	0
3.52	0
37.89	1
3.08	0
3.21	0
3.60	0
3.76	0
11.36	0
4.28	0
74.78	1
39.77	0
85.53	1
14.63	0
4.44	0
4.20	0
3.13	0
4.95	0
4.06	0
15.79	0
30.83	0
3.88	0
5.74	0
5.74	0
17.64	0
15.99	0
3.78	0
3.78	0
3.30	0
3.28	0
3.19	0
11.30	0
3.34	0
3.22	0
88.08	0
3.10	0
11.30	0
67.23	0
3.92	0
3.68	0
11.01	1
4.67	0
5.85	0
5.90	0
33.29	0
3.22	0
19.41	0
14.41	0
16.16	0
6.94	0
65.44	1
3.02	0
3.37	0
8.17	0
4.91	0
5.74	0
5.65	0
4.94	0
4.05	0
20.92	0
7.24	0
7.88	0
14.76	0
14.76	0
3.66	0
3.57	0
6.99	0
3.86	0
12.89	0
12.96	0
12.90	0
12.87	0
12.99	0
13.05	0
13.02	0
7.04	0
4.01	0
4.01	0
4.31	0
40.32	1
3.21	0
14.58	0
5.02	0
4.45	0
3.43	0
3.12	0
6.72	0
3.18	0
5.62	0
9.78	0
6.03	0
4.18	0
3.82	0
14.29	0
3.49	0
4.42	0
3.99	0
3.96	0
3.05	0
19.98	0
3.95	0
35.83	0
3.75	0
3.69	0
20.62	0
14.00	0
14.36	0
5.41	0
5.41	0
4.20	0
3.35	0
4.30	0
3.17	0
3.23	0
4.84	0
25.89	0
25.57	0
39.51	0
81.39	0
14.30	1
4.25	0
8.67	0
3.04	0
3.83	0
11.15	0
6.24	0
3.92	0
3.91	0
23.72	0
4.34	0
5.59	0
4.12	0
4.21	0
6.03	0
15.34	0
4.38	0
4.67	0
3.70	0
3.81	0
15.48	1
7.01	0
4.68	0
3.53	0
3.13	0
3.34	0
3.34	0
4.17	0
3.69	0
3.64	0
6.95	0
6.88	0
6.96	0
11.80	0
12.56	0
5.38	0
4.31	0
3.66	0
3.99	0
4.79	0
4.35	0
3.31	0
5.98	0
4.86	0
9.31	1
7.45	0
3.03	0
26.28	0
7.67	0
3.03	0
3.18	0
8.90	0
4.38	0
3.17	0
5.55	0
7.03	0
7.54	0
10.78	0
14.39	1
7.53	0
7.47	0
7.61	0
7.69	0
7.89	0
5.48	0
3.84	0
7.40	0
3.37	0
10.30	0
4.33	0
3.73	0
5.62	0
83.90	0
20.58	0
8.42	0
3.07	0
3.02	0
4.08	0
3.02	0
16.94	1
6.19	0
5.38	0
3.85	0
3.76	0
33.07	0
3.99	0
3.82	0
18.62	0
57.96	0
131.47	0
3.14	0
7.98	0
13.83	0
3.02	0
13.87	0
5.08	0
43.57	1
6.77	0
7.36	0
7.33	0
7.18	0
7.30	0
7.20	0
4.14	0
3.47	0
3.42	0
55.03	1
10.90	0
3.41	0
97.98	1
4.10	0
4.10	0
6.10	0
18.09	0
8.07	0
3.80	0
3.77	0
11.31	1
15.18	1
7.50	0
4.01	0
31.37	0
3.13	0
6.39	0
13.40	0
3.26	0
3.02	0
103.77	0
45.97	1
50.22	1
8.07	0
5.82	0
26.37	0
4.35	0
4.68	0
3.39	0
4.83	0
3.11	0
11.02	0
84.48	1
5.68	0
8.52	0
6.61	0
8.25	0
41.11	1
17.25	0
13.32	0
7.81	0
46.43	0
3.40	0
5.55	0
4.55	0
3.99	0
3.41	0
4.54	0
7.88	0
7.73	0
4.26	0
65.84	1
33.13	1
116.40	1
18.69	0
7.84	0
8.02	0
8.03	0
6.07	0
6.06	0
6.01	0
3.73	0
7.84	0
44.08	0
16.95	0
7.69	0
4.48	0
4.31	0
15.65	0
58.14	0
22.28	0
16.10	0
3.47	0
5.59	0
5.53	0
4.35	0
4.46	0
29.67	0
4.51	0
4.78	0
4.25	0
27.20	0
54.23	0
23.23	0
5.16	0
13.33	1
10.45	0
12.30	0
3.65	0
3.14	0
6.00	0
84.45	0
16.93	0
17.13	0
17.04	0
10.68	0
4.63	0
4.70	0
8.22	0
3.26	0
3.38	0
5.79	0
5.79	0
46.46	0
14.30	0
3.28	0
86.38	0
102.92	1
3.04	0
50.02	0
5.70	0
5.72	0
4.63	0
3.53	0
3.51	0
6.06	0
11.16	0
3.78	0
51.63	0
3.18	0
3.91	0
5.94	0
3.07	0
3.58	0
43.92	0
6.94	0
3.74	0
61.24	1
4.58	0
77.85	1
3.24	0
44.03	0
4.10	0
53.90	0
3.99	0
4.66	0
43.76	1
7.36	0
7.33	0
4.26	0
4.18	0
4.20	0
4.20	0
5.96	0
4.18	0
3.11	0
5.90	0
4.53	0
23.10	0
3.48	0
3.23	0
80.97	0
4.25	0
118.93	0
3.78	0
6.84	0
74.43	1
39.65	1
4.87	0
4.34	0
4.84	0
5.81	0
5.81	0
5.83	0
5.88	0
5.85	0
3.78	0
3.03	0
14.41	0
28.34	1
38.24	0
9.92	0
13.61	0
5.57	0
7.75	0
17.57	0
5.88	0
5.82	0
6.02	0
3.16	0
6.12	0
10.46	0
80.53	0
4.35	0
8.12	0
31.88	0
4.86	0
4.40	0
17.84	0
5.85	0
80.48	0
76.65	0
3.66	0
123.56	1
11.60	0
3.86	0
25.73	0
5.33	0
7.11	0
3.42	0
16.67	1
4.60	0
34.88	0
8.47	0
25.39	1
87.46	1
6.51	1
3.03	0
61.04	1
17.11	1
6.36	0
107.48	0
22.21	0
16.99	1
3.65	0
6.18	0
5.53	0
5.54	0
84.91	1
26.35	0
4.89	0
4.48	0
3.47	0
8.51	0
3.16	0
11.63	0
3.63	0
3.21	0
4.40	0
4.01	0
5.66	0
5.67	0
5.68	0
3.22	0
5.09	0
28.18	1
50.90	1
102.86	1
4.06	0
3.21	0
8.65	0
4.18	0
73.31	1
61.89	0
34.22	0
4.01	0
5.14	0
7.60	0
3.73	0
5.77	0
3.27	0
4.31	0
3.02	0
3.02	0
26.40	0
3.01	0
6.26	0
5.04	0
50.47	0
3.32	0
17.50	0
5.89	0
10.19	0
5.42	0
34.97	0
3.05	0
3.04	0
21.71	1
5.27	0
7.57	0
4.18	0
3.06	0
4.78	0
17.36	1
27.13	1
11.05	0
3.43	0
5.88	0
13.15	0
3.36	0
37.83	0
80.91	0
3.73	0
14.25	0
66.03	0
3.10	0
4.39	0
3.41	0
3.10	0
4.71	0
4.14	0
11.24	0
3.67	0
4.14	0
3.79	0
3.48	0
3.45	0
5.73	0
13.38	0
9.74	0
10.56	0
108.28	0
4.17	0
4.79	0
3.91	0
6.60	0
79.32	0
14.25	0
4.42	0
4.20	0
5.53	0
16.87	0
3.61	0
4.69	0
6.08	0
6.29	0
11.99	0
26.71	0
7.75	0
7.72	0
7.72	0
7.57	0
7.68	0
5.52	0
5.44	0
5.47	0
5.50	0
3.87	0
63.87	1
16.64	0
13.93	0
3.92	0
3.63	0
4.09	0
29.49	1
60.92	0
22.34	0
3.20	0
5.48	0
3.92	0
4.54	0
8.06	0
3.16	0
38.55	0
5.58	0
59.10	0
11.11	0
127.78	0
3.10	0
3.01	0
6.02	0
3.20	0
11.98	1
16.86	0
5.21	0
6.83	0
5.03	0
5.07	0
4.54	0
8.43	0
14.16	0
3.10	0
3.31	0
4.08	0
3.33	0
79.41	0
8.37	0
5.17	0
5.45	0
6.88	0
31.28	0
65.27	0
3.05	0
33.35	0
4.66	0
4.11	0
131.06	1
3.86	0
22.15	0
5.67	0
5.70	0
5.79	0
29.98	0
38.15	0
14.49	0
23.81	0
27.72	0
4.96	0
17.89	1
25.61	0
15.87	0
4.52	0
3.44	0
10.86	0
10.79	1
3.52	0
5.39	0
3.64	0
9.00	0
52.10	0
4.30	0
29.59	1
15.32	0
17.70	0
4.71	0
16.36	0
7.42	1
3.46	0
3.11	0
25.72	0
29.48	0
135.01	1
39.97	0
3.41	0
3.14	0
3.47	0
85.31	0
12.23	1
76.93	1
30.10	0
19.63	1
3.99	0
3.09	0
3.31	0
105.27	1
50.61	1
3.44	0
16.34	0
4.61	0
4.69	0
3.95	0
3.67	0
76.07	1
12.81	0
5.84	0
13.25	0
5.49	0
3.10	0
8.29	0
5.08	0
5.14	0
11.22	0
7.93	0
6.05	0
4.72	0
4.76	0
74.06	1
12.91	0
47.99	0
4.56	0
3.37	0
4.77	0
4.39	0
3.53	0
99.52	1
5.88	0
5.83	0
5.83	0
5.82	0
3.31	0
4.03	0
5.67	0
15.27	0
4.99	0
4.35	0
11.20	0
7.31	0
7.27	0
44.43	1
17.26	0
3.71	0
17.34	0
6.04	0
3.34	0
4.42	0
14.25	0
6.51	0
7.54	0
7.39	0
3.22	0
5.72	0
5.72	0
5.80	0
5.74	0
51.10	0
23.90	0
8.13	0
4.33	0
3.03	0
7.40	0
3.34	0
29.22	0
14.24	0
4.11	0
120.05	1
7.10	0
30.89	0
5.79	0
5.42	0
3.57	0
5.01	0
77.44	0
5.21	0
4.85	0
4.32	0
5.52	0
31.55	1
7.99	0
3.49	0
4.27	0
35.63	0
4.24	0
7.81	0
7.81	0
3.96	0
14.15	0
10.60	0
10.38	0
4.25	0
6.74	0
28.67	0
3.57	0
11.56	0
14.37	0
6.81	0
5.95	0
68.81	0
72.77	0
45.73	0
3.89	0
4.60	0
4.53	0
3.47	0
3.73	0
3.04	0
3.45	0
28.43	1
3.89	0
3.42	0
3.97	0
143.62	1
5.70	0
5.74	0
5.81	0
19.24	0
18.65	0
22.75	0
4.34	0
4.09	0
80.54	1
4.03	0
62.36	0
3.72	0
3.33	0
3.43	0
5.93	0
3.92	0
3.77	0
14.50	0
73.56	0
4.63	0
4.21	0
3.09	0
3.25	0
5.76	0
3.44	0
3.09	0
3.15	0
29.85	1
120.55	0
3.04	0
4.66	0
18.35	0
94.50	1
5.38	0
3.01	0
3.51	0
3.18	0
5.11	0
3.27	0
4.73	0
4.74	0
4.74	0
4.73	0
4.70	0
5.85	0
3.56	0
53.08	0
10.49	0
11.01	0
17.16	0
17.82	0
3.24	0
86.68	1
34.38	1
4.10	0
3.02	0
6.11	0
21.74	0
6.99	0
22.24	0
21.64	0
20.89	0
3.85	0
4.04	0
3.13	0
3.98	0
6.05	0
4.82	0
3.01	0
35.58	1
3.90	0
88.52	0
4.09	0
39.24	0
6.91	0
16.97	0
17.02	0
17.25	0
17.25	0
4.11	0
4.21	0
4.20	0
4.20	0
4.22	0
18.25	0
6.06	0
6.09	0
6.12	0
6.15	0
3.69	0
4.47	0
6.64	0
10.97	1
96.70	1
14.19	1
9.04	0
4.39	0
4.88	0
8.99	0
3.83	0
7.79	0
3.50	0
4.42	0
5.98	0
5.90	0
3.53	0
6.42	1
3.12	0
15.43	0
6.77	0
58.63	0
4.11	0
17.39	0
62.35	0
63.31	0
3.99	0
4.63	0
4.24	0
60.64	0
4.26	0
7.57	0
11.38	0
3.34	0
4.53	0
3.67	0
40.06	0
11.04	1
5.30	0
76.67	0
91.52	0
12.17	0
17.20	1
17.62	0
50.64	1
4.30	0
39.97	1
6.38	0
6.30	0
18.33	0
117.22	0
4.16	0
44.41	0
69.42	1
10.87	0
4.70	0
4.40	0
4.43	0
3.68	0
39.33	0
3.31	0
3.02	0
5.34	0
4.28	0
3.78	0
84.94	0
57.67	0
24.02	0
5.38	0
5.39	0
5.45	0
5.67	0
5.68	0
21.01	0
4.08	0
11.76	0
21.61	0
3.19	0
14.93	0
14.19	0
11.11	0
3.13	0
6.66	0
6.66	0
3.15	0
4.81	0
5.45	0
5.54	0
3.17	0
3.17	0
5.48	0
5.48	0
65.97	0
3.88	0
9.28	0
11.32	0
14.55	1
21.65	1
30.38	0
17.27	1
11.36	1
7.50	0
68.88	0
3.30	0
3.25	0
3.47	0
7.36	0
4.01	0
4.01	0
3.88	0
3.44	0
5.34	0
3.63	0
3.19	0
3.45	0
3.81	0
3.17	0
8.27	0
10.23	0
3.15	0
4.18	0
3.78	0
5.93	0
7.22	0
3.11	0
3.13	0
0	1
