7.03	0
2.86	0
0.71	0
11.39	0
16.55	0
16.59	0
9.55	0
16.61	0
0.06	0
1.26	0
17.06	0
0.72	0
1.38	0
9.65	0
0.61	0
16.41	0
15.4	0
16.57	1
17.22	0
0.06	0
17.21	1
1.36	0
16.59	0
6.87	0
17.27	0
16.41	0
0.67	0
0.45	0
16.61	1
16.61	0
16.59	0
4.85	0
16.36	0
1.17	0
0.27	0
16.94	1
0.64	0
0.56	0
3.43	0
8.73	0
0.92	0
15.3	0
16.61	0
0.19	0
0.75	0
3.57	0
0.28	0
17.18	1
17.22	1
16.36	0
14.93	0
2.19	0
17	1
0.03	0
1.27	0
0.78	0
0.15	0
2.09	0
16.9	0
0.36	0
17.21	1
17.23	0
1.18	0
0	0
16.41	0
16.61	0
1.4	0
0.09	0
17.21	0
0.7	0
16.61	0
16.57	0
2.59	0
0.78	0
0.78	0
0.28	0
16.61	0
1.5	0
2.2	0
0.61	0
17.22	0
17.22	0
0.72	0
3.55	0
4.9	0
0.63	0
17.22	1
0.06	0
16.61	0
17.22	1
1.73	0
0.15	0
3.88	0
17.27	0
10.35	0
14.73	0
17.22	0
0.62	0
1.1	0
2.29	0
16.56	1
9.62	0
2.52	0
11.18	0
1.85	0
0.08	0
1.23	0
1.04	0
0.36	0
1.34	0
17.22	1
17.27	0
16.61	0
1.6	0
16.41	0
16.59	1
17	1
7.09	0
3.33	0
0.65	0
0.16	0
16.41	1
8.43	0
16.61	1
17.27	0
0	0
1.52	1
14.38	0
11.7	0
0	0
0.95	0
0.55	0
0.88	0
0.29	0
11.06	0
0.8	0
17	1
0.88	0
1.35	0
17	1
17.12	0
0.1	0
0	0
8.31	0
0.71	0
0.29	0
0.38	0
1.42	0
17.22	0
16.61	1
17.22	0
0.06	0
17.22	0
17.27	1
0.03	0
2.73	0
17.22	0
0	0
0.8	0
16.61	1
17.06	0
0.65	0
2.06	0
1.12	0
0.66	0
1.3	0
0.56	0
11.63	0
0.32	0
1.07	0
0	0
0	0
16.89	0
0.99	0
6.89	0
3.92	0
0.19	0
0.35	0
4.57	1
1.09	0
11.67	0
12.12	0
1.61	0
0.63	0
2.88	0
8.31	0
17.22	0
4.47	0
11.61	1
0.53	0
0.34	0
17	0
17.22	0
11.09	0
3.26	0
0.92	0
0.37	0
5.91	0
0.64	0
5.32	0
0.39	0
10.81	0
12.24	1
11.84	0
0.03	0
0	0
17.22	1
0.66	0
0.92	0
2.05	0
17.22	1
4.89	0
17.22	0
1.57	0
0.17	0
0.11	0
15.72	0
1.3	0
0.64	0
0.43	0
17.22	0
0.26	0
0.65	0
0.11	0
8.37	0
0.18	0
16.57	1
16.61	0
0.11	0
17.27	1
0	0
1.72	0
14.11	0
1.27	0
0.14	0
11.44	0
16.61	1
4.01	0
16.87	0
2.25	0
17.18	1
0.7	0
1.14	0
17.27	1
17.15	0
11.1	0
2.07	0
11.77	1
17.22	1
0.71	0
16.61	1
11.76	1
3.46	0
0.91	0
0.07	0
17.22	0
0	0
2.09	0
13.5	0
16.61	1
16.61	0
0.03	0
1.44	0
14.05	0
0.56	0
8.1	0
0.85	0
2.26	0
15.64	1
7.68	0
0.88	0
17.22	1
0	0
0	0
0.44	0
0.36	0
1.28	0
17.18	0
11.27	0
0	0
17.22	0
6.81	0
0.05	0
1.18	0
2.62	0
16.61	0
17.22	0
2.85	0
0.66	0
16.61	1
15.31	0
17.22	1
17.27	0
13.63	0
0.32	0
17.15	0
16.55	0
1.51	0
0.04	0
16.45	0
0.48	0
8.5	0
16.61	0
0.89	0
17.22	0
1.88	0
0.3	0
9.02	0
0.15	0
0.69	0
16.59	0
17.27	0
17.23	0
0.54	0
16.59	1
0.08	0
14.08	0
16.82	0
16.61	0
16.3	0
0.51	0
0.19	0
9.01	0
0.28	0
16.55	1
6.81	0
0.69	0
0.8	0
0	0
2.76	0
17.21	1
0	0
16.61	1
1.74	0
16.61	0
16.41	1
11.07	1
0	0
0.51	0
0.21	0
0	0
17.22	0
17.24	1
0.92	0
11.64	0
15.64	0
0.22	0
16.61	0
0.08	0
16.61	1
16.61	0
17.21	1
17.21	1
1.22	0
0.91	0
1.22	0
17.12	1
0.08	0
16.61	1
16.59	1
7.64	0
16.36	0
9.15	0
13.88	0
17.22	1
0.65	0
1.66	0
11.54	1
0.4	0
3.1	0
0.5	0
0.66	0
11.27	1
0.64	0
17.22	1
1.31	0
16.51	1
16.61	0
0.63	0
17.14	1
0	0
0	0
0.42	0
2.32	0
16.61	1
0.5	0
16.41	1
16.59	1
17.22	0
17.2	0
17.22	1
1.99	0
0.34	0
14.93	1
16.41	0
14.02	0
0	0
1.66	0
10.33	0
15.71	1
3.89	0
17	0
1.44	0
16.61	0
17.27	0
0.85	0
8.23	1
17.22	1
0.5	0
0	0
2.87	0
16.41	1
13.38	0
16.5	1
0.11	0
0.04	0
0.18	0
0	0
0.14	0
0.65	0
16.94	1
17.22	0
17.1	1
3.73	0
17.21	0
0.83	0
0.79	0
0.72	0
15.95	0
16.63	0
6.62	0
16.65	1
17.21	0
11.58	1
1.26	0
1.02	0
0.69	0
10.74	1
0.9	0
17.15	0
1.05	0
17.09	0
1.4	0
16.4	0
8.23	0
17.22	0
2.96	0
16.61	1
17.21	1
2.23	0
17.27	0
0.64	0
0.77	0
2.13	0
1.41	0
8.62	0
16.57	0
2.22	0
0.68	0
16.59	1
16.61	1
0	0
0.54	0
16.59	0
17.27	0
0.09	0
17.28	0
2.97	0
17.16	0
1.1	0
16.61	0
1.16	0
16.59	1
16.61	0
0.12	0
0.12	0
0.4	0
1.68	0
16.61	0
0.68	0
1.41	0
0.8	0
17.22	0
17.27	0
0.51	0
16.61	0
16.16	0
1.09	0
15.9	0
0.5	0
0.98	0
16.61	0
9.47	0
2.89	0
3.43	0
0	0
16.61	0
0.52	0
0.64	0
2.93	0
3.02	0
17.21	1
2.39	0
0	0
17.18	0
11.26	1
2.19	0
6.4	0
16.61	0
16.59	0
13.14	0
11.26	0
0.11	0
0.13	0
0.63	0
0.17	0
16.61	0
0	0
14.78	0
15.35	1
1.55	0
4.58	0
4.46	0
8.1	0
0.56	0
12.02	0
1.31	0
16.61	0
16.59	1
17.22	0
17.22	1
17.27	0
1.42	0
12.46	0
4.67	0
8.87	0
12.4	0
15.43	0
4.89	0
0.05	0
15.6	0
17.27	0
17.03	0
0.63	0
16.59	1
16.41	0
0	0
16.54	1
17	0
16.95	1
7.64	0
1.05	0
0.64	0
0	0
17.22	1
17	0
11.78	1
17.21	0
0.45	0
0.46	0
1.18	0
0	0
0.39	0
0	0
0	0
7.33	0
9.41	1
17.21	1
17	1
16.41	1
0.63	0
11.81	1
16.61	1
16.41	1
0.24	0
0.36	0
1.21	0
0.08	0
3.85	0
0.55	0
0	0
14.03	0
0.64	0
0.93	0
17.22	1
7.27	1
17.22	0
2.27	0
0	0
0.46	0
16.61	0
0.91	0
9.06	1
17.22	1
8.95	0
0	0
17.22	0
17.22	0
3.95	0
3.07	0
0.22	0
8.37	0
2.87	0
17.22	1
0.28	0
17.22	1
0.06	0
1.08	0
10.81	1
0.05	0
0.05	0
16.61	1
4.55	0
17	0
17.27	0
17	1
0.43	0
16.95	0
0.39	0
1.35	0
16.42	0
14.84	0
0	0
16.55	0
2.85	0
0.17	0
0.06	0
1.14	0
15.48	0
0.6	0
0.75	0
16.61	0
0.69	0
0.78	0
17.27	0
17.22	0
11.98	0
0.07	0
1.01	0
17.28	0
17	1
0.05	0
0.17	0
0.24	0
16.61	1
0.32	0
2.29	0
17.27	0
0	0
17.28	0
3.88	0
13.53	1
11.93	1
0.71	0
17.21	0
0	0
0.04	0
0.44	0
1.28	0
0.57	0
0.4	0
0	0
16.61	1
16.24	0
16.61	0
2.33	0
0.19	0
0.39	0
0.57	0
16.61	1
11.11	1
16.84	0
17	0
17	1
3.14	0
0	0
17.22	1
1.3	0
17.22	0
0.48	0
16.61	0
0.69	0
16.61	1
17	0
0	0
16.61	0
17.22	1
13.99	1
16.61	1
17	1
0.53	0
0	0
1.83	0
13.95	1
14.78	0
15.71	1
11.63	1
2.28	0
3.31	0
1.7	0
17.18	1
16.61	1
16.61	0
3.82	0
11.7	1
0.89	0
0.92	0
1.75	0
0.65	0
9.07	0
17.22	0
10.35	0
16.61	1
11.73	1
16.59	1
0.63	0
2.22	0
16.57	1
17.15	0
1.06	0
0.19	0
11.84	0
8.61	0
16.16	0
3.21	0
0.8	0
17.22	0
0.77	0
0.72	0
16.61	0
17.06	1
0.24	0
17.22	0
16.61	0
13.88	0
0	0
0.21	0
11.77	0
0.58	0
11.54	0
7.57	0
6.2	0
5.17	0
16.61	0
0.23	0
16.59	0
17.22	0
17.22	1
3.06	0
16.87	1
1.15	0
17.21	0
0	0
0	0
16.61	1
17.27	0
6.48	0
16.87	0
0.26	0
16.57	1
0.07	0
0	0
16.61	0
0	0
17.22	1
14.76	0
2.3	0
8.24	0
7.09	0
0.6	0
0	0
17.22	1
1.04	0
16.61	0
0.9	0
11.53	0
17.21	1
0.47	0
0.38	0
14.01	0
17.21	0
17.23	0
0.9	0
17.22	0
1.12	0
0.05	0
16.55	0
16.61	1
3.21	0
17.21	0
0.68	0
0	0
0.56	0
0.9	0
1.93	0
2.35	0
0.37	0
0.24	0
0.05	0
0.16	0
17.15	1
16.55	0
17.22	0
10.32	0
0.7	0
16.41	0
0.44	0
12.69	0
0.2	0
16.61	0
17.27	0
11.25	0
8.24	0
8.34	0
0	0
17.18	1
17.27	0
16.61	0
0.89	0
1.79	0
0.81	0
1.51	0
13.55	0
0.21	0
1.03	0
17.22	1
16.41	0
0.12	0
0.32	0
17.17	1
17.22	0
15.3	0
0.75	0
0	0
0	0
0.67	0
0.18	0
2.21	0
0.55	0
8.13	0
17.27	0
0.98	0
17.22	1
17.22	1
1.37	0
1.82	0
17.22	0
16.33	1
1.36	0
11.63	0
17.22	1
16.61	1
0.22	0
10.48	0
1	0
0.66	0
0	0
17.22	1
16.57	0
1.19	0
16.57	0
17	0
0	0
0.4	0
0.75	0
0.56	0
17.27	0
0.61	0
0	0
5.75	0
0	0
2.01	0
17.21	1
0.67	0
16.61	1
1.53	0
0.58	0
0.05	0
7.71	0
1.74	0
16.61	1
17.12	0
7.72	0
16.61	1
0.2	0
0.2	0
8.41	1
17	0
1.28	0
16.57	0
16.59	0
0.9	0
0.09	0
0.93	0
0.8	0
0.77	0
5.35	0
0.09	0
0.17	0
0	0
16.61	0
17.16	0
3.53	0
2.8	0
16.94	1
0.53	0
0.21	0
0.11	0
0	0
16.61	0
0	0
0.72	0
0.37	0
1.95	0
1.2	0
0.04	0
17	1
0.75	0
3.3	0
0.68	0
15.3	0
1.21	0
0.46	0
17.22	1
16.61	0
0.64	0
0.22	0
17.09	0
16.65	0
0	0
3.42	0
0	0
0.65	0
5.8	0
4.52	0
16.59	1
16.61	0
16.61	1
11.42	1
17	0
16.6	0
17.27	0
7.08	1
1.64	0
1.03	0
16.59	0
16.61	1
17.23	0
0	0
16.61	0
0	0
0.5	0
3.24	0
17.22	1
16.55	0
17.18	0
9.05	1
17.22	1
16.57	0
0.19	0
0.04	0
5.22	0
0	0
16.67	1
0.94	0
0.12	0
0	0
0	0
0.12	0
0.62	0
0.51	0
16.03	0
2.33	0
17.21	0
0	0
14.22	0
17.27	0
17.22	0
16.57	0
6.4	0
17.21	1
7.25	0
2.06	0
0.9	0
16.16	0
16.36	0
0.57	0
0	0
4.02	0
12.15	0
16.57	1
0.61	0
1.67	0
0.81	0
16.61	1
0.08	0
17.28	0
17.22	1
11.87	1
10.35	0
7.82	0
0.97	0
0	0
17.27	0
0	0
0	0
17.22	0
1.21	0
4.87	0
1.33	0
17.22	1
5.7	0
0.1	0
16.61	1
0.24	0
0.97	0
0.09	0
16.41	0
0	0
17.22	1
11.58	0
17.22	1
16.61	0
0	0
0.91	0
17.22	0
0	0
0.32	0
1.02	0
10.63	1
0.74	0
17.27	0
0	0
0.05	0
16.59	1
0.17	0
0	0
0	0
3.2	0
0.77	0
17.27	0
0	0
12.88	0
1.09	0
0.9	0
17.22	1
0.33	0
15.07	0
0	0
0	0
0.89	0
6.36	0
17.22	1
9.99	0
0.6	0
0.1	0
17.22	0
9.5	0
0.76	0
7.25	0
17.21	0
3.12	0
17.27	0
1.55	0
0.53	0
10.56	0
0.44	0
16.61	1
16.61	0
2.82	0
2.77	0
1.18	0
15.71	1
11.35	0
0	0
0.36	0
16.65	0
0.48	0
0.68	0
0.35	0
16.61	1
0.42	0
17.21	0
0.16	0
0.62	0
9.72	0
16.61	1
6.67	0
1.36	0
0.63	0
1	0
0.7	0
16.61	1
17.22	0
4.6	0
14.01	0
16.95	0
0.08	0
14.51	0
16.61	0
16.61	0
5.92	0
0.02	0
0.58	0
1.04	0
3.14	0
1.38	0
11.42	1
3.13	0
15.64	1
13.3	0
11.22	1
0.09	0
3.17	0
7.36	0
13.69	0
0.74	0
17.27	1
17	0
0.12	0
1.13	0
17.27	0
16.57	1
0.94	0
4.71	0
0.75	0
11.81	0
1.24	0
0	0
1.66	0
0.32	0
0	0
17.06	0
0.2	0
17.23	0
16.61	0
9.49	0
17.17	0
1.7	0
1.05	0
17	1
9.39	0
16.59	1
17.27	0
0	0
17.23	0
0.43	0
0.86	0
1.36	0
1.34	0
17.27	1
17.27	0
13.11	0
8.98	0
11.74	0
11.06	0
1.22	0
6.07	0
1.69	0
0.3	0
17.22	0
0	0
17.22	1
16.18	0
0.82	0
17.23	0
0.12	0
10.79	1
3.93	0
0.95	0
1.32	0
1.76	0
9.49	1
0.7	0
1.07	0
3.87	0
1.83	0
0.47	0
10.84	0
17.21	0
11.81	1
11.62	0
16.38	0
16.59	0
0.09	0
0.82	0
0.55	0
0.34	0
0	0
17.22	1
0.96	0
0.34	0
0	0
0.24	0
7.57	0
15.42	0
0.63	0
17.27	0
0	0
0	0
0.09	0
11.63	1
1.2	0
17.15	0
0.86	0
2.78	0
3.36	0
1.87	0
17	1
17.27	1
16.41	1
6.46	1
16.61	1
3.57	0
4	0
1.01	0
1.17	0
16.61	0
0.79	0
5.13	0
5.03	0
10.94	1
15.54	1
4.4	1
1.82	0
17.21	1
17	0
17.07	0
17.18	1
0.64	0
8.12	0
0.61	0
0.71	0
0.62	0
17.06	0
17.22	0
1.15	0
0.04	0
14.83	0
16.61	0
1.67	0
17.28	0
0.02	0
17.22	0
9.64	0
0	0
17.28	0
12.18	0
0.49	0
4.97	0
17.27	0
2.09	0
0.4	0
10.29	0
1.01	0
17.27	1
16.61	1
17.22	0
17.27	0
17.22	0
2.15	0
4.24	0
17.27	0
0.92	0
11.58	0
1.11	0
14.38	0
0.4	0
16.61	0
17.27	0
1.07	0
0.42	0
0.68	0
8.27	0
3.46	0
17.27	0
0.7	0
9.77	0
0.52	0
0.47	0
1.33	0
0	0
0.56	0
17	1
17.23	1
0.65	0
0.65	0
1.41	0
10.88	0
0	0
0.93	0
17.22	1
0.75	0
17.22	1
0.76	0
3.03	0
3.82	0
0.62	0
17.2	1
0.26	0
16.61	1
0.11	0
0	0
14.21	0
16.65	0
0.05	0
16.61	0
16.61	0
0	0
17.17	0
0.65	0
0	0
0.67	0
17.22	0
0	0
1.2	0
0.17	0
0.47	0
0.73	0
9.02	0
0	0
16.54	1
1.19	0
0	0
1	0
0.57	0
0.27	0
0.04	0
4.56	0
16.6	1
10.48	0
16.54	0
17.22	0
17.22	0
10.99	1
0.44	0
16.61	1
4.92	0
17	1
16.55	0
0.9	0
0.67	0
1.44	0
0.88	0
0.09	0
0.83	0
0.76	0
1.08	0
0.23	0
0.18	0
0	0
17.27	0
2.1	0
17.21	1
17.22	1
16.61	0
16.61	0
16.61	0
3.03	0
17.22	0
0.27	0
8.81	0
0	0
1.24	0
17.16	0
16.61	0
4.56	0
9.59	0
16.61	0
0.4	0
0.64	0
17.27	0
16.61	0
16.61	1
0.08	0
0.05	0
15.58	1
0.86	0
17.22	0
17.23	0
0.62	0
10.36	0
2.33	0
0	0
0.6	0
0.05	0
0.17	0
0.32	0
16.61	0
17.22	0
3.13	0
16.59	1
11.45	1
0.85	0
15.65	0
0.59	0
0	0
0.54	0
16.57	0
17.22	0
0.52	0
16.61	1
4.09	0
0.28	0
0.17	0
0.65	0
14.82	1
8.62	0
1.74	0
14.84	1
0.45	0
12.01	0
16.27	1
0.52	0
15.64	0
0	0
0.5	0
9.5	0
0.62	0
16.59	0
13	0
3.06	0
17.21	0
11.75	0
0.89	0
0.94	0
0.66	0
17.22	0
17.22	1
0.58	0
15.64	0
16.52	1
0.89	0
16.61	1
16.97	0
17.21	1
17.28	0
11.76	0
0.14	0
16.59	0
16.61	1
17.22	0
16.59	0
11.78	0
16.61	0
17.21	0
17.22	1
0.46	0
0.32	0
16.61	0
16.61	0
17.27	0
16.42	1
17.21	1
0	0
16.13	0
0	0
0.6	0
17.27	0
1.12	0
17.22	0
0.74	0
17.22	0
17.22	0
17.28	0
5.63	0
7.31	0
0.11	0
17.22	1
17.27	0
15.08	1
0.63	0
16.57	0
0.8	0
7.3	0
16.61	0
14	0
3.35	0
17.22	0
17.21	1
16.55	0
16.61	0
1.22	0
0.59	0
0.9	0
16.59	1
10.64	0
17.22	0
17.27	0
0.77	0
0.87	0
6.7	0
0.8	0
0.24	0
0.61	0
13.55	0
0.2	0
16.57	0
0	0
0.77	0
4.61	0
0	0
1.53	0
0.99	0
17.27	0
0.61	0
2.71	0
0.64	0
16.61	0
16.61	0
0.33	0
16.16	0
15.95	1
0.92	0
16.61	0
6.47	0
0.83	0
0.79	0
0.3	0
0.46	0
17.22	0
7.9	1
0.75	0
16.55	0
17.27	0
0.08	0
0	0
0.55	0
0.48	0
16.12	0
16.61	0
9.48	0
0.26	0
0	0
0.09	0
2.41	0
3.18	0
15.03	0
0.07	0
0.55	0
8.53	0
16.82	0
6.87	0
17.14	0
16.55	0
0	0
17.27	0
16.59	1
17.2	0
0.23	0
11.12	0
16.61	1
6.24	0
17.21	1
16.61	0
0.64	0
0	0
16.61	1
0.7	0
16.41	0
0.23	0
17.22	0
0.1	0
0.66	0
1.96	0
0.48	0
17.21	1
16.59	0
16.57	1
6.5	0
1.41	0
0.56	0
1.4	0
0	0
7.28	0
0.36	0
12.98	0
12.78	0
14.59	0
11.55	0
15.57	0
0.64	0
0	0
16.36	0
0.55	0
16.52	1
2.26	0
0.54	0
16.61	1
0.56	0
16.61	1
10.96	0
0.25	0
15.92	0
0.58	0
17.21	1
0.84	0
2.5	0
0	0
0.67	0
17.22	0
0.2	0
16.61	0
11.17	1
3.92	0
0.9	0
16.47	0
12.14	0
16.94	0
0.12	0
0.53	0
16.61	0
17.2	0
16.61	1
2.63	0
1.5	0
17	1
0	0
17.22	0
1.9	0
0.73	0
3.18	0
16.61	1
11.01	1
0.26	0
17.15	1
16.59	1
0.75	0
0.08	0
11.38	1
0.04	0
1.37	0
11.45	0
1.74	0
17.21	1
6.09	0
1.5	0
15.24	0
15.14	0
0.6	0
2.58	0
1.16	0
0.07	0
16.57	1
16.61	1
3.94	0
15.16	0
7.83	0
12.48	0
0.72	0
0.37	0
17.27	1
17.17	1
12.71	0
0	0
1.03	0
6.46	1
0.78	0
0.07	0
1.47	0
17	0
0	0
17.22	0
16.59	0
17.22	1
1.96	0
0	0
1.67	0
0.6	0
6.46	0
10.28	0
16.84	1
2.87	0
0.22	0
0	0
0	0
4.32	0
0.82	0
9.29	0
0.64	0
11.69	1
17.28	1
0.21	0
11.51	0
16.71	0
16.61	1
6	0
5.11	0
17.22	1
1.01	0
16.61	1
17.15	0
16.65	1
17.17	1
1.04	0
0.68	0
0.92	0
1.17	0
9.76	1
0.08	0
8.26	0
1.1	0
0	0
9.3	0
8.17	1
17.22	1
0.83	0
16.57	0
17.27	0
16.57	0
16.61	1
9.04	0
3.69	0
1.08	0
16.61	0
0	0
16.66	0
17.22	0
16.41	0
0.6	0
17.22	1
16.59	1
0.72	0
16.46	0
17.22	0
0.74	0
1.97	0
17.22	0
17.27	0
17.22	0
1.23	0
0.03	0
16.57	1
0.97	0
0.77	0
0.73	0
0.07	0
17.21	1
0.58	0
0.61	0
0.92	0
17.22	0
16.61	0
12.5	0
7.5	0
0.59	0
0.08	0
0.5	0
0.79	0
11.74	0
17.22	1
12.63	0
0.07	0
3.08	0
0.79	0
1.38	0
1.33	0
0.13	0
6.94	0
17.22	0
0.1	0
0.15	0
17.22	0
2.77	0
1.15	0
0.26	0
0.23	0
17	1
0.64	0
0.62	0
6.18	0
2.93	0
13.7	0
17.27	0
0.95	0
16.89	0
1.99	0
1.31	0
13.26	0
0.36	0
0.05	0
4.37	0
17.22	1
16.61	0
0.79	0
0.68	0
13.84	0
14.83	0
1.16	0
2.19	0
15.63	0
1.49	0
0	0
1.68	0
11.35	0
17.16	0
17.22	0
15.79	0
11.78	0
16.61	0
0.34	0
0.86	0
11.67	0
16.61	0
0	0
5.43	0
9.5	0
1.58	0
7.72	0
17.21	0
0.66	0
0.07	0
0.27	0
1.12	0
0.12	0
0.3	0
0.37	0
17.22	0
16.59	1
16.94	0
15.64	1
0.62	0
16.61	0
16.36	0
1.17	0
17.22	0
2.85	0
0.75	0
1.17	0
0.52	0
1.03	0
17.21	0
0.07	0
0.65	0
0.67	0
16.61	0
0	0
7.44	0
16.61	1
17.22	1
0.09	0
17.27	0
7.29	0
16.59	0
16.61	0
0.72	0
1.25	0
6.25	0
3.91	0
0	0
16.61	0
0.62	0
0	0
12.92	0
0.37	0
16.59	0
4.2	0
17.05	1
0.11	0
0.69	0
15.61	0
4.12	0
0.31	0
0.06	0
17.27	1
16.59	0
11.46	1
15.64	0
0.14	0
0.42	0
6.84	0
2.37	0
0.25	0
0.81	0
0.86	0
1.21	0
0.54	0
10.88	0
0.39	0
17.21	1
3.09	0
2.17	0
1.11	0
4.03	0
15.62	0
1.85	0
16.61	1
0.73	0
0.56	0
1.28	0
1.14	0
0.9	0
11.73	1
0.47	0
0.52	0
5.85	0
0	0
17.22	1
0.2	0
11.23	0
5.45	0
1.27	0
17.22	1
0.88	0
0.05	0
0.35	0
0.55	0
10.28	0
16.41	0
17.15	0
17.22	0
17.21	1
13.88	0
9.25	0
17	0
2.42	0
1.3	0
16.61	0
0.87	0
16.61	0
16.16	1
0.06	0
16.59	0
4.5	1
16.99	0
13.26	0
0.41	0
0.06	0
2.76	0
2.25	0
1.29	0
11.43	1
3	0
0.29	0
0.03	0
0.11	0
0.77	0
0.96	0
16.61	0
0	0
0.47	0
16.61	1
12.19	0
17.22	1
16.41	0
0.79	0
16.61	1
0.47	0
17.27	0
15.57	1
1.51	0
0	0
0.03	0
0.94	0
0.79	0
0.54	0
0.92	0
0.98	0
11.28	0
17.22	0
16.61	1
0	0
15.71	1
0.8	0
0	0
0.82	0
1.38	0
16.55	1
17	0
11.5	1
1.83	0
0.61	0
0.89	0
0.92	0
16.57	1
2.97	0
17.22	1
2.01	0
15.24	0
14.23	0
0.51	0
17.27	1
16.41	1
2.1	0
4.21	0
0.31	0
0	0
1.28	0
0.09	0
0	0
16.61	0
0.51	0
17.22	1
17.21	0
15.77	0
3.03	0
0	0
11.75	0
17	1
1.25	0
0.39	0
0.07	0
1.43	0
0	0
17.22	1
0	0
16.61	1
2.51	0
2.21	0
1.6	0
0	0
17.21	0
17.22	0
0.7	0
17.22	0
12.63	0
0	0
17.22	1
17.06	0
0.55	0
17	1
15.27	0
0.14	0
16.61	0
9.43	0
0	0
17.23	1
0.59	0
0.17	0
16.59	1
17.28	0
16.61	1
1.16	0
0.6	0
0.13	0
0.72	0
1.2	0
0	0
7.06	0
16.61	0
0.95	0
2.59	0
4.73	0
1.12	0
0.34	0
16.61	0
0.63	0
17.27	1
1.52	0
17.16	1
16.57	1
17.17	1
17.22	0
17.21	1
17.27	0
16.7	0
17.21	0
10.68	1
3.96	0
0.62	0
9.44	0
0.78	0
0	0
17.27	1
16.11	1
4.03	0
0.37	0
0	0
0.83	0
17.22	0
11.93	1
16.36	1
11.3	0
17.21	1
16.61	1
0.7	0
0	0
3.37	0
0.79	0
0.69	0
11.55	0
17	0
0.99	0
0.77	0
9.64	0
0.32	0
0	0
0.45	0
7.85	0
6.41	0
0.71	0
17.15	0
0.36	0
0.73	0
0.68	0
4.41	0
0	0
17.27	1
11.27	0
16.59	1
0.38	0
0	0
10.83	0
17.22	1
17	0
10.16	1
17	1
1.06	0
1.68	0
17.27	1
1.78	0
16.41	1
7.73	0
0.37	0
0.62	0
0.87	0
17.22	0
16.59	1
0	0
0.74	0
0.38	0
0.34	0
0	0
1.18	0
9.91	1
17.27	0
1.34	0
12.68	0
4.77	0
0	0
16.41	0
16.61	1
0.46	0
0	0
6.99	0
0.42	0
17.22	0
17.27	0
16.61	0
1.23	0
1.41	0
0.64	0
16.59	0
1.05	0
1.62	0
0	0
17.21	1
0.3	0
0	0
1.61	0
17.21	0
0.31	0
16.61	0
0.93	0
1.39	0
0.07	0
0.22	0
16.61	0
0.15	0
16.59	0
0.22	0
16.57	0
17.27	0
0.29	0
2.48	0
17.27	0
15.24	1
11.01	0
12.89	0
0.06	0
0.25	0
0.58	0
11.57	0
0.79	0
1.88	0
16.54	1
0.74	0
11.35	0
16.61	1
1.75	0
0.71	0
16.61	0
15.95	0
0.16	0
17.27	0
17.22	0
2.13	0
16.59	1
0	0
16.59	0
14.43	0
16.61	0
17.17	0
13.51	1
0.17	0
16.61	0
17.27	0
17	0
2.14	0
1.51	0
0	0
0.03	0
0.07	0
7.53	0
0.09	0
9.02	0
0.61	0
14.72	0
15.95	0
0.62	0
17.21	1
0.55	0
0.75	0
1	0
16.11	0
17.22	1
0.35	0
17.21	1
0.56	0
0.46	0
16.56	0
1.07	0
10.85	0
0.23	0
1.26	0
16.31	0
16.57	0
0.56	0
0.7	0
0.74	0
1.18	0
5.1	0
0.89	0
0.14	0
17.22	1
0.07	0
0.09	0
0.34	0
14.04	0
2.31	0
15.24	0
2.97	0
17.27	1
16.59	0
17.21	0
16.61	0
17.27	1
3.21	0
16.61	0
5.51	0
4.29	0
16.61	0
0	0
16.46	0
4.68	0
0.74	0
17.27	0
17.21	1
0.55	0
16.66	0
2.77	0
11.57	1
0	0
0	0
0.07	0
1.03	0
0.53	0
0	0
16.61	0
10.38	0
17.2	0
16.56	0
17.22	0
16.59	1
1.77	0
0.75	0
16.57	0
4.76	0
16.65	1
17.24	0
8.28	0
16.61	1
0.66	0
16.61	0
13.82	0
17.22	0
0	0
0.86	0
0	0
7.22	0
16.57	0
17.22	0
0	0
15.71	1
0.84	0
17.22	1
16.61	1
1.18	0
9.17	0
1.23	0
0.59	0
0.03	0
0.15	0
0.1	0
1.24	0
11.44	0
1.39	0
17.28	1
17.27	0
17.22	0
13.01	0
0.37	0
8.08	0
0	0
1.99	1
16.61	0
10.97	1
0.19	0
4.94	0
17.22	0
0.77	0
12.95	0
0.16	0
0.36	0
0.41	0
17.15	0
0.99	0
5.72	0
16.61	1
1.17	0
0.26	0
2.67	0
17.22	0
17.22	0
16.24	0
0.38	0
1.21	0
0.13	0
17.27	0
16.57	1
1.06	0
16.55	1
17.27	0
5.25	1
1.09	0
17.27	0
2.4	0
15.65	0
16.59	1
0.71	0
16.59	1
5.76	0
17.21	1
0.26	0
1.41	0
16.94	1
16.61	1
0.62	0
4.78	1
1.1	0
2.79	0
12.44	0
0.5	0
17.06	1
16.61	1
17.22	1
17.22	0
2.12	0
0.32	0
2.08	0
2.74	0
17	1
0.67	0
14.08	0
0.11	0
2.13	0
9.43	0
14.87	0
3.74	0
16.61	1
10.98	0
15.71	1
2.77	0
4.09	0
11.24	0
17.27	0
0.26	0
3.07	0
0.76	0
0.13	0
0.63	0
7.12	1
0.48	0
1.73	0
11.31	0
6	0
17.18	1
15.31	0
17.22	0
16.55	0
2.45	0
16.59	0
1.62	0
0.17	0
5.83	0
17.22	1
0	0
8.71	0
2.8	0
9.35	1
11.73	0
17.22	1
10.97	0
17.27	0
0	0
7.76	0
0.74	0
0.61	0
0.79	0
6.62	0
0.36	0
0.07	0
0.75	0
2.16	0
11.27	1
16.54	0
8	0
8.74	0
0.53	0
0	0
7.97	0
11.22	0
11.93	0
1.88	0
10.26	0
16.55	0
1.01	0
17.27	1
16.59	0
0	0
5.36	0
17	0
14.19	0
0	0
16.61	0
16.76	1
0.66	0
0.72	0
1.64	0
1.11	0
1.22	0
11.49	0
16.41	1
16.61	0
17.18	0
0.77	0
16.61	1
17.27	0
2.38	0
16.59	0
1.06	0
9.97	0
0.5	0
17	1
3.34	0
16.61	0
0.6	0
0	0
16.87	0
0.94	0
0.64	0
2.81	0
1.58	0
11.67	0
0.59	0
1.22	0
0.14	0
16.52	0
3.26	0
0.31	0
0.91	0
0	0
17.21	0
16.56	0
0.9	0
2.34	0
0.25	0
16.57	1
0	0
15.43	0
0.53	0
2.51	0
9.93	0
0.54	0
17.21	1
17.21	0
0.15	0
1.73	0
4.68	1
17.22	0
9.49	0
0.33	0
11.53	0
2.43	0
0.41	0
0	0
16.59	0
16.94	1
16.61	0
11.74	0
0.48	0
0.03	0
1.55	0
0.85	0
16.59	0
17.06	0
17	0
0.38	0
0.66	0
17	1
16.57	0
0.23	0
0.94	0
16.61	0
0.47	0
16.47	0
0.09	0
0.27	0
5.99	0
1.15	0
10.33	0
16.98	1
16.61	1
1.15	0
14.98	0
12.15	0
17.06	0
16.61	0
0	0
17.22	1
0.12	0
16.59	0
17.21	1
0.3	0
0.13	0
2.97	0
0.11	0
0.31	0
2.35	0
0	0
16.36	1
0.19	0
16.47	0
10.63	1
16.59	1
1.34	0
15.71	0
6.43	0
0.21	0
0	0
5.23	0
11.74	0
10.26	0
8.67	0
1.33	0
2.91	0
0.66	0
17.22	0
17.27	0
0.59	0
0.87	0
0.75	0
0.67	0
11.26	1
3.58	0
16.61	1
10.26	0
0.84	0
0	0
0.23	0
16.87	1
0	0
16.61	0
0.19	0
1.49	0
16.61	0
17.22	0
17	0
11.61	0
0.19	0
17	0
16.61	1
17.06	0
16.61	0
0.32	0
17.22	0
0.3	0
14.37	0
15.24	0
2.14	0
0.66	0
16.41	1
8.67	0
0.72	0
1.23	0
0.2	0
17.22	1
17.22	0
17.21	1
0.32	0
0.11	0
0.32	0
17.22	0
0.73	0
0	0
1.04	0
0	0
0.18	0
0.97	0
5.59	0
17.22	1
17.22	1
0.69	0
0.03	0
16.61	1
0.66	0
0.84	0
16.55	0
16.61	0
16.61	0
1.8	0
16.61	0
0.4	0
17.05	0
17.22	0
6.35	0
17.27	1
16.56	1
0.95	0
16.61	0
0.19	0
0.15	0
0.46	0
2.79	0
17.16	1
11.55	0
0	0
0	0
2.17	0
17.21	0
1.4	0
11.4	0
16.59	1
2.04	0
4.35	0
0.58	0
17.22	0
0.23	0
0.53	0
17.21	0
0.63	0
17.22	0
11.23	0
0.72	0
0	0
12.62	0
0.14	0
16.61	0
1.14	0
5.09	0
16.61	0
1.13	0
1.84	0
1.31	0
17.22	0
16.59	1
0.8	0
16.61	0
17.15	1
15.76	1
17.06	1
1.66	0
0.17	0
0.52	0
0.1	0
17.27	0
0.21	0
4.41	0
1.04	0
0	0
15.71	0
0	0
16.55	0
0	0
2.36	0
0.07	0
17.22	0
16.61	0
17.06	0
16.61	1
0.63	0
0	0
16.55	1
17.22	1
11.84	0
0.77	0
17.22	0
12.1	0
0.5	0
0.32	0
3.72	0
17.22	0
16.61	0
2.13	0
0.39	0
0.87	0
0	0
1.4	0
0.7	0
0.08	0
16.52	1
0	0
0	0
0.26	0
2.89	0
16.61	0
1.76	0
3.3	0
0.46	0
0	0
0.9	0
1.61	0
0.38	0
17.06	1
0.44	0
0.38	0
17.22	1
0.25	0
16.59	0
2.14	0
0	0
0.24	0
17.21	0
0	0
1.01	0
1.2	0
0.77	0
17	1
17.22	1
0.53	0
17.22	0
0.66	0
0.66	0
0.12	0
0.94	0
16.59	0
16.59	1
0.35	0
6.05	0
0.59	0
10.72	1
0.57	0
4.04	0
10.78	0
10.06	0
0	0
0	0
2.78	0
16.61	1
1.14	0
17	1
10.28	0
0.59	0
0.74	0
16.61	1
0.74	0
16.36	1
16.57	1
16.59	0
10.56	0
17.22	1
16.55	1
16.43	1
16.61	1
17.21	1
11.13	1
0.93	0
0.92	0
0.13	0
2.38	0
0.76	0
17.14	1
2.73	0
0	0
17.22	1
0.88	0
0.35	0
0.61	0
16.16	0
0.59	0
1.41	0
17.27	1
16.41	1
16.61	1
0.55	0
17.22	0
0.11	0
0.06	0
2.75	0
16.41	0
16.55	0
0	0
16.61	0
10.85	0
0.16	0
16.61	1
1.14	0
0.81	0
17.21	0
16.55	1
17.27	0
16.61	0
2.44	0
17.22	1
0.08	0
0.18	0
0	0
12.57	0
0.1	0
0	0
0.56	0
4.16	0
16.61	0
0.09	0
0.93	0
0	0
14.02	0
17.22	1
16.41	1
0	0
8.32	0
0.46	0
17.22	0
16.3	0
16.61	1
16.61	0
16.61	1
10.11	0
0.47	0
1	0
7.21	0
17.27	0
1.01	0
15.89	0
17.27	0
0.63	0
0.72	0
17.22	0
1.13	0
6.57	0
11.42	0
0.12	0
0.81	0
0.23	0
0.31	0
7.57	0
17.22	1
0	0
16.61	0
17.21	1
16.59	0
11.45	1
1.98	0
4.25	0
0.76	0
6.06	0
3.37	0
3.81	0
16.7	0
17.22	1
2.08	0
0.84	0
0.05	0
17.06	0
0.65	0
0.78	0
11.38	1
1.18	0
0.58	0
17.22	1
0.31	0
0.77	0
0.73	0
2.64	0
17.06	0
17.27	0
16.55	1
17.27	0
0.1	0
3.12	0
11.63	1
16.52	0
0.05	0
0.09	0
16.61	0
17.27	1
17.27	0
16.41	1
0.28	0
0.99	0
17.22	0
0.51	0
1.9	0
17.22	0
11.5	1
11.59	1
7.08	1
16.61	0
4.77	0
17	1
4.27	0
16.61	0
0	0
2.05	0
6.37	0
0.92	0
0	0
16.61	0
1.17	0
17.22	0
2.42	0
0.5	0
17.27	0
15.18	1
2.73	0
1.58	0
1.15	0
0.23	0
0.25	0
11.81	0
17.22	0
3.53	0
0	0
17	0
0.78	0
2.37	0
0.05	0
10.92	1
16.61	1
16.55	0
16.54	1
16.41	1
0	0
0	0
16.3	1
17.22	0
11.41	0
3.06	0
16.61	0
17.22	0
16.59	0
16.61	1
17.14	0
17.22	1
16.92	0
17.22	1
17.21	1
17.21	1
10.9	1
0.4	0
16.61	1
2.93	0
3.93	0
0.31	0
17.27	0
16.91	0
11.02	0
0.97	0
0.46	0
0.77	0
1.74	0
17.27	0
1.05	0
16.61	0
0.54	0
0.84	0
0.93	0
0.32	0
15.64	1
17	1
0.14	0
0.11	0
2.01	0
16.61	1
16.61	0
0.33	0
1.25	0
0.91	0
1.36	0
16.59	1
17.15	1
16.61	0
5.34	0
0.25	0
0.95	0
11.6	0
11.39	1
0.82	0
0.1	0
17.2	0
1.54	0
17.27	0
17.27	0
0	0
0	0
0.48	0
7.98	0
12.95	0
1.31	0
17.15	0
17.27	0
0.25	0
0.26	0
2.32	0
0	0
17.06	0
11.45	0
16.55	0
17.15	1
1.3	0
16.61	0
0	0
1.83	0
16.61	0
17	0
0.87	0
5.65	1
0.32	0
0.38	0
0.69	0
17.22	0
17.22	1
0.59	0
16.61	0
3.89	0
17.22	0
9.6	0
0.73	0
13	0
2.02	0
17.22	0
0.11	0
11.34	0
17.01	1
1.72	0
17.22	1
1.84	0
11.4	1
16.12	0
17.22	1
17.21	1
17.15	0
16.57	0
11.41	1
16.59	1
0.59	0
0.14	0
2.78	0
1.47	0
0.56	0
15.64	0
17.22	1
17.27	0
17.22	1
16.59	1
1.08	0
1.82	0
16.59	1
17.22	0
17.06	0
16.41	0
16.61	1
2.44	0
0.53	0
0.43	0
17.22	1
16.61	1
9.55	0
3.32	0
0.25	0
17.27	0
0.13	0
17.22	0
16.41	1
0.21	0
1.75	0
0	0
14.34	0
17.21	1
0.37	0
0.85	0
9.01	0
16.59	0
16.59	1
2.37	0
7.7	1
16.59	0
11.67	0
14.94	0
0.21	0
17.22	1
0.75	0
0	0
15.64	1
0.83	0
0.06	0
4.52	1
17.27	0
17.22	0
7.27	0
0.19	0
1.1	0
16.41	0
16.61	0
0.85	0
1.42	0
10.06	0
16.61	1
11.34	0
1.22	0
1.48	0
0.74	0
16.61	0
16.89	0
13.66	0
0.39	0
0.61	0
17.22	1
0.5	0
16.61	0
16.61	0
1.02	0
17.16	0
0	0
2.37	0
11.95	0
0.3	0
16.59	1
11.46	0
16.61	1
1.11	0
17.21	0
2.88	0
11.38	1
0.44	0
1.17	0
0.98	0
1.21	0
0.24	0
2.78	0
0.95	0
16.36	0
17.17	1
17.04	0
17.21	0
0.8	0
16.57	1
1.53	0
0.35	0
0.72	0
14.72	0
13.3	0
17.18	0
0.62	0
0.07	0
17	0
15.71	1
3.15	0
10.71	0
0.63	0
1.04	0
1.8	0
17.22	0
17.17	0
2.81	1
16.87	1
17.22	0
0.63	0
2.01	0
1.83	0
2.8	0
0.66	0
3.85	0
1.08	0
16.61	1
1.69	0
1.21	0
0.34	0
0.44	0
0.9	0
16.61	1
14.16	0
17.22	1
16.54	0
1.54	0
1.23	0
0.81	0
0.48	0
16.61	0
17.21	1
1.32	0
17.27	0
17.22	0
0.1	0
1.26	0
17.22	1
1.49	0
17.22	1
1.97	0
1.07	0
16.61	0
0.13	0
0	0
17.21	1
15.29	0
16.61	0
16.61	1
16.61	0
0	0
16.59	0
0.63	0
17	0
0.17	0
0.09	0
1.3	0
0	0
0.24	0
16.61	0
16.56	1
1.33	0
11.33	0
9.57	0
0.62	0
17.22	0
17.27	1
0	0
0.64	0
17	0
0.5	0
0.87	0
0.98	0
17.05	0
0.34	0
17	0
1.16	0
0.82	0
17.2	0
16.55	0
11.19	0
16.56	0
15.13	1
1.02	0
11.35	0
16.41	1
17.27	1
6.8	0
17.2	0
17.06	1
0.93	0
9.49	0
17.22	0
1.55	0
12.53	0
0	0
17.22	0
11.73	1
13.38	0
0.29	0
0.62	0
16.61	0
2.35	0
16.61	0
0.5	0
1.09	0
15.76	1
0.84	0
0.2	0
1.15	0
0.43	0
1.3	0
16.61	1
2.82	0
16.54	0
0	0
0	0
12.47	0
1.2	0
0.93	0
0.28	0
1.14	0
17.27	0
17.21	1
0.35	0
1.04	0
11.49	0
0	0
1.16	0
17.15	0
0.52	0
11.67	1
3.29	0
8.38	0
17.22	1
0.35	0
17.27	1
1.3	0
1.11	0
0.75	0
5.99	0
0.75	0
3.7	0
16.61	0
0.9	0
0.76	0
17	1
0.75	0
17.22	1
0.86	0
0.61	0
14.23	0
1.17	0
0.86	0
1.83	0
0.74	0
16.59	1
2.61	0
16.61	0
0.19	0
16.56	1
0.6	0
7.67	0
2.94	0
1.52	0
16.94	1
0.36	0
17.27	1
12.93	0
3.12	0
16.56	1
0.75	0
2.68	0
4.24	0
16.61	0
17.22	1
0.3	0
11.94	1
0	0
0.88	0
1.59	0
16.65	1
0.72	0
0.65	0
17.27	1
0.77	0
11.65	0
0.06	0
17.22	1
1.39	0
11.64	0
17.27	0
2.07	0
17.2	1
0.77	0
0.63	0
4.49	0
1.14	0
17.17	1
3.13	0
17.17	1
0.94	0
0.67	0
0.21	0
17.22	1
16.61	0
1.53	0
0.04	0
16.41	1
1.38	0
10.89	0
0.82	0
17.06	1
0.07	0
0.06	0
16.41	0
0.1	0
11.55	0
15.92	0
17.27	0
11.62	0
0.05	0
1.2	0
11.4	0
1.04	0
16.61	0
17.16	0
0.42	0
0.34	0
2.1	0
17.22	0
3.15	0
10.05	0
0.73	0
16.55	1
1.22	0
2.53	0
0	0
3.24	0
11.52	0
17.14	1
9.61	0
11.84	0
10.64	0
0.32	0
6.45	0
11.64	0
4.08	0
2.15	0
0	0
17.22	0
0.1	0
11.23	1
11.07	1
0.99	0
17.22	0
11.74	0
17.22	0
0.31	0
10.33	0
10.71	0
0	0
16.59	0
16.61	1
17.18	1
17.12	0
0.7	0
16.61	0
1.34	0
0.47	0
1.48	0
16.59	1
5.28	0
17.21	1
16.87	0
16.61	1
11.27	0
4.21	0
1.68	0
0.38	0
3.16	0
17.23	0
0	0
15.18	0
12.94	0
0.64	0
17.22	0
1.18	0
12.98	0
0.04	0
0.95	0
1.06	0
10.93	1
16.94	0
1.6	0
11.1	0
0.3	0
0.76	0
0.07	0
0.06	0
16.25	0
0.29	0
0.2	0
0.21	0
16.61	1
17.17	0
0.21	0
16.59	1
8.81	0
0.04	0
3.88	0
0.24	0
1.12	0
0.62	0
0	0
1.37	0
0.07	0
9.64	0
0.32	0
0.8	0
7.34	0
17	0
10.26	0
11.27	0
0.74	0
0.14	0
0.82	0
1.77	0
17.27	0
0.55	0
11.54	1
2.09	0
2.27	0
1.06	0
3.59	0
13.36	1
0.25	0
0.94	0
17.27	0
0.93	0
0.12	0
0.31	0
2.08	0
14.01	0
2.24	0
0.04	0
10.57	0
0.72	0
0.28	0
2.21	1
17.18	0
0.9	0
3.64	0
1.73	0
1.16	0
0.29	0
11.98	0
0	0
11.81	1
0.9	0
17.16	0
13.82	0
1.4	0
0.92	0
0	0
17.22	0
11.88	1
0.92	0
16.55	0
1.35	0
1.49	0
1.27	0
0.32	0
0.5	0
17.21	0
17.22	0
10.65	0
0.38	0
17.17	1
4.03	0
2.46	0
17.22	1
16.59	1
11.46	0
11.67	1
14.86	1
0.62	0
14.31	0
2.68	0
12.32	0
5.7	0
0.21	0
16.61	0
0.39	0
16.61	1
16.61	1
17	0
15.31	0
1.57	0
1.11	0
17.21	1
12.53	0
17.22	1
11.02	0
0	0
0.2	0
0.15	0
16.03	0
0.35	0
17.21	0
4.6	0
4.77	0
2.14	0
2.14	0
0.67	0
17.22	1
16.5	1
2.67	0
16.61	1
7.33	0
3.72	0
17.21	0
15.5	0
0.34	0
17.22	0
0.19	0
1.46	0
0.1	0
2.58	0
17.06	0
0.16	0
3.38	0
6.94	0
16.94	0
0	0
16.11	0
3.28	0
10.97	1
11.38	0
0.05	0
16.55	0
0.08	0
0	0
1.19	0
17.22	0
17.22	0
0	0
11.74	0
17.22	0
16.61	1
16.61	0
0.62	0
0.78	0
2.53	0
11.08	0
0.11	0
17.27	0
0	0
0.76	0
1.25	0
17.27	0
0	0
0.92	0
0.32	0
17.22	0
4.63	0
0.18	0
0.4	0
16.61	1
16.59	1
3.27	0
0.36	0
16.61	0
0.72	0
0.44	0
16.41	1
2.96	0
9.1	0
0.06	0
4.25	0
15.99	0
17.21	0
17.22	0
0.18	0
17.22	1
16.5	1
0.87	0
0.14	0
2.04	0
16.36	1
1.13	0
17.22	0
0.6	0
1.76	0
0.78	0
8.12	0
16.61	0
2.41	0
7.79	0
15.4	0
0	0
1.68	0
12.92	0
17.22	0
0	0
16.61	1
0.94	0
0.32	0
16.41	1
17.16	0
11.81	0
13.86	1
0.86	0
16.61	1
11.55	1
17.21	1
10.72	1
0	0
1.15	0
16.55	0
0	0
10.75	1
0.31	0
16.61	1
3.67	0
0.34	0
0.42	0
0.63	0
0.73	0
17.05	0
17.27	1
0.35	0
17.21	1
0	0
17.22	1
4.3	0
1.42	0
0	0
16.61	1
17.27	0
0.53	0
17.27	0
0.63	0
0.28	0
0.65	0
0.37	0
0.66	0
0	0
12.92	0
0	0
17.22	0
14.06	0
6.17	0
1.28	0
0.23	0
16.51	1
0.73	0
11.45	1
17.06	1
8.92	0
16.41	0
15.14	0
3.19	0
17.22	0
0.96	0
1.96	0
0.69	0
0.67	0
0.8	0
10.61	0
0.76	0
0.11	0
0.38	0
16.61	0
0.35	0
0.22	0
0.31	0
0.64	0
1.17	0
16.61	0
11.54	0
0.67	0
13.82	0
17.27	0
0.08	0
0.78	0
13.16	1
12.71	0
0.69	0
0.62	0
0.22	0
16.72	1
1.69	0
0.63	0
17.22	0
2.53	0
17.27	0
16.61	0
17	0
16.61	0
0.72	0
2.94	0
10.65	1
13.54	0
0	0
17.22	0
1.41	0
11.62	0
14.6	0
0.48	0
0.4	0
0.68	0
17.27	0
17.22	0
0.02	0
16.52	0
0.28	0
1.37	0
16.61	1
16.57	0
17.24	0
11.71	0
16.54	0
0.45	0
16.59	0
0.73	0
0	0
0.62	0
16.89	1
16.61	0
2.7	0
1.37	0
15.89	0
2.36	0
0.83	0
0.29	0
7.63	1
1.16	0
0.47	0
17.27	0
0.72	0
17	1
0.92	0
10.87	1
0.38	0
15.24	0
16.41	0
0.12	0
17.22	1
16.57	0
16.59	0
0.66	0
11.2	1
16.59	1
0.12	0
16.57	0
16.55	1
1.15	0
0.65	0
1.52	0
17.21	1
16.59	1
16.61	0
0.78	0
2.82	0
0	0
2.11	0
0.05	0
0	0
16.61	1
6.31	0
0.05	0
17.16	0
16.59	1
16.59	0
5.24	0
0	0
16.61	1
15.87	0
1.51	0
0.1	0
10.96	0
17.21	1
0.16	0
11.71	0
0	0
0.65	0
11.46	0
0.2	0
1.24	0
10.92	0
15.27	0
15.12	0
1.02	0
17.21	0
0.8	0
17.22	1
2.46	0
8.27	0
1.56	0
17.22	0
0.59	0
16.94	1
2.7	0
0	0
16.61	0
1.63	0
17.2	0
17	0
0.41	0
16.61	0
17.22	0
17.27	0
1.73	0
0.56	0
2.14	0
1.34	0
0.13	0
0.2	0
16.27	1
1.55	0
0.55	0
0.53	0
16.61	1
10.75	0
17	0
15.41	0
16.61	1
16.61	0
0.68	0
6.46	0
10.46	0
0	0
16.59	0
1.56	0
0.3	0
0.37	0
16.94	1
0	0
17.22	0
0.85	0
13.66	0
16.61	1
0.11	0
4.85	0
0.23	0
0	0
1.56	0
0.12	0
0.08	0
0.73	0
0.1	0
10.88	0
17.27	1
16.55	1
0	0
0.64	0
0.22	0
11.8	0
0.11	0
1.17	0
1.54	0
0.68	0
17	1
16.61	0
13.36	0
0.66	0
16.61	0
0.43	0
1.12	0
14.81	0
5.32	0
0.65	0
0.78	0
8.05	1
13.57	1
11.55	1
0.48	0
1.39	0
3.16	0
0.88	0
4.38	1
11.11	0
17.22	0
3.17	0
16.59	0
0.65	0
1.5	0
0.08	0
0.45	0
17.27	0
11.48	0
3.05	0
10.45	0
17.18	0
16.61	0
10.99	1
17.27	0
16.61	0
11.45	1
16.31	0
16.61	1
1.07	0
17.18	1
17.22	0
16.59	0
0	0
16.61	1
15.73	0
2.32	0
3.62	0
2.22	0
17.27	0
0.19	0
9.83	0
17.22	0
0	0
17.22	0
17.27	0
0	0
6.97	0
11.49	0
0.62	0
7.5	0
0.19	0
0.18	0
3.91	0
1.44	0
17.21	0
0.26	0
3.08	0
11.68	1
15.9	1
11.62	1
0.09	0
11.45	1
11.81	0
17.27	0
17.22	0
3.47	0
0	0
0.08	0
0	0
0.12	0
0.3	0
0.29	0
0.55	0
10.68	0
0.62	0
0	1
0	1
0	1
0	1
0	1
0	1
0	1
