0.9988	0
0.9673	0
0.8687	0
0.9261	1
0.9421	0
0.9357	0
0.9974	1
0.598	0
0.9959	0
0.3296	0
0.8995	1
0.4471	0
0.9797	0
0.9997	1
0.908	0
0.9667	0
0.5989	0
0.7854	1
0.5924	0
0.9992	1
0.9728	0
0.9333	0
0.4143	1
0.4772	0
0.9757	0
0.9485	0
0.9999	1
0.974	0
0.9504	0
0.6253	1
0.6119	1
0.9914	0
0.9548	0
0.9629	0
0.998	1
0.7966	1
0.9931	1
0.949	1
0.975	0
0.8766	0
0.9873	1
0.9703	0
0.3536	0
0.957	0
0.9932	0
0.8556	0
0.9891	0
0.9139	0
0.4974	0
0.9935	0
0.9361	1
0.9958	0
0.8145	0
0.9645	1
0.3933	0
0.5725	0
0.9445	1
0.9997	1
0.994	1
0.9984	0
0.6436	0
0.9503	0
0.9766	0
0.9854	0
0.9803	1
0.9417	0
0.9827	0
0.9979	0
0.9944	0
0.9985	1
0.7488	0
0.8551	1
0.9375	0
0.8713	1
0.9452	0
0.8366	1
0.6351	1
0.9485	1
0.9548	0
0.9638	1
0.5404	0
0.763	0
0.9736	0
0.3086	0
0.9577	0
0.8732	0
0.9929	0
0.7705	0
0.7816	0
0.9766	0
0.3012	0
0.9994	0
0.7501	0
0.9079	1
0.5465	0
0.9999	0
0.9952	1
0.656	0
0.3866	0
0.8603	0
0.9835	0
0.3681	0
0.9925	1
0.8962	0
0.868	0
0.9714	1
0.9853	0
0.9434	1
0.6156	0
0.9862	0
0.6332	0
0.7108	0
0.5751	0
0.993	1
0.9317	1
0.9115	1
0.9998	1
0.9861	0
0.9981	0
0.9369	0
0.9062	1
0.9905	0
0.8881	0
0.9875	0
0.9988	0
0.3221	0
0.986	1
0.628	0
0.9208	1
0.627	0
0.7246	0
0.9471	0
0.9186	0
0.5673	0
0.7856	1
0.9498	1
0.9142	0
0.9909	0
0.9994	0
0.901	0
0.8302	0
0.333	0
0.42	0
0.827	0
0.339	0
0.7789	0
0.8647	1
0.9043	0
0.48	0
0.9998	1
0.9531	0
0.4744	0
0.9955	1
0.4591	1
0.8783	1
0.623	0
0.9745	0
0.8822	0
0.9952	0
0.9991	1
0.8462	1
0.8857	0
0.9989	0
0.9271	0
0.8719	0
0.9694	0
0.4937	0
0.9971	1
0.7787	0
0.9938	1
0.9795	0
0.581	0
0.4106	0
0.9745	0
0.9425	0
0.4535	0
0.9868	1
0.9647	0
0.9997	0
0.9245	1
0.547	0
0.9475	1
0.9984	0
0.9808	1
0.8735	0
0.9973	1
0.9727	0
0.7025	1
0.81	0
0.9181	0
0.5645	0
0.4848	0
0.9434	0
0.392	0
0.8965	0
0.999	1
0.9635	1
0.5357	0
0.9894	1
0.8632	1
0.9987	0
0.4078	0
0.9963	0
0.4234	0
0.985	0
0.9946	0
0.3668	0
0.9998	0
0.3988	0
0.6239	0
0.9962	1
0.7069	0
0.9651	0
0.9955	0
0.8576	0
0.6511	0
0.9977	1
0.9273	0
0.5391	0
0.4914	0
0.9337	0
0.9057	1
0.9931	1
0.9255	1
0.9432	0
0.8759	0
0.9688	0
0.3312	0
0.9727	1
0.8272	1
0.6288	0
0.8532	1
0.3025	0
0.8489	0
0.9604	0
0.3114	0
0.939	0
0.6178	0
0.9096	0
0.4802	0
0.4492	0
0.8101	1
0.8992	0
0.9978	1
0.9864	1
0.8601	0
0.9991	0
0.9229	0
0.5207	0
0.9345	1
0.5898	1
0.9957	0
0.7454	0
0.9894	1
0.777	0
0.9382	0
0.3124	0
0.9988	0
0.9521	0
0.9544	1
0.9297	1
0.964	1
0.9959	1
0.8545	1
0.9491	0
0.7896	0
0.5842	0
0.9103	1
0.7153	1
0.3907	0
0.3008	0
0.9658	1
0.9671	0
0.9263	0
0.9747	1
0.6463	0
0.986	0
0.987	0
0.9973	1
0.9431	0
0.9945	0
0.9964	1
0.9941	0
0.9367	1
0.3496	0
0.9922	0
0.9985	0
0.5383	0
0.9035	0
0.3184	0
0.8771	1
0.9971	0
0.3309	0
0.3812	0
0.9784	1
0.9768	0
0.4562	0
0.5455	0
0.9877	0
0.9981	1
0.9968	0
0.7073	0
0.776	0
0.9763	0
0.392	0
0.9442	0
0.9597	0
0.5208	0
0.4252	0
0.8057	0
0.9253	1
0.982	0
0.9677	0
0.9996	1
0.8331	0
0.9994	0
0.314	0
0.3265	0
0.8221	0
0.8604	1
0.8075	0
0.6022	0
0.9983	1
0.6164	0
0.9622	1
0.9065	1
0.7794	1
0.9486	1
0.9856	0
0.915	0
0.9608	1
0.9976	0
0.8657	1
0.4757	1
0.9986	0
0.9295	0
0.5832	0
0.8212	1
0.9049	0
0.3281	0
0.324	0
0.9812	0
0.4235	0
0.7416	0
0.9585	0
0.9549	1
0.7613	0
0.9178	1
0.7226	0
0.9998	1
0.7893	0
0.9564	1
0.9557	1
0.9146	0
0.768	0
0.4892	1
0.4161	0
0.3179	0
0.9996	0
0.9676	0
0.9615	0
0.3345	0
0.3242	0
0.9076	1
0.9411	1
0.881	0
0.9992	1
0.9963	0
0.9982	1
0.3082	0
0.5017	0
0.9512	0
0.8981	0
0.3406	0
0.7974	1
0.7699	0
0.9247	1
0.9971	0
0.3559	0
0.9497	0
0.9988	0
0.9987	0
0.9103	0
0.8514	0
0.9088	1
0.9808	0
0.8043	0
0.906	0
0.9995	0
0.9942	1
0.9998	1
0.9862	0
0.897	0
0.8683	0
0.8391	0
0.6472	0
0.9981	1
0.867	1
0.923	0
0.764	0
0.9567	0
0.9677	0
0.9999	1
0.9993	0
0.901	0
0.9701	1
0.9983	0
0.8407	0
0.7328	0
0.9831	0
0.5326	0
0.4789	0
0.9269	0
0.3234	0
0.3166	0
0.8322	0
0.9662	0
0.9068	0
0.9366	0
0.9715	0
1.0	1
0.9281	0
0.9172	0
0.9946	0
0.9613	0
0.524	0
0.9712	0
0.9986	0
0.3048	0
0.3633	0
0.9539	1
0.4443	0
0.9108	0
0.8664	0
0.5626	0
0.9368	1
0.9588	1
0.8286	0
0.9287	0
0.5416	0
0.9379	0
0.9931	0
0.4641	0
0.7808	0
0.3511	0
0.9769	0
0.9769	0
0.9713	0
0.9896	1
0.6437	1
0.4112	0
0.6926	0
0.5075	0
0.9608	1
0.9985	1
0.9107	1
0.7137	0
0.9376	1
0.3958	0
0.7967	0
0.9363	0
0.9946	0
0.9662	1
0.7507	0
0.9992	1
0.9983	0
0.9995	1
0.4212	0
0.9895	0
0.9854	0
0.3158	0
0.5925	0
0.9795	1
0.9266	0
0.6463	0
0.9285	0
0.3125	0
0.9939	1
0.8004	0
0.9827	0
0.8548	1
0.3573	0
0.995	0
0.9995	0
0.9196	1
0.4893	0
0.5003	0
0.9538	0
0.9572	1
0.9522	1
0.8569	0
0.8807	1
0.8315	0
0.9942	1
0.999	0
0.9635	0
0.9686	0
0.9993	0
0.332	0
0.941	0
0.801	0
0.9946	0
0.9728	0
0.8933	1
0.4646	0
0.3647	0
0.8457	1
0.6873	0
0.7639	0
0.3162	0
0.8039	0
0.7823	0
0.9549	0
0.6912	1
0.9565	0
0.9973	1
0.9372	0
0.5157	0
0.6342	0
0.9627	0
0.6723	0
0.9917	0
0.8993	0
0.9497	1
0.9272	0
0.9737	1
0.9077	1
0.9992	1
0.9977	1
0.9549	1
0.9607	0
0.9896	1
0.9987	0
0.7463	0
0.5083	0
0.6885	0
0.6164	0
0.8533	1
0.9935	1
0.3804	0
0.8672	0
0.9823	0
0.8454	0
0.9464	1
0.9896	0
0.4104	1
0.9918	0
0.9979	0
0.9985	0
0.9909	0
0.4056	0
0.7044	0
0.9976	1
0.9936	0
0.8996	1
0.9982	0
0.6137	0
0.8911	0
0.8088	1
0.3138	0
0.8131	1
0.4657	0
0.9791	1
0.9366	0
0.9796	0
0.9523	0
0.994	0
0.9979	1
0.9682	0
0.6414	0
0.6364	0
0.811	0
0.9903	0
0.9836	0
0.9907	0
0.9998	1
0.875	1
0.9337	1
0.9159	1
0.7911	1
0.9483	0
0.9858	0
0.9634	0
0.9338	0
0.999	0
0.9583	1
0.9559	0
0.518	1
0.4131	0
0.9485	0
0.7668	0
0.8575	1
0.4555	0
0.8922	0
0.9521	1
0.4365	0
0.9759	0
0.9644	1
0.8432	1
0.8908	1
0.7149	0
0.495	0
0.9883	1
0.3863	0
0.4211	0
0.8465	0
0.9987	1
0.8159	0
0.9942	0
0.6946	0
0.9134	1
0.9348	0
0.6092	0
0.3248	0
0.4353	0
0.861	0
0.9808	0
0.9547	1
0.7812	0
0.9974	1
0.3008	0
0.9966	1
0.9985	0
0.6643	0
0.8965	0
0.99	0
0.9987	0
0.9998	1
0.9981	0
0.9805	0
0.9892	0
0.9991	1
0.7009	0
0.7449	1
0.9766	1
0.9466	0
0.7681	1
0.6671	0
0.9461	1
0.8743	0
0.4145	0
0.3311	0
0.9972	0
0.6547	0
0.7283	0
0.8823	1
0.8984	0
0.3652	0
0.6517	0
0.4793	0
0.7309	1
0.5528	0
0.9948	0
0.957	0
0.4068	0
0.4184	0
0.4916	0
0.9512	0
0.6137	0
0.9857	0
0.5285	1
0.9901	0
0.709	0
0.4885	0
0.6746	0
0.8919	0
0.9948	0
0.9902	0
0.9661	0
0.8513	0
0.7802	0
0.904	1
0.4339	0
0.6686	0
1.0	0
0.9258	1
0.9474	1
0.9419	1
0.5172	0
0.971	0
0.9972	1
0.7613	0
0.981	0
0.3277	0
0.8686	1
0.9304	1
0.9277	1
0.4068	0
0.972	1
0.6065	0
0.4377	1
0.9935	1
0.9116	1
0.4682	0
0.95	1
0.9967	0
0.9406	0
0.9583	1
0.9224	1
0.5065	0
0.9937	0
0.9348	0
0.8815	1
0.7016	1
0.7476	0
0.9819	0
0.3509	0
0.9891	0
0.3238	0
0.3823	0
0.9721	0
0.7151	0
0.9563	1
0.9995	0
0.9619	0
0.8955	0
0.498	0
0.9886	0
0.9734	1
0.7596	1
0.9988	1
0.896	0
0.4569	0
0.6718	0
0.7067	0
0.9995	1
0.9122	0
0.8535	0
0.9328	0
0.9812	0
0.4465	0
0.4472	0
0.7963	0
0.9314	0
0.8842	0
0.9402	0
0.9016	1
0.9921	0
0.9541	0
0.9156	1
0.7569	0
0.8314	0
0.4392	1
0.8888	1
0.9998	1
0.3156	0
0.9961	1
0.9805	1
0.7512	0
0.9232	0
0.999	1
0.9007	0
0.7694	0
0.9937	0
0.9924	1
0.8376	0
0.8752	0
0.4431	1
0.9586	1
0.6662	0
0.9616	0
0.9934	1
0.8954	1
0.8114	0
0.9992	1
0.9493	1
0.8452	0
0.9999	0
0.8512	1
0.3937	0
0.9202	0
0.9971	1
0.9914	0
0.9386	0
0.3185	0
0.702	0
0.8777	1
0.9926	1
0.9666	0
0.4432	0
0.9886	1
0.9962	0
0.937	1
0.3814	0
0.9876	1
0.8545	0
0.7104	0
0.9921	1
0.9235	0
0.5705	0
0.9406	1
0.5622	0
0.9272	0
0.9767	0
0.939	0
0.9639	1
0.8593	1
0.9738	1
0.7301	0
0.897	0
0.555	0
0.7409	0
0.4129	0
0.9798	0
0.3597	0
0.994	0
0.9607	0
0.4771	0
0.6195	0
0.9815	0
0.9999	1
0.9104	0
0.9997	0
0.501	1
0.3592	0
0.8323	0
0.3892	0
0.6621	0
0.9342	0
0.3423	0
0.9993	0
0.3832	1
0.9427	0
0.7352	0
0.9538	0
0.9648	0
0.9577	0
0.8401	0
0.3547	0
0.9397	0
0.9254	0
0.9818	0
0.491	0
0.831	0
0.6424	0
0.3058	0
0.6166	0
0.9955	0
0.7126	0
0.9981	1
0.9857	1
0.9736	1
0.5471	0
0.4713	0
0.9907	0
0.6514	0
0.895	1
0.3068	0
0.9953	1
0.9933	1
0.9582	1
0.7316	0
0.9942	1
0.3122	1
0.9093	0
0.7658	1
0.9609	0
0.8043	0
0.9916	1
0.7873	0
0.9632	0
0.9279	0
0.9557	0
0.7283	0
0.3679	0
0.9841	0
0.568	0
0.8923	1
0.3168	0
0.9415	0
0.3943	0
0.999	0
0.588	1
0.987	0
0.9961	1
0.9968	0
0.9155	0
0.6799	0
0.6761	0
0.6084	0
0.9457	0
0.9949	0
0.3518	0
0.8796	0
0.9744	0
0.411	0
0.5053	0
0.5587	0
0.9851	1
0.6743	1
0.6653	0
0.778	0
0.984	0
0.9446	0
0.992	1
0.7937	0
0.9992	1
0.9079	1
0.9961	1
0.9915	0
0.4483	0
0.9433	1
0.4993	0
0.3402	0
0.8018	1
0.8173	0
0.9876	1
0.5358	0
0.9817	0
0.9317	1
0.7856	0
0.895	0
0.9731	0
0.3317	0
0.8693	0
0.4786	0
0.9641	0
0.6276	0
0.4518	0
0.7046	0
0.6768	0
0.969	0
0.4497	0
0.9873	0
0.9493	1
0.9465	0
0.3313	0
0.9747	1
0.8507	0
0.9988	1
0.8899	0
0.9425	0
0.3674	0
0.413	0
0.9917	0
0.9996	0
0.3156	0
0.9532	1
0.9239	0
0.9702	1
0.841	1
0.3838	0
0.9994	1
0.5995	0
0.7533	0
0.9983	1
0.9595	1
0.9569	0
0.9927	0
0.8612	1
0.3667	0
0.8904	1
0.998	0
0.6716	0
0.3066	0
0.9058	0
0.5308	0
0.8898	1
0.9313	0
0.7091	0
0.4166	0
0.973	1
0.9579	0
0.9238	1
0.9873	1
0.9532	0
0.3882	0
0.9551	1
0.9904	0
0.9459	0
0.9592	0
0.9339	0
0.8943	0
0.6607	1
0.893	0
1.0	0
0.9869	0
0.5207	0
0.8176	0
0.5962	0
0.3415	0
0.8966	1
0.9401	1
0.9936	1
0.8876	1
0.9343	0
0.9586	1
0.7263	0
0.9472	0
0.9714	0
0.9944	1
0.6969	1
0.6235	1
0.929	0
0.8231	1
0.984	0
0.998	1
0.9116	1
0.4113	0
0.8365	1
0.6507	0
0.9278	1
0.901	0
0.6481	1
0.9254	1
0.9994	1
0.9655	1
0.9251	1
0.398	0
0.9994	1
0.9987	0
0.4896	0
0.9854	0
0.9955	0
0.9954	0
0.3151	0
0.874	1
0.9963	0
0.3934	1
0.9087	1
0.9948	0
0.6166	0
0.9885	0
0.9773	1
0.4203	0
0.9355	0
0.5553	0
0.9278	0
0.9368	0
0.8918	1
0.9202	0
0.7469	0
0.9399	0
0.9965	1
0.9916	0
0.4515	0
0.724	0
0.6518	0
0.9141	0
0.5198	0
0.842	0
0.9975	0
0.8329	1
0.9927	1
0.9998	0
0.3378	0
0.53	0
0.3844	0
0.9829	0
0.9581	1
0.9244	0
0.9904	0
0.8078	0
0.9353	1
0.9841	0
0.838	0
0.9811	0
0.9718	0
0.9478	1
0.9983	1
0.9429	0
0.5404	0
0.9677	0
0.668	0
0.7791	0
0.5092	1
0.44	0
0.5373	0
0.3528	0
0.9998	1
0.9688	0
0.9652	0
0.4681	1
0.8827	0
0.9824	0
0.8454	0
0.8998	0
0.5884	0
0.5558	1
0.9651	0
0.8144	0
0.9414	0
0.9763	1
0.9509	0
0.9981	0
0.9635	0
0.9294	0
0.9725	1
0.9072	0
0.6471	0
0.7161	1
0.3482	0
0.6462	0
0.9982	1
0.755	0
0.6395	1
0.9744	0
0.3799	0
0.8006	0
0.8616	0
0.4226	0
0.4528	0
0.9189	1
0.3046	0
0.8583	1
0.9388	0
0.9842	1
0.9948	0
0.9996	1
0.3487	0
0.9322	0
0.8789	1
0.9379	1
0.9733	0
0.8362	0
0.6196	0
0.6216	0
0.9889	1
0.3404	0
0.5618	0
0.3352	0
0.9873	0
0.3287	0
0.7181	0
0.5147	0
0.9999	1
0.4337	0
0.9998	0
0.7546	1
0.9683	0
0.7679	0
0.866	0
0.3031	0
0.4682	0
0.7629	0
0.9772	0
0.3905	0
0.377	0
0.8373	1
0.4306	0
0.8742	0
0.7854	0
0.7501	0
0.9176	0
0.6815	1
0.9111	0
0.9863	1
0.3458	0
0.668	0
0.9985	0
0.9873	0
0.9974	1
0.4047	0
0.8263	1
0.9936	0
0.4033	0
0.971	0
0.3047	0
0.944	0
0.9209	1
0.972	0
0.9016	1
0.5594	0
0.5016	0
0.9851	0
0.8967	1
0.9727	0
0.7305	0
0.9967	0
0.7033	0
0.9454	0
0.8579	1
0.9967	1
0.639	0
0.9934	1
0.9584	0
0.9775	0
0.9032	0
0.5077	0
0.4797	0
0.9998	0
0.9981	1
0.9817	1
0.3619	0
0.9766	0
0.9988	1
0.9982	0
0.773	1
0.501	0
0.9979	1
0.9962	1
0.8053	0
0.9956	1
0.6137	0
0.9998	0
0.4692	0
0.9404	1
0.7904	0
0.9273	0
0.9988	0
0.9556	1
0.9971	1
0.7756	1
0.4282	0
0.8257	1
0.9808	0
0.5577	0
0.9818	1
0.7691	0
0.6598	0
0.9948	1
0.4111	0
0.961	1
0.9491	1
0.9125	1
0.974	1
0.9728	1
0.9674	0
0.5412	0
0.3002	0
0.8377	1
0.9651	0
0.9431	1
0.5595	0
0.9992	0
0.399	0
0.8177	1
0.9991	0
0.9412	0
0.9098	0
0.4685	1
0.8406	1
0.8546	0
0.5942	0
0.9962	1
0.5517	1
0.9806	0
0.9942	1
0.3486	0
0.8478	1
0.3421	0
0.9625	1
0.956	1
0.907	1
0.6353	0
0.8598	0
0.3355	0
0.945	0
0.9678	0
0.5792	0
0.9912	1
0.9988	0
0.9202	0
0.9978	0
0.4001	0
0.3301	0
0.5069	1
0.4839	0
0.9325	1
0.9925	1
0.7855	0
0.9744	0
0.9998	1
0.437	0
0.906	0
0.9653	1
0.9998	0
0.3125	0
0.4179	0
0.3758	0
0.9966	0
0.3819	0
0.33	0
0.744	0
0.8247	0
0.3583	0
0.5794	1
0.3309	0
0.7728	0
0.5036	0
0.9143	0
0.7314	0
0.3518	0
0.9574	1
0.9998	1
0.986	1
0.3509	0
0.6231	0
0.9788	1
0.6467	0
0.6846	0
0.8335	0
0.9738	0
0.9722	1
0.349	0
0.996	1
0.9979	1
0.9925	0
0.9047	0
0.5123	0
0.9805	0
0.9051	1
0.52	0
0.5847	1
0.9967	0
0.7869	0
0.3229	0
0.6958	1
0.8154	0
0.656	0
0.99	0
0.9999	0
0.7774	0
0.9466	0
0.976	1
0.968	1
0.8564	0
1.0	1
0.9193	1
0.9982	1
0.9417	0
0.8353	1
0.3443	0
0.9995	0
0.9822	0
0.7995	0
0.9911	1
0.9998	1
0.4791	0
0.7667	0
0.9993	0
0.7931	0
0.5294	0
0.9783	0
0.6649	1
0.958	1
0.9457	0
0.9264	0
0.4148	0
0.9503	1
0.7642	1
0.9997	1
0.585	0
0.302	0
0.3823	0
0.9973	0
0.3775	0
0.9137	0
0.9973	0
0.5168	0
0.6172	0
0.988	1
0.9986	0
0.9865	0
0.3195	0
0.9544	1
0.8328	1
0.9981	0
0.9254	0
0.9461	0
0.9674	0
0.6287	0
0.9619	0
0.5128	0
0.9964	0
0.693	0
0.762	1
0.9508	1
0.7713	0
0.6289	0
0.999	0
0.9936	1
0.994	1
0.9959	1
0.34	0
0.9932	1
0.9932	1
0.4948	0
0.7955	1
0.9667	1
0.9912	1
0.9959	0
0.9707	0
0.8222	0
0.8963	1
0.3815	0
0.9973	0
0.9547	0
0.9977	1
0.9842	1
0.4988	0
0.9917	1
0.9595	0
0.941	0
0.9065	1
0.9737	0
0.9803	1
0.8556	1
0.9958	0
0.3015	0
0.8116	0
0.9839	1
0.3444	0
0.4622	0
0.9729	0
0.4131	0
0.878	0
0.395	1
0.9868	0
0.9812	0
0.9526	1
0.9932	1
0.9483	1
0.9991	0
0.9878	0
0.3559	0
0.6276	0
0.3819	1
0.5662	0
0.682	0
0.9434	0
0.9272	0
0.9984	0
0.382	0
0.9985	1
0.8316	0
0.7846	1
0.9912	1
0.9901	0
0.9329	0
0.9095	0
0.9964	1
0.9684	0
0.9258	0
0.836	0
0.9955	0
0.9836	0
0.4423	0
0.974	1
0.5353	0
0.7149	0
0.4627	0
0.8028	0
0.4172	0
0.8371	0
0.8788	0
0.538	0
0.9999	1
0.3214	0
0.3517	0
0.9733	0
0.8168	1
0.9944	0
0.9867	1
0.9659	0
0.6702	0
0.9233	1
0.852	0
0.4134	0
0.9924	0
0.5952	0
0.9054	1
0.8714	0
0.9736	0
0.9904	0
0.961	0
0.998	0
0.6626	0
0.8679	0
0.7562	0
0.424	0
0.5661	0
0.9782	1
0.9986	1
0.9583	0
0.9285	1
0.6736	0
0.9992	0
0.9986	1
0.694	0
0.483	0
0.9257	0
0.4384	0
0.9668	0
0.9932	0
0.9658	0
0.9857	1
0.4698	0
0.9693	0
0.9885	0
0.9326	0
0.9248	0
0.9356	1
0.777	0
0.3479	0
0.9117	1
0.9288	1
0.8644	0
0.9997	1
0.9462	1
0.8284	1
0.958	1
0.9515	0
0.9872	1
0.9958	0
0.9924	1
0.832	0
0.8957	0
0.9971	1
0.9854	1
0.9733	0
0.6201	0
0.9401	1
0.9746	0
0.8669	0
0.6967	0
0.4313	0
0.9987	1
0.7066	0
0.9961	0
0.9467	0
0.6281	0
0.9424	1
0.8357	0
0.9316	1
0.3192	0
0.3782	0
0.5371	0
0.9815	1
0.3307	0
0.7053	0
0.9426	0
0.9388	1
0.983	0
0.9963	0
0.976	1
0.9151	0
0.9167	1
0.643	0
0.9864	1
0.8776	0
0.9755	0
0.7937	0
0.9869	1
0.7735	0
0.9895	1
0.9268	1
0.9232	0
0.8534	0
0.5484	0
0.8762	0
0.9978	1
0.966	0
0.9952	0
0.9998	0
0.7218	0
0.9907	0
0.8442	0
0.8194	0
0.9973	0
0.9295	0
0.508	0
0.343	0
0.6091	0
0.4746	1
0.966	0
0.8887	0
0.9238	0
0.6015	0
0.3254	0
0.9056	1
0.3454	0
0.9584	0
0.9839	1
0.5919	0
0.7156	1
0.864	0
0.9874	0
0.9742	0
0.6908	0
0.9085	0
0.8212	1
0.9736	0
0.8196	0
0.8214	0
0.9971	1
0.8304	0
0.918	0
0.9982	0
0.409	0
0.9933	1
0.9944	0
0.8497	0
0.9019	0
0.7966	1
0.979	0
0.999	1
0.9983	0
0.5243	0
0.4398	0
0.8163	1
0.9996	0
0.891	0
0.9853	0
0.3061	1
0.3978	0
0.8775	1
0.77	0
0.9111	0
0.9777	0
0.3592	0
0.7606	0
0.999	1
0.8573	1
0.9222	0
0.9981	0
0.5404	0
0.3935	1
0.4443	0
0.9988	1
0.4445	0
0.3533	0
0.9974	0
0.3005	0
0.9379	0
0.6782	1
0.9509	0
0.6748	0
0.9844	1
0.5261	0
0.388	0
0.9944	0
0.9961	1
0.4808	0
0.3382	0
0.4324	0
0.9995	0
0.9977	1
0.3537	0
0.8963	0
0.4563	0
0.9984	1
0.3303	0
0.3531	0
0.5136	0
0.9706	0
0.966	1
0.4071	0
0.4566	1
0.4047	0
0.5672	0
0.938	1
0.9675	0
0.3796	0
0.8994	1
0.9734	1
0.8871	1
0.9962	1
0.9269	1
0.9711	0
0.8799	0
0.9971	0
0.5472	0
0.4219	0
0.5883	0
0.7855	0
0.5386	0
0.9477	1
0.8501	0
0.9969	0
0.3392	0
0.7451	0
0.9862	1
0.9915	0
0.8282	0
0.9987	0
0.9874	0
0.4863	0
0.9997	1
0.9933	1
0.9849	0
0.6309	0
0.9042	0
0.9305	0
0.6152	1
0.8382	1
0.9418	0
0.9421	0
0.9827	1
0.9993	0
0.8976	0
0.8314	0
0.8788	0
0.4044	0
0.9279	1
0.9993	1
0.3108	0
0.9387	0
0.7298	0
0.5113	0
0.996	0
0.6807	0
0.322	0
0.9694	0
0.9966	0
0.8116	1
0.9198	1
0.956	0
0.9625	1
0.8975	0
0.735	0
0.9969	1
0.9135	0
0.8935	0
0.9988	0
0.9781	1
0.5498	0
0.4625	0
0.9952	0
0.4445	0
0.9222	0
0.9974	0
0.5125	0
0.8854	0
0.9711	1
0.5587	1
0.9933	0
0.7666	0
0.6295	0
0.9109	1
0.3606	0
0.4577	0
0.7874	0
0.3679	0
0.9603	0
0.9971	1
0.9782	0
0.3859	0
0.9771	0
0.9687	0
0.9983	0
0.9807	1
0.9722	0
0.9197	0
0.9275	1
0.996	1
0.9702	1
0.4004	1
0.3804	0
0.9706	1
0.8977	0
0.958	1
0.9965	1
0.3299	0
0.9987	1
0.3389	0
0.9763	0
0.8531	0
0.5536	0
0.9962	1
0.7198	0
0.9743	0
0.4851	0
0.9265	0
0.9429	1
0.9996	0
0.9905	0
0.998	1
0.9152	1
0.9979	1
0.9957	1
0.9973	0
0.797	0
0.9671	1
0.4702	0
0.9804	0
0.7758	0
0.3534	0
0.8091	0
0.9992	0
0.4304	0
0.9991	0
0.9995	1
0.9792	1
0.967	0
0.513	0
0.9656	1
0.9998	1
0.9838	0
0.4072	0
0.967	1
0.4708	0
0.8415	1
0.7501	0
0.6174	1
0.9261	1
0.9979	0
0.9069	0
0.8821	0
0.8927	0
0.9569	0
0.9967	1
0.8331	1
0.7181	0
0.8875	0
0.9939	0
0.9697	1
0.9197	0
0.9799	0
0.5177	0
0.9152	1
0.9986	0
0.8851	1
0.371	0
0.9985	1
0.9315	0
0.6999	0
0.8261	0
0.3163	0
0.6804	0
0.9972	1
0.9998	1
0.9999	0
0.5585	0
0.9854	1
0.3646	0
0.3025	0
0.4697	0
0.8092	1
0.8233	0
0.9828	1
0.4255	0
0.9983	0
0.955	1
0.7181	1
0.9764	0
0.999	1
0.7587	0
0.3132	0
0.8619	0
0.9574	0
0.8807	0
0.9839	0
0.5661	0
0.4961	0
0.3493	0
0	1
0	1
0	1
0	1
0	1
0	1
0	1
0	1
0	1
0	1
0	1
0	1
0	1
0	1
0	1
0	1
0	1
0	1
0	1
0	1
0	1
0	1
0	1
0	1
0	1
0	1
0	1
0	1
0	1
0	1
0	1
0	1
0	1
0	1
0	1
0	1
0	1
0	1
0	1
0	1
0	1
0	1
0	1
0	1
0	1
0	1
0	1
0	1
0	1
0	1
0	1
0	1
0	1
0	1
0	1
0	1
0	1
0	1
0	1
0	1
0	1
0	1
0	1
0	1
0	1
0	1
0	1
0	1
0	1
0	1
0	1
0	1
0	1
0	1
0	1
0	1
0	1
0	1
0	1
0	1
0	1
0	1
0	1
0	1
0	1
0	1
0	1
0	1
0	1
0	1
0	1
0	1
0	1
0	1
0	1
0	1
0	1
0	1
0	1
0	1
0	1
0	1
0	1
0	1
0	1
0	1
0	1
0	1
0	1
0	1
0	1
0	1
0	1
0	1
