4.96698e-07	0
4.13251e-07	0
8.66288e-06	0
6.24449e-08	0
8.32423e-07	0
0.000246861	0
3.2235e-08	0
8.21963e-07	0
1.05324e-08	0
1.51865e-05	0
4.75563e-07	0
1.22659e-08	0
1.46536e-07	0
1.94497e-06	0
3.34046e-09	0
1.56008e-05	0
0.168842	0
1.67972e-07	0
3.44529e-07	0
1.01058e-07	0
7.77161e-07	0
1.17655e-06	0
6.12903e-05	0
1.02221e-05	0
0.0032316	0
5.36243e-06	0
1.07575e-05	0
0.000195027	1
7.05378e-05	0
1.11178e-05	0
6.9505e-08	0
0.0678132	1
9.48055e-09	0
1.21287e-07	0
2.85062e-07	0
5.00328e-07	0
2.47476e-07	0
1.2398e-06	0
5.15593e-07	0
2.43328e-08	0
3.93171e-06	0
2.60366e-08	0
3.75121e-07	0
3.82557e-08	0
5.38843e-07	0
5.39022e-07	0
8.6523e-06	0
5.00106e-07	0
2.5242e-05	0
1.52421e-07	0
2.88698e-08	0
7.81102e-07	0
0.00160757	1
0.0106942	0
4.80497e-09	0
1.50791e-08	0
8.33701e-05	0
1.58576e-08	0
0.653567	1
2.54135e-09	0
1.90497e-08	0
1.38983e-06	0
1.98686e-08	1
2.09667e-07	0
7.65505e-06	0
7.08377e-09	0
0.352441	0
0.00647088	0
1.13439e-06	0
5.20458e-10	0
3.80836e-09	0
0.331882	1
2.6478e-07	0
5.84567e-06	0
3.00463e-08	0
1.14371e-06	0
5.09918e-06	0
2.96229e-06	0
0.636988	1
0.0161832	1
7.05321e-08	0
7.13424e-08	0
0.0115311	0
3.43767e-07	0
2.73419e-08	0
3.61987e-07	0
1.74136e-05	0
9.31203e-08	0
2.23992e-07	0
3.29561e-08	0
0.000634041	0
6.18998e-06	0
3.51705e-06	0
1.2708e-07	0
4.20728e-06	0
0.0866057	1
0.012012	1
9.79619e-06	0
3.51958e-08	0
7.73504e-08	0
1.00915e-06	0
0.0126402	1
4.20314e-07	0
1.75795e-07	0
1.06353e-08	0
5.23664e-09	0
1.35256e-07	0
4.37944e-08	0
7.10156e-09	0
0.00707491	1
2.55897e-06	0
6.88817e-09	0
1.82682e-11	0
2.4358e-08	0
6.66084e-07	0
1.00697e-07	0
2.13333e-08	0
4.03557e-07	0
7.50099e-09	0
3.08091e-05	0
3.37114e-08	0
5.80811e-07	0
6.33227e-07	0
1.08742e-07	0
0.0023448	1
6.00935e-11	0
2.03189e-08	0
4.06087e-06	0
0.0448653	1
2.02298e-07	0
3.08869e-09	0
1.03155e-05	0
3.96972e-07	0
5.25033e-07	0
1.44768e-06	0
0.000208083	0
4.42719e-07	0
6.15395e-07	0
0.000334689	0
6.08321e-08	0
6.56832e-09	0
6.20337e-08	0
6.0923e-09	0
1.52966e-05	0
4.61725e-07	0
6.64616e-06	0
3.3126e-06	0
2.19508e-07	0
3.09196e-06	0
1.32304e-05	1
5.16681e-05	0
6.32405e-05	0
3.28403e-08	0
3.42919e-07	0
2.56098e-05	0
3.22243e-05	0
7.85862e-09	0
1.72082e-07	0
4.73001e-08	0
2.9615e-06	0
3.46696e-06	0
2.58422e-06	0
2.37435e-05	0
6.21563e-07	0
1.23237e-05	0
0.0337048	1
0.208724	1
1.39999e-08	0
0.000129407	1
6.33935e-06	0
8.96812e-08	0
0.454718	1
1.50828e-09	0
4.07325e-06	0
1.36386e-07	0
8.04044e-06	0
2.51155e-07	0
3.40392e-05	0
0.00122661	1
1.05867e-07	0
5.08432e-07	0
6.42122e-06	0
4.87493e-08	0
1.21151e-08	0
2.88693e-08	0
5.76209e-07	0
7.38863e-06	0
1.73415e-05	0
3.64002e-07	0
1.198e-08	0
2.12679e-07	0
2.38359e-07	0
2.16907e-06	0
0.466735	1
1.99608e-07	0
7.52182e-07	0
0.124494	0
3.58785e-10	0
0.183023	1
9.94957e-06	0
2.12882e-05	0
2.09156e-08	0
9.00659e-07	0
1.08702e-07	0
1.61802e-05	1
1.67797e-06	0
6.13576e-07	0
0.0012155	1
3.63483e-07	0
3.02305e-07	0
4.50017e-05	0
7.57476e-07	0
4.46356e-09	0
5.43071e-07	0
9.154e-08	1
4.52501e-07	0
8.24862e-08	0
0.0321769	1
0.000866374	0
3.94827e-10	0
0.332202	0
0.000117816	1
1.32307e-07	0
3.83151e-05	0
2.80366e-06	0
0.0125092	1
0.051285	1
6.65834e-06	0
0.0388388	1
2.3621e-05	0
0.016993	1
1.44679e-05	0
4.68901e-10	0
2.88468e-06	0
3.24683e-07	0
0.031506	1
3.93464e-08	0
1.29423e-08	0
9.50487e-06	0
0.00028826	0
1.03629e-07	0
1.71389e-06	0
7.56108e-07	0
3.99215e-08	0
5.03633e-07	0
3.49135e-09	0
4.76307e-06	0
9.778e-10	0
1.46974e-05	0
6.58832e-09	0
4.10653e-07	0
4.51172e-08	0
0.575834	1
1.32217e-06	0
3.43485e-06	0
6.11234e-07	0
0.360175	1
6.02658e-06	0
3.18344e-06	0
1.25104e-05	0
3.25793e-05	0
2.70423e-09	0
3.83096e-06	0
9.0646e-10	0
2.00987e-08	0
6.07654e-08	0
1.82715e-06	0
1.42082e-06	0
0.344844	1
7.06118e-07	0
3.09204e-09	0
0.0356334	1
2.17632e-09	0
1.26042e-06	0
1.37393e-07	0
3.81577e-06	0
1.46181e-07	0
0.81538	0
9.1091e-07	0
3.71255e-08	0
9.35775e-06	1
6.1507e-10	0
1.91212e-06	0
4.08771e-09	0
2.26526e-08	0
4.11056e-08	0
6.0679e-06	0
0.000358877	0
3.00076e-06	0
1.99707e-06	0
4.67532e-09	0
6.38393e-06	0
0.453966	0
1.19537e-05	0
0.000265468	0
3.95594e-07	0
2.51358e-06	0
9.63177e-07	0
1.51131e-06	0
9.61339e-08	0
0.016138	0
1.57682e-08	0
1.10741e-06	0
3.02356e-08	0
9.29897e-07	0
8.21584e-08	0
2.26488e-08	0
3.06471e-05	0
2.28556e-06	0
0.0167558	1
4.86874e-05	0
8.84288e-09	0
1.4306e-06	0
1.62436e-07	0
6.93269e-07	0
4.21072e-08	0
8.01281e-06	0
3.64064e-08	0
3.53654e-07	0
2.84482e-06	0
1.92914e-05	0
6.63569e-09	0
0.0210064	0
1.22855e-08	0
3.83092e-06	0
0.000133454	0
1.02609e-07	0
6.72281e-08	0
2.47775e-08	0
4.04445e-07	0
1.87717e-08	0
1.2812e-08	0
0.000610948	1
1.16121e-06	0
1.74726e-05	0
7.92657e-07	0
5.06198e-08	0
2.61267e-07	0
4.33998e-06	0
0.904768	0
3.97595e-06	0
2.25423e-05	0
1.04561e-06	0
5.20073e-09	0
1.60444e-08	0
0.0695588	0
8.38331e-08	0
4.92519e-07	0
1.14284e-06	0
1.54256e-06	0
1.33861e-08	0
9.12654e-10	0
1.59778e-08	0
2.36856e-05	1
1.17292e-05	0
6.33919e-07	0
2.51658e-06	0
1.1807e-07	0
5.33881e-07	0
2.9407e-05	0
3.38101e-06	0
0.035335	0
3.76769e-08	0
2.05508e-06	0
5.91008e-06	0
3.35008e-08	0
1.11585e-08	0
1.80982e-07	0
1.10105e-05	0
0.00017506	0
1.98803e-06	0
2.8543e-08	0
1.36042e-07	0
1.85574e-09	0
0.000726657	0
4.44765e-07	0
4.62871e-09	0
2.41213e-08	0
2.5726e-08	0
3.65555e-06	0
4.64164e-07	0
9.49689e-08	0
1.04702e-05	0
0.374505	1
3.95681e-05	0
2.5339e-07	0
9.53626e-08	0
6.70466e-06	0
5.04951e-08	0
6.56797e-07	0
0.176252	1
4.74011e-12	0
6.65968e-07	0
2.61946e-06	0
7.00375e-08	0
0.000354566	1
1.44713e-06	0
2.78659e-07	0
2.56436e-08	0
1.62827e-09	0
1.8751e-05	0
6.77153e-09	0
2.59622e-08	0
6.58524e-08	0
5.95477e-06	0
1.29228e-06	0
1.9878e-08	0
4.84281e-08	0
2.63591e-07	0
1.65374e-07	0
3.5204e-06	0
1.40243e-08	0
9.35496e-06	0
0.0450425	0
3.945e-06	1
8.35106e-09	0
2.64535e-08	0
1.38007e-07	0
1.78648e-06	0
1.37291e-05	0
0.0270065	0
0.282621	1
8.12164e-08	0
8.72401e-10	0
0.224913	1
5.49784e-08	0
2.49741e-07	0
3.9655e-08	0
9.72559e-07	0
0.000149595	0
1.38836e-07	0
5.94532e-07	0
3.4278e-06	0
5.52219e-09	0
0.000160127	0
2.68007e-08	0
2.17294e-07	0
1.4702e-05	0
2.04806e-08	0
2.49986e-10	0
7.72762e-09	0
0.001431	1
4.00035e-05	0
2.96638e-07	1
1.76819e-05	0
7.03823e-05	0
2.17755e-09	0
2.74657e-05	0
8.74353e-07	0
1.11145e-07	0
3.91002e-10	0
2.12861e-10	0
0.000243284	0
7.69259e-07	0
3.08026e-08	0
2.63421e-07	0
4.04098e-06	0
0.0358107	1
1.62454e-06	1
0.075303	1
4.3574e-06	0
3.66829e-07	0
0.280512	1
2.49493e-05	0
3.91847e-08	0
7.50063e-08	0
1.13697e-07	0
3.58262e-07	0
2.14352e-10	0
2.80073e-06	0
7.28226e-10	0
8.50037e-08	0
1.63254e-07	0
0.826641	1
0.0236349	1
0.00704018	0
0.00057058	1
6.45661e-06	0
0.0231186	1
0.00258944	1
1.06233e-05	0
2.51176e-08	0
9.3648e-06	0
1.18752e-07	0
3.99666e-07	0
7.84121e-06	0
2.05787e-08	0
3.01134e-08	0
4.04891e-08	0
1.4702e-08	0
4.59024e-09	0
3.8667e-07	0
1.47852e-05	0
1.35482e-07	0
1.49655e-06	0
7.06878e-08	0
1.79303e-07	0
9.87387e-07	0
2.96573e-06	0
3.61267e-07	0
2.81127e-07	0
2.24161e-08	0
4.15719e-08	0
1.35799e-05	0
4.92935e-06	0
5.50291e-08	0
1.00157e-05	1
0.109218	1
3.0909e-08	0
6.14527e-07	0
1.03481e-07	0
2.94746e-10	0
1.61232e-09	0
1.34229e-08	0
1.36329e-06	0
5.72526e-08	0
2.15299e-07	0
0.0724625	0
2.8792e-09	0
3.48481e-07	0
3.9395e-07	0
8.48389e-09	0
1.70921e-08	0
2.58415e-08	0
2.08713e-07	0
4.41448e-07	0
0.000135029	0
6.32815e-07	0
1.04991e-06	0
6.32129e-06	0
9.36772e-08	0
1.64037e-06	0
6.26982e-10	0
1.91475e-08	0
3.16146e-05	1
0.314331	0
1.07405e-06	0
0.358741	0
5.74359e-08	0
0.00118102	1
3.52592e-05	0
2.24481e-08	0
4.3459e-07	0
3.75251e-08	0
5.17908e-06	0
2.16838e-05	0
3.44562e-07	0
3.90443e-06	0
1.47868e-06	0
0.626455	1
1.60677e-06	0
1.64175e-05	0
6.30113e-06	0
1.01848e-09	0
1.05645e-05	0
2.72431e-05	1
3.14818e-05	0
0.0468612	1
1.667e-06	0
1.01025e-06	0
1.30072e-06	0
0.0671414	0
3.43047e-05	0
1.39707e-06	0
3.73234e-09	0
9.83108e-08	0
1.91765e-10	0
2.19763e-05	0
1.24913e-06	0
1.74037e-06	0
9.76617e-08	0
2.63859e-08	0
2.78874e-09	0
0.000100081	0
9.20425e-07	0
0.00015917	1
2.66512e-06	0
5.91359e-07	0
0.00427815	1
0.00016751	1
8.18377e-06	0
5.87958e-07	0
8.46849e-09	0
9.23326e-08	0
3.79021e-07	0
5.24911e-08	0
3.80378e-06	0
1.08887e-05	0
3.57516e-06	0
3.55136e-07	0
3.03875e-06	0
4.59453e-07	0
3.21613e-08	0
5.1076e-07	0
2.3303e-06	0
1.18682e-06	0
4.47253e-07	0
4.96718e-08	0
3.41115e-06	0
0.000163233	0
1.26905e-07	0
0.0180774	1
0.779661	1
1.15426e-08	0
3.68965e-08	0
8.34675e-07	0
2.6094e-06	0
1.50509e-08	0
3.34459e-10	0
4.69483e-09	0
6.50859e-07	0
1.4207e-08	0
1.85189e-06	0
1.21081e-05	0
3.9798e-09	0
1.00907e-05	0
1.89602e-06	0
1.35098e-07	0
7.12739e-06	0
1.01576e-08	0
1.50834e-08	0
2.16188e-07	0
3.21247e-06	0
2.66863e-05	0
1.67901e-07	0
0.0569517	0
7.05866e-07	0
9.01098e-09	0
1.597e-08	0
5.81513e-08	1
7.22945e-08	0
5.82768e-07	0
6.60018e-06	0
0.000170411	0
5.73342e-06	0
1.12269e-08	0
1.72914e-07	0
3.42104e-08	0
0.0197354	1
7.61959e-09	0
4.80122e-08	0
2.05854e-08	0
2.5354e-07	0
6.41802e-08	0
3.98382e-08	0
1.04893e-05	0
1.35272e-06	0
8.08684e-08	0
0.0034595	1
8.49966e-06	0
1.56529e-09	0
7.82256e-07	0
3.6245e-07	0
1.44385e-06	0
3.56063e-07	0
1.32688e-06	0
0.000135019	1
4.82435e-07	0
3.63959e-07	0
1.90675e-06	0
8.32881e-08	0
1.25614e-07	0
3.62252e-08	0
1.51388e-05	0
8.86933e-05	0
0.0347032	0
3.99649e-08	0
1.5087e-08	0
2.55922e-08	0
1.17686e-05	1
1.0798e-08	0
3.05712e-08	0
0.0305275	1
1.59837e-06	0
1.35184e-07	0
4.06284e-08	0
1.8445e-06	0
6.96281e-08	0
7.62529e-08	0
5.12132e-05	0
6.43111e-06	1
7.39269e-07	0
0.00979135	1
7.24733e-06	0
1.81726e-06	0
4.40909e-07	0
1.23521e-06	0
1.66023e-06	0
0.0122261	0
1.79961e-07	0
9.53709e-06	0
6.91096e-07	0
2.01499e-05	0
2.77883e-08	0
3.73388e-06	0
1.74196e-09	0
2.66167e-07	0
1.29971e-08	0
0.000181204	0
1.0047e-05	0
4.34412e-08	0
1.48202e-07	0
9.84783e-07	0
1.95324e-06	0
1.93141e-08	0
4.451e-07	0
6.11973e-06	0
4.46212e-09	0
9.83746e-08	0
2.14436e-08	0
6.0401e-10	0
3.31315e-09	0
7.6775e-08	0
6.43817e-06	0
5.07167e-08	0
3.43735e-06	0
8.61853e-07	0
0.000151364	0
9.70521e-08	0
4.6598e-07	0
2.94854e-09	0
8.58005e-09	0
1.11513e-07	0
0.0599766	0
1.81211e-06	0
7.40346e-07	0
0.000201183	0
0.0449772	1
0.000305989	0
0.575952	1
2.96069e-07	0
1.95474e-06	0
8.81343e-08	0
4.26025e-06	0
6.46384e-06	1
1.11293e-07	0
9.30365e-08	0
0.576687	1
1.88199e-06	0
7.71038e-08	0
1.31598e-09	0
1.24144e-05	0
4.91198e-09	0
5.87979e-05	0
3.12786e-05	0
1.44416e-06	0
0.00855999	1
4.81789e-06	0
3.89272e-08	0
1.42356e-06	0
4.33132e-06	0
8.33575e-08	0
0.000597484	0
9.15877e-07	0
2.79032e-07	0
6.60158e-09	0
6.4234e-09	0
7.60223e-06	0
2.04438e-07	0
2.27069e-08	0
1.02804e-05	0
0.120179	1
0.00956329	0
2.7734e-05	0
5.9815e-07	0
3.03586e-06	0
2.39557e-08	0
3.05825e-06	0
7.09482e-06	0
2.89716e-07	0
2.16149e-06	0
0.000281837	0
5.79244e-08	0
0.287515	0
1.86234e-07	0
1.76073e-10	0
5.04887e-06	0
5.69961e-08	0
1.47839e-07	0
2.69062e-07	0
0.000205729	0
2.11971e-07	0
1.87767e-06	0
1.02806e-07	0
0.00340586	0
0.00631952	0
0.000803742	0
0.000111902	0
1.13952e-06	0
8.09755e-09	0
1.09975e-07	0
5.37137e-09	0
0.000103688	0
3.39198e-07	0
0.00309189	1
4.27047e-09	0
5.85739e-08	0
3.34064e-05	0
3.17617e-06	0
3.95538e-08	0
1.68367e-05	0
1.69711e-05	0
9.21788e-09	0
3.88581e-07	0
1.04615e-08	0
2.43388e-06	0
1.83347e-07	0
1.59965e-06	0
1.17697e-05	0
5.91675e-07	0
3.48997e-09	0
4.22348e-06	0
3.26936e-06	0
1.51142e-06	0
7.56517e-08	0
0.00438324	0
0.000854938	0
2.93868e-09	0
4.40203e-07	0
6.86987e-06	1
0.304133	0
1.93739e-08	0
1.36202e-06	0
1.3862e-07	0
4.49942e-06	0
1.08968e-07	0
1.59997e-07	0
1.34935e-06	0
2.38541e-05	0
1.28542e-06	1
1.64117e-08	0
1.56723e-08	0
8.98415e-09	0
1.34582e-07	0
5.04598e-06	0
0.00374726	0
2.74958e-07	0
9.06622e-06	1
3.87055e-05	0
1.7213e-07	0
8.91449e-09	0
6.74526e-07	0
1.26334e-06	0
7.22795e-09	0
2.07722e-07	0
2.8462e-06	0
9.04186e-09	0
4.03256e-07	0
0.186129	1
4.07506e-07	0
4.10309e-07	0
0.000173238	0
2.03474e-10	0
9.33835e-09	0
1.59683e-05	0
1.96965e-06	0
1.91916e-07	0
1.67984e-07	0
1.38478e-07	0
2.65854e-06	0
7.55179e-11	0
5.48399e-07	0
6.49877e-07	0
0.0326011	0
0.480537	1
3.94694e-07	0
3.78555e-08	0
6.12543e-10	0
4.36815e-07	0
3.2401e-06	0
1.4545e-09	0
4.11939e-07	0
1.37563e-05	0
1.02549e-07	0
1.80586e-06	0
1.09012e-09	0
7.57684e-09	0
7.98415e-06	0
7.00949e-09	0
3.06678e-07	0
2.12687e-05	0
8.0006e-08	0
6.4779e-08	0
9.74147e-05	0
7.98899e-07	0
6.51813e-07	0
5.12771e-08	0
2.58354e-06	0
5.04563e-06	1
8.88789e-06	0
6.53732e-07	0
3.43e-07	0
1.074e-06	0
5.54333e-07	0
3.15577e-07	0
0.000228736	0
1.10671e-07	0
2.01662e-08	0
1.49578e-08	0
1.49606e-09	0
2.25858e-07	0
9.39678e-06	0
2.4702e-05	0
0.000954495	0
3.30645e-07	0
2.05705e-07	0
0.0036482	1
2.75062e-07	0
2.21161e-08	0
2.46685e-08	0
5.84868e-07	0
3.52711e-08	0
0.198416	1
0.175699	1
0.00310414	0
5.40085e-06	0
5.68734e-09	0
7.78652e-07	0
6.17869e-08	0
0.00486645	1
0.00205243	1
1.28126e-06	0
1.83007e-07	0
1.87307e-05	0
2.39328e-07	0
9.72324e-08	0
0.000147651	0
9.00299e-08	0
1.32386e-07	0
0.00934504	1
2.89832e-05	0
2.67673e-07	0
9.70769e-07	1
9.38587e-07	0
9.30317e-07	0
1.0781e-06	0
6.09409e-09	0
3.49866e-06	1
3.19575e-05	0
2.84064e-09	0
1.84357e-08	0
1.16054e-06	0
1.6568e-07	0
1.06105e-06	0
1.78317e-07	0
5.76085e-07	0
0.00518839	0
1.6119e-08	0
2.15186e-07	0
2.82422e-07	0
1.39223e-06	0
2.92306e-06	0
5.50091e-06	1
4.95292e-08	0
9.578e-06	0
1.07964e-06	0
2.67952e-07	0
1.9688e-06	0
3.81795e-10	0
0.00736324	1
1.55596e-06	0
1.37121e-08	0
1.00065e-09	0
1.81753e-08	0
4.79528e-07	0
1.54946e-08	0
2.34679e-07	0
5.18156e-06	0
2.12545e-07	0
2.58981e-06	0
2.78298e-06	0
1.13681e-10	0
9.79167e-08	0
0.00467117	1
2.06204e-05	0
0.000440423	1
8.05922e-06	0
2.20506e-08	0
1.16007e-08	0
1.65826e-08	0
2.51509e-06	0
0.31239	1
5.15096e-08	0
1.47749e-06	0
0.000252071	1
1.71561e-07	0
1.18827e-06	0
2.27809e-08	0
9.50787e-06	0
6.96756e-07	0
5.22705e-08	0
0.0638737	0
2.82015e-07	0
1.4422e-06	0
2.86441e-05	0
1.64219e-05	0
7.51462e-06	0
1.39529e-06	0
1.79518e-06	0
2.95066e-09	0
0.184801	1
8.94609e-07	0
1.28351e-09	0
4.01478e-08	0
2.01538e-06	0
2.1599e-08	0
5.63126e-05	1
2.44517e-08	0
8.97678e-08	0
0.13631	1
5.66056e-09	0
3.15869e-05	0
0.000362504	1
0.00350828	1
1.47935e-06	0
7.74252e-07	0
9.80193e-05	0
3.93038e-08	0
2.63567e-05	0
2.55151e-08	0
1.90964e-07	0
1.32573e-07	0
0.1208	0
1.86551e-07	0
5.07908e-08	0
0.0149862	1
6.15412e-08	0
1.07852e-06	0
1.64209e-06	0
9.66313e-09	0
3.69667e-06	0
4.75122e-09	0
5.43034e-06	0
6.96696e-05	0
1.04353e-08	0
4.84496e-06	0
4.45885e-07	0
5.99862e-10	0
0.446315	0
5.39497e-05	1
0.15243	0
1.84095e-05	0
3.3333e-07	0
5.68417e-08	0
1.3705e-08	0
7.16632e-06	0
6.32432e-08	0
4.86337e-08	0
3.38593e-06	0
4.09986e-07	0
3.48848e-07	0
1.00497e-06	0
5.26825e-10	0
1.03793e-06	0
9.66598e-05	0
1.43776e-07	0
3.85578e-07	0
6.92783e-08	0
5.85041e-08	0
1.6687e-07	0
7.05745e-07	0
6.33974e-07	0
3.92e-09	0
2.80593e-08	0
2.00539e-08	0
4.78932e-07	0
1.25723e-06	0
6.09683e-06	0
2.12676e-06	0
4.45678e-09	0
2.29659e-07	0
7.17293e-08	0
1.24746e-07	0
5.01288e-10	0
2.73114e-08	0
2.73066e-08	0
0.00106325	1
3.8444e-07	0
3.9045e-07	0
2.5257e-07	0
0.000997776	0
3.30273e-08	0
0.452326	1
2.48404e-07	0
7.14401e-08	0
1.24748e-05	0
1.35691e-07	0
2.57606e-07	0
2.39009e-08	0
0.406988	0
2.12815e-06	0
0.423583	1
2.83099e-06	0
0.0706566	1
9.45126e-07	0
4.40951e-07	0
9.29163e-08	0
0.000366582	1
2.66573e-05	1
9.14852e-09	0
2.00464e-07	0
5.23964e-08	0
7.35532e-07	0
2.95222e-06	0
0.00301131	0
2.4865e-07	0
9.3272e-08	0
1.64033e-07	0
2.71536e-07	0
6.95533e-07	0
1.28933e-06	0
1.60071e-07	0
1.08682e-05	0
1.48384e-06	1
5.43793e-06	0
5.27177e-08	0
7.0163e-08	0
1.60834e-07	0
2.2815e-08	0
2.04125e-06	1
1.92922e-06	0
1.2996e-07	0
1.93788e-08	0
1.90671e-08	0
9.363e-09	0
0.000165567	1
3.25374e-08	0
4.7034e-08	0
7.20207e-09	0
7.71356e-06	0
2.89805e-06	0
8.05537e-07	0
6.41685e-10	0
2.3292e-06	0
3.08554e-05	0
7.96101e-07	0
1.31446e-07	0
2.44429e-07	0
1.7262e-06	0
2.40448e-09	0
0.000701154	1
3.67553e-07	0
3.97098e-06	0
0.440173	1
2.83658e-08	0
1.3118e-07	0
7.84626e-05	0
1.021e-05	0
1.32068e-05	0
0.0007704	0
1.20741e-05	0
1.61665e-08	0
1.77519e-08	0
1.47782e-09	0
3.11637e-09	0
1.01632e-07	0
4.37891e-08	0
7.42707e-09	0
4.8623e-07	0
6.6789e-08	0
4.89759e-07	0
1.45924e-08	0
1.24315e-05	0
1.03219e-06	0
1.10181e-05	0
8.70341e-08	0
5.8794e-09	0
2.07961e-06	0
0.0872618	1
9.82028e-06	0
1.51488e-05	1
0.0759437	0
0.0152492	0
3.98548e-06	0
4.87463e-08	0
9.73613e-08	0
2.18751e-05	0
3.68373e-07	0
1.88093e-07	0
0.00803796	0
1.16957e-06	0
5.39584e-05	0
5.07919e-10	0
7.85685e-08	0
1.54057e-09	0
1.0219e-10	0
0.00650614	0
0.190292	1
5.53092e-09	0
6.65044e-10	0
4.93146e-08	0
0.0818514	1
3.61075e-06	0
1.96326e-07	0
2.81605e-06	0
1.4499e-05	1
9.07371e-07	0
2.66921e-11	0
7.41356e-06	0
2.14149e-09	0
4.18541e-07	0
4.50254e-06	0
2.45886e-06	0
0.0924345	1
4.5334e-05	0
2.7899e-07	0
1.54999e-07	0
1.7623e-05	0
3.02363e-08	0
2.74461e-06	0
1.42433e-07	0
3.72108e-09	0
9.49784e-08	0
4.56943e-08	0
1.35222e-07	0
4.31798e-08	0
3.28298e-07	0
2.31742e-06	0
1.83341e-08	0
0.0133823	1
6.28295e-06	0
4.59194e-06	0
3.20322e-07	0
3.97875e-08	0
2.62878e-06	0
2.43675e-06	0
0.000371285	0
0.000688988	0
8.43312e-07	0
2.30234e-07	0
5.80517e-08	0
6.99243e-07	0
6.01714e-06	0
9.55899e-07	1
8.80802e-07	0
6.74274e-07	0
5.5341e-08	0
9.52232e-08	0
2.06659e-06	0
0.000321877	0
8.67277e-08	0
6.07097e-06	0
7.42504e-12	0
5.53373e-05	0
2.70787e-07	0
6.15062e-08	0
5.40597e-08	0
6.19989e-06	0
1.84094e-05	0
1.396e-08	0
3.34359e-08	0
6.02395e-07	0
8.50903e-07	0
9.54717e-07	0
1.84397e-08	0
1.22652e-07	0
2.19116e-06	0
9.27155e-09	0
1.27427e-06	0
1.76259e-08	0
2.75435e-06	0
1.42265e-05	0
3.13439e-07	0
3.64084e-08	0
1.61104e-06	1
5.22675e-05	0
0.0112228	1
1.1687e-08	0
2.01935e-07	0
2.62745e-06	0
2.29976e-08	0
0.824462	1
3.75202e-06	0
1.22919e-08	0
6.42546e-05	0
5.69086e-07	0
5.1347e-07	0
2.18693e-07	0
7.21547e-06	0
6.02832e-09	0
1.69969e-06	0
2.31484e-08	0
2.34897e-06	0
2.75524e-07	0
6.48816e-08	0
6.07571e-08	0
1.68226e-09	0
6.43791e-05	0
1.79319e-05	0
5.75247e-06	0
3.41656e-06	0
1.61278e-06	0
0.000529034	1
7.82795e-09	0
1.38823e-10	0
0.000499209	0
7.20817e-08	0
4.66172e-06	0
2.73262e-06	0
1.92478e-08	0
1.22086e-06	0
6.37285e-07	0
1.08915e-07	0
0.042332	0
1.52173e-07	0
7.71024e-07	0
2.35134e-09	0
2.00871e-05	0
5.48794e-08	0
4.23188e-08	0
1.15103e-07	0
2.13069e-06	0
1.84032e-08	0
6.11401e-06	0
0.00671141	1
0.000125629	0
3.85835e-08	0
2.57209e-08	0
2.86422e-07	0
2.65224e-07	0
1.11995e-05	0
2.60771e-05	0
0.0418819	1
4.22016e-07	1
2.70651e-08	0
1.0664e-08	0
0.103162	1
2.20021e-09	0
4.28651e-09	0
0.00276521	1
1.45314e-08	0
2.84415e-08	0
3.13378e-05	1
9.8654e-06	0
2.48236e-07	0
5.10431e-06	0
4.77558e-10	0
1.66087e-08	0
2.66381e-07	0
1.01914e-06	0
3.89336e-08	0
7.23189e-07	0
0.00146522	0
1.4615e-06	0
3.46694e-08	0
6.07945e-06	0
0.0275033	1
3.85236e-07	0
2.54981e-08	0
5.48834e-08	0
6.31508e-07	0
4.30216e-10	0
0.0826579	0
8.44149e-08	0
1.73194e-06	0
1.41424e-05	0
3.2705e-07	0
0.0197306	1
9.2312e-07	0
2.10171e-05	0
3.36069e-06	0
9.13568e-06	0
2.42631e-06	0
0.000121446	0
4.50791e-06	0
2.65629e-05	0
2.78703e-07	0
6.43437e-08	0
6.32086e-08	0
1.82074e-05	1
1.7341e-06	0
0.000284245	0
4.39496e-07	0
2.34237e-07	0
4.45909e-09	0
8.45351e-06	0
0.000366937	1
1.80702e-06	0
5.46237e-07	0
1.23219e-06	0
0.00149473	0
8.46508e-08	0
2.90045e-07	0
0.000935239	1
4.5691e-05	0
6.05142e-06	0
1.0657e-05	0
5.12637e-05	0
1.39368e-06	0
5.32055e-07	0
2.56554e-08	0
1.06719e-07	0
7.78573e-06	0
1.41905e-08	0
5.77824e-08	0
1.12791e-07	0
1.24915e-07	0
1.41014e-06	0
6.41961e-07	0
0.000303888	1
5.31631e-09	0
7.99057e-07	0
7.11886e-07	0
3.04626e-07	0
5.19338e-09	0
1.37229e-06	0
3.66173e-08	0
2.16639e-07	0
0.000442366	1
2.29637e-06	0
3.35602e-10	0
6.61476e-08	0
1.82772e-09	0
1.01985e-06	0
3.82552e-07	0
5.2241e-08	0
8.48662e-06	0
2.26942e-08	0
8.94959e-09	0
2.32088e-06	0
0.526679	1
0.912726	1
5.03951e-07	0
7.53001e-07	0
3.08346e-05	0
8.19463e-08	0
3.62254e-06	0
1.25698e-06	0
1.41184e-08	0
2.79341e-05	0
2.27225e-07	0
0.00156999	0
3.4677e-06	0
4.58163e-06	0
7.13403e-07	0
3.02093e-05	0
1.29468e-07	0
4.22927e-08	0
7.1996e-08	0
4.1357e-07	0
7.17711e-08	0
1.68456e-08	0
8.14704e-06	0
1.61343e-05	0
5.3113e-09	0
1.65027e-06	0
0.00176678	0
1.75003e-05	0
0.121894	0
5.1381e-07	0
3.44777e-09	0
1.77277e-06	1
8.72916e-08	0
4.3792e-09	0
7.13269e-08	0
4.00333e-09	0
1.06121e-09	0
7.76916e-07	0
2.56593e-08	0
2.78988e-07	0
3.74849e-07	0
1.84302e-05	0
1.82509e-06	0
8.33183e-07	0
1.29055e-07	0
5.89202e-06	0
0.000375449	0
4.14642e-08	0
1.57223e-06	0
1.75547e-05	0
5.88378e-05	0
4.89159e-07	0
3.7542e-07	0
0.000178561	0
2.00805e-08	0
1.39976e-08	0
6.3658e-07	0
1.41176e-05	0
4.91752e-08	0
1.47644e-08	1
1.11469e-07	0
1.61443e-07	0
6.36374e-09	0
4.76339e-08	0
2.56746e-06	0
4.89801e-06	0
2.88725e-06	0
4.89193e-08	0
2.06236e-09	0
1.64568e-09	0
3.39744e-05	0
3.39154e-08	0
4.42713e-05	0
4.12162e-08	0
5.65072e-07	0
1.72284e-05	1
4.21219e-09	0
1.29585e-07	0
1.0844e-06	0
8.04597e-05	0
6.2354e-06	0
3.52598e-05	1
1.04119e-06	0
2.85572e-07	0
3.92498e-05	0
5.18118e-05	0
1.1428e-05	0
1.52142e-05	0
4.96413e-08	0
2.9099e-05	0
5.90979e-07	0
1.37506e-07	0
1.57891e-07	0
7.95757e-06	0
7.97135e-10	0
2.47975e-06	0
2.59808e-07	0
4.92726e-07	0
1.10961e-07	0
0.000323733	0
5.40613e-07	0
2.83268e-09	0
9.8603e-07	0
5.84562e-09	0
4.58143e-07	0
1.65183e-07	0
0.0339866	0
1.52914e-07	0
6.09258e-07	0
3.30221e-08	0
0.0109595	1
1.20499e-08	0
3.61119e-07	0
1.77988e-05	0
0.000480885	0
4.01964e-07	0
1.58921e-08	0
9.34655e-09	0
2.08272e-06	0
7.4071e-08	0
2.73746e-06	0
6.11395e-06	0
2.11689e-07	0
2.26988e-06	0
1.61375e-05	0
4.24428e-08	0
1.19298e-06	0
3.44589e-08	0
1.71288e-08	0
9.81808e-08	0
1.14365e-09	0
2.0009e-09	0
5.20354e-06	0
9.25517e-06	0
3.8559e-08	0
8.33781e-06	0
1.07554e-08	0
1.72537e-05	0
2.97251e-09	0
8.03778e-06	0
1.49764e-07	0
1.7149e-06	0
6.89189e-06	0
1.24761e-07	0
1.42018e-05	0
3.94003e-07	0
5.16063e-07	0
7.13872e-09	0
0.00295421	1
5.30621e-05	0
1.43335e-07	0
3.36894e-05	1
3.08401e-09	0
2.47238e-08	0
6.54638e-08	0
1.72334e-05	0
3.40428e-07	0
1.6967e-06	0
0.00208577	1
1.24361e-07	0
1.18337e-05	0
2.03838e-09	0
3.50296e-07	0
5.79933e-06	0
3.57974e-05	0
6.40669e-07	0
2.9326e-07	0
6.8686e-06	0
4.114e-07	0
7.67134e-07	0
2.26816e-09	0
5.09197e-07	0
1.11906e-05	0
7.67243e-07	0
2.13401e-07	0
4.13093e-07	0
0.479791	1
8.48922e-07	0
0.000896803	0
5.4169e-06	0
5.76072e-08	0
3.68326e-05	0
4.93037e-08	0
1.71809e-07	0
7.21683e-08	0
0.000116456	0
3.14758e-08	0
1.22576e-08	0
3.55402e-06	0
2.60631e-07	0
6.17264e-06	0
0.0452457	1
0.0610309	0
5.61672e-07	0
4.07702e-06	0
6.61526e-06	0
0.000182885	1
2.33542e-07	0
8.04536e-07	0
1.80056e-07	0
6.72927e-07	0
4.69853e-06	0
8.31452e-09	0
0.0969157	1
2.03241e-08	0
4.42241e-05	0
1.29951e-06	0
0.00386123	0
3.67073e-06	0
0.00457989	0
4.31897e-06	0
5.72794e-07	0
3.7341e-07	0
0.238159	1
0.00612131	1
1.06917e-08	0
8.77109e-08	0
5.04119e-07	0
8.60938e-07	0
2.29664e-08	0
1.52267e-06	0
1.62331e-06	0
1.79355e-10	0
0.804586	1
1.06422e-06	0
4.21527e-08	0
1.57161e-07	0
1.52446e-06	0
0.0010124	0
2.13318e-07	0
0.00150864	1
5.67515e-05	0
7.38096e-06	0
1.37522e-06	0
0.0912949	0
3.37096e-07	0
1.22697e-05	0
0.00387882	1
0.0150007	1
3.74238e-08	0
1.62854e-05	0
5.45021e-07	0
4.54103e-07	0
1.90173e-06	0
2.0528e-07	0
6.15239e-06	0
0.0025518	0
1.58599e-07	0
7.6493e-08	0
2.4076e-09	0
6.95814e-08	0
6.18214e-07	0
1.71711e-08	0
1.24895e-06	0
2.57764e-09	0
1.97077e-07	0
0.0219214	1
0.103436	1
1.37539e-06	0
0.0501073	1
0.00918801	1
0.0030582	1
3.07075e-09	0
0.32055	1
9.4725e-09	0
2.23515e-07	0
4.19187e-08	0
1.84723e-08	0
1.32569e-09	0
2.69681e-07	0
3.71362e-05	0
8.31121e-10	0
9.89677e-07	0
4.98008e-08	0
3.86526e-07	0
1.89638e-06	0
4.51807e-07	0
3.07144e-06	0
7.91542e-08	0
2.00984e-09	0
2.11937e-05	0
1.74303e-07	0
1.4611e-05	0
3.71037e-06	0
6.60318e-07	0
5.14176e-06	0
2.81187e-06	0
1.31213e-07	0
4.83912e-08	0
0.000269152	0
2.74867e-06	0
8.54559e-08	0
0.00039882	0
2.34403e-08	0
0.000499032	0
2.67165e-07	0
3.24208e-09	0
1.31057e-08	0
0.0289057	1
7.98804e-08	0
1.46981e-05	0
9.99629e-10	0
2.02974e-05	1
2.55928e-05	0
0.606235	1
8.21936e-07	0
4.30638e-09	0
4.76357e-08	0
5.84754e-07	0
2.90987e-07	0
0.0113735	1
1.55442e-08	0
4.1631e-07	1
1.59175e-08	0
2.41264e-07	0
1.46199e-06	0
4.15204e-08	0
2.24166e-05	0
2.15519e-06	0
9.27496e-07	0
0.000650637	1
1.93944e-05	0
1.39447e-05	0
1.87819e-07	0
2.66573e-06	1
0.000376395	0
2.04466e-07	0
0.026856	1
3.98541e-06	0
1.0597e-06	0
0.00519025	0
1.10086e-06	0
5.07705e-08	0
1.44724e-08	0
3.61198e-08	0
1.83494e-06	0
1.47049e-05	0
0.000442794	0
6.47402e-08	0
3.19612e-06	0
0.28621	0
4.30628e-11	0
6.79867e-06	0
7.47677e-07	0
1.46692e-06	1
3.76636e-05	0
5.55688e-07	0
6.16645e-06	0
6.41982e-07	0
2.07246e-06	0
4.125e-05	0
2.40168e-07	0
8.48725e-07	0
4.06461e-08	0
5.45802e-09	0
5.69482e-08	0
1.01468e-05	0
0.0157268	1
5.19332e-09	0
1.63655e-08	0
5.97039e-08	0
3.2881e-07	0
2.16899e-06	0
2.67991e-08	0
1.82685e-05	0
1.56478e-07	0
2.77383e-05	1
1.62044e-07	0
0.000489976	1
3.12489e-08	0
7.85938e-07	0
3.16542e-06	0
1.15093e-06	0
2.92339e-08	0
0.315531	0
0.0602011	0
5.31593e-08	0
5.11601e-11	0
6.11129e-10	0
6.26441e-07	0
6.09195e-08	0
1.22033e-06	0
3.07553e-06	0
5.03579e-08	0
2.29283e-06	0
3.14883e-05	0
2.83179e-06	1
1.93692e-06	0
2.11817e-06	0
2.41907e-05	0
1.14331e-07	0
2.79492e-06	0
9.22772e-07	0
6.86956e-08	0
2.97258e-07	0
2.51862e-05	0
1.8828e-06	0
3.42757e-08	0
2.34632e-08	0
1.13627e-07	0
8.82593e-08	0
0.000214281	0
1.10763e-07	0
5.56908e-08	0
4.84514e-08	0
0.002293	1
3.25388e-06	0
8.50799e-07	0
1.44976e-09	0
1.42262e-11	0
1.07159e-05	0
2.4638e-06	0
6.06404e-07	0
6.51956e-06	0
3.83009e-06	0
0.000167614	0
5.02882e-06	0
0.000450654	0
3.76704e-06	0
8.61306e-06	0
9.27735e-07	0
1.57824e-08	0
0.000564756	1
6.58745e-08	0
1.49422e-05	0
3.1082e-08	0
3.26381e-06	0
2.92464e-06	0
1.96222e-05	0
2.88272e-07	0
1.64856e-07	0
3.27957e-09	0
1.77809e-05	0
0.858374	0
1.4278e-08	0
1.80238e-07	0
3.97149e-06	1
1.88485e-06	0
3.53288e-06	0
1.17497e-08	0
8.33273e-05	0
6.71753e-08	0
1.93099e-06	0
1.86011e-05	0
2.44972e-08	0
0.000229042	0
1.09036e-05	0
2.88915e-06	1
1.59932e-09	0
2.2304e-08	0
5.81749e-07	0
0.00013003	0
7.65845e-07	0
6.52222e-07	0
1.45646e-08	0
3.10727e-07	0
9.59174e-08	0
8.56833e-08	0
2.4587e-05	0
1.91052e-06	0
3.60975e-06	0
1.11444e-08	0
5.52174e-06	0
3.88761e-06	0
1.06997e-06	0
2.85075e-05	0
4.75708e-08	0
0.000399854	0
1.93707e-07	0
0.000136239	0
4.0275e-07	0
0.454253	1
1.11083e-05	0
3.15412e-05	0
1.78384e-07	0
0.294305	1
0.790081	1
7.97547e-05	0
1.22353e-09	0
5.63477e-08	0
6.74442e-05	0
2.34259e-05	0
9.25223e-08	0
4.87185e-07	0
2.01022e-07	0
0.000273714	0
1.12737e-07	0
0.00775579	1
2.48362e-07	0
0.000240589	0
0.000437772	1
8.21909e-06	0
5.50151e-06	0
9.90568e-07	0
2.96506e-05	0
4.04753e-07	1
4.23811e-07	0
5.2456e-07	0
0.00134039	1
1.80824e-07	0
7.99721e-06	0
3.56679e-07	0
2.10507e-05	0
1.49225e-06	0
9.6656e-07	0
1.36456e-07	0
4.3887e-08	0
1.9242e-06	0
1.22134e-06	0
3.59827e-09	0
4.55213e-07	0
1.76323e-07	0
2.60784e-07	0
3.5963e-07	0
4.45082e-05	0
1.06232e-08	0
1.8615e-06	0
1.30287e-08	0
5.4035e-07	0
0.00027136	1
5.80648e-08	0
4.65329e-08	0
7.04872e-07	0
3.97251e-08	0
2.99325e-06	0
7.77384e-06	0
0.000317587	1
6.12012e-05	0
7.52631e-06	0
3.04966e-06	0
0.000604515	1
3.72452e-09	0
1.2997e-08	0
1.11297e-06	0
2.05109e-06	0
3.04601e-07	1
9.99526e-06	0
0.000329095	0
2.23932e-06	0
0.316687	0
3.46766e-09	0
1.54084e-05	0
0.000170133	0
3.99926e-08	0
6.74591e-05	1
0.760691	1
0.0168414	0
3.83242e-06	0
1.98974e-06	0
0.864356	1
0.210512	1
0.00110741	0
1.06054e-05	0
0.107919	1
2.38498e-06	0
5.0607e-06	0
4.72633e-05	0
5.04713e-06	0
8.26717e-05	1
0.00539597	0
1.94686e-07	0
2.87185e-08	0
1.2877e-05	0
3.3718e-07	0
3.8888e-09	0
8.74226e-07	0
0.000280115	0
2.43793e-07	0
9.38321e-08	0
3.06738e-07	0
2.94922e-09	0
4.42904e-07	0
8.33381e-08	0
1.99853e-05	1
1.89793e-06	0
2.56169e-05	0
1.51189e-08	0
6.27682e-08	0
8.94705e-08	0
1.95451e-05	0
5.41606e-10	0
1.91183e-10	0
3.67679e-09	0
1.42089e-07	0
0.00209766	0
7.1132e-08	0
8.2728e-07	0
0.0004269	1
7.6401e-08	0
3.58769e-07	0
1.85663e-06	0
1.61339e-06	0
2.16267e-07	0
2.62456e-06	0
3.05764e-08	0
1.91779e-06	0
0.000121252	0
0.0050137	0
3.44323e-06	0
4.47243e-10	0
2.44808e-08	0
1.55444e-06	0
1.47747e-08	0
4.59397e-07	0
9.82258e-06	0
2.33955e-07	0
1.4193e-06	0
0.0269031	1
0.0076814	1
0.0113691	1
5.08386e-07	0
2.44337e-06	0
1.07227e-07	0
4.17258e-07	0
0.635192	1
0.000102613	1
6.53822e-06	0
1.13282e-06	0
1.12553e-09	0
7.84919e-07	0
1.27311e-06	0
9.05529e-08	0
5.95393e-07	0
5.93645e-07	0
2.36144e-08	0
1.81623e-06	0
1.02688e-06	0
0.000604699	1
0.000168981	0
0.464175	0
0.802864	1
5.77974e-09	0
1.84939e-06	0
4.79173e-05	1
6.61973e-05	0
2.75592e-08	0
3.08332e-08	0
2.93668e-06	0
0.000892476	0
1.87747e-06	0
1.39221e-07	0
2.0709e-09	0
8.96348e-08	0
3.01817e-05	0
4.93048e-09	0
0.000247793	0
1.14039e-05	0
2.84069e-06	0
6.34688e-07	0
1.03062e-07	0
4.12602e-06	0
0.000276883	0
2.27307e-05	0
8.98976e-08	0
1.41754e-06	0
5.26365e-08	0
5.23503e-06	0
3.1564e-07	0
1.75543e-05	0
1.66618e-06	0
1.38574e-05	0
9.76062e-07	0
3.91914e-06	0
2.05663e-05	0
6.05477e-07	0
2.19711e-07	0
3.55238e-06	0
2.27283e-05	0
0.00596024	0
5.6648e-09	0
0.000777815	0
1.07545e-07	0
8.61272e-08	0
1.56475e-07	0
1.8568e-08	0
2.39938e-06	0
4.07508e-09	0
2.66214e-07	0
4.07995e-08	0
4.50627e-07	0
9.55703e-10	0
8.33556e-09	0
2.56144e-09	0
4.56849e-06	0
1.76289e-10	0
9.30883e-06	0
0.000153666	0
2.60673e-06	0
9.17467e-06	0
0.000359966	0
0.315378	0
2.59746e-06	0
1.1459e-05	0
6.09262e-05	0
1.30418e-05	1
1.30934e-06	0
0.0793178	0
1.50024e-08	0
7.65892e-06	0
3.3494e-09	0
3.0503e-06	0
4.0449e-09	0
5.03454e-07	0
4.51942e-08	0
9.33853e-09	0
2.07429e-06	0
2.57419e-08	0
1.76941e-07	0
9.78313e-07	0
1.31856e-05	0
3.92684e-09	0
3.52741e-07	0
8.2964e-08	0
0.321143	0
6.08325e-07	1
0.00173204	1
6.70143e-06	0
1.06706e-08	0
7.49013e-07	0
6.63385e-08	0
1.9e-05	0
0.000107056	0
0.000469902	0
4.61705e-08	0
0.00050074	1
2.17813e-07	0
7.6069e-06	0
5.11317e-07	0
1.99098e-07	0
1.40312e-06	0
7.48993e-08	0
5.01136e-07	0
1.78046e-07	0
1.6657e-08	0
1.05779e-05	0
0.0290924	1
2.32984e-08	0
7.1165e-08	0
1.49552e-08	0
1.14751e-07	0
4.12603e-07	0
0.528815	1
1.30365e-07	0
8.25216e-07	0
7.58647e-09	0
1.01332e-07	0
2.29242e-06	0
1.58212e-08	0
0.0827228	1
1.4777e-05	0
0.00105285	1
0.598299	1
6.242e-06	0
2.10124e-08	0
1.5788e-07	0
8.78781e-07	0
7.62516e-07	0
2.16302e-06	0
3.65118e-07	0
1.85109e-08	0
9.35238e-07	0
2.70447e-06	0
2.8367e-07	0
0.000928836	0
9.75199e-08	0
6.29238e-08	0
6.69579e-05	0
1.99278e-06	0
7.8431e-06	0
1.9295e-06	0
3.39636e-08	0
4.40552e-07	0
6.0741e-06	0
6.859e-06	0
9.10672e-07	0
8.05026e-07	0
7.51781e-08	0
1.16972e-11	0
2.11792e-06	0
7.9337e-10	0
5.75501e-08	0
9.23884e-06	0
6.39545e-06	0
1.91396e-05	0
0.00514681	0
0.00108627	0
1.12338e-08	0
2.48205e-07	0
7.86718e-07	0
3.82639e-07	0
8.76238e-08	0
3.85574e-07	0
2.20408e-07	0
0.000506159	0
5.51792e-07	1
9.19391e-07	0
7.72046e-07	0
4.00217e-06	0
6.93517e-07	0
3.71346e-06	0
0.00011932	0
1.2836e-07	0
0.000526932	1
1.04151e-07	0
7.39545e-06	0
3.89558e-07	0
8.01054e-07	0
7.55473e-08	0
0.000286533	0
0.455265	0
4.47976e-06	0
4.03733e-10	0
1.84187e-08	0
3.80219e-07	0
1.69053e-05	0
2.63772e-09	0
1.36924e-06	0
7.45367e-08	0
0.228386	1
1.70742e-09	0
0.024199	0
0.0130077	0
2.89464e-06	1
9.44667e-08	0
2.31944e-08	0
5.95382e-07	0
1.45279e-07	0
0.0299049	0
2.34286e-06	0
0.000271222	1
1.676e-05	0
1.62778e-06	0
2.98635e-06	0
4.21123e-07	0
1.26269e-05	0
7.30976e-08	0
1.39034e-06	0
1.78197e-10	0
1.48361e-08	0
8.85243e-07	0
0.000135625	1
2.51866e-06	0
1.67555e-06	0
2.37371e-06	1
9.4035e-07	0
3.18744e-05	0
2.48482e-07	0
0.000149385	1
8.34485e-08	0
7.02948e-07	0
1.15064e-08	0
1.35915e-07	0
6.79331e-10	0
3.02103e-06	0
1.19135e-07	0
9.48664e-09	0
4.29717e-08	0
8.34654e-08	0
1.62921e-07	0
3.19976e-08	0
0.000348745	0
8.84845e-05	0
8.667e-08	0
1.20953e-06	0
1.7802e-07	0
4.74468e-06	0
2.40022e-07	0
1.63709e-07	1
3.94417e-09	0
4.83968e-06	0
8.29899e-07	0
1.73406e-08	0
2.56853e-06	0
5.04752e-06	0
2.72469e-08	0
4.33552e-06	1
7.0008e-10	0
1.06307e-06	1
1.15891e-09	0
9.46524e-09	0
1.94022e-07	0
1.21199e-07	0
3.09083e-05	1
0.0591613	1
6.84221e-06	0
2.20328e-07	0
1.3662e-05	0
2.9332e-08	0
1.81374e-07	0
2.96312e-06	0
9.998e-08	0
2.63657e-07	0
6.22217e-09	0
3.74685e-06	0
8.67763e-09	0
1.15754e-05	0
0.0648136	1
1.83096e-06	0
8.54087e-07	0
1.9074e-07	0
5.17809e-08	0
2.93187e-07	0
2.58196e-06	0
6.65775e-07	0
0.000720007	0
0.00413302	0
3.12444e-08	0
6.81912e-10	0
3.60642e-05	0
4.41348e-06	0
3.86281e-09	0
2.28671e-09	0
1.83716e-07	0
2.14477e-08	0
0.00486983	1
0.000199395	0
1.90221e-06	0
2.18167e-07	0
1.15441e-06	0
0.0516584	0
3.82658e-07	0
4.11268e-07	0
2.41069e-05	0
3.63884e-08	0
6.69988e-07	0
1.11524e-08	0
4.08921e-08	0
6.0086e-10	0
5.8062e-07	0
5.51342e-07	0
6.8884e-07	0
1.01778e-08	0
5.68805e-09	0
0.000663972	1
1.29873e-07	0
2.28026e-07	0
8.82219e-08	0
2.09368e-08	0
1.91313e-09	0
1.68898e-06	0
7.09969e-05	0
0.000121672	0
8.1768e-06	0
0.000529128	1
0.490037	1
1.53557e-06	0
1.508e-08	0
8.48793e-08	0
1.9396e-08	0
8.436e-07	0
8.68807e-05	0
3.35051e-05	0
0.0218045	1
2.85634e-07	0
3.21267e-08	0
1.2e-06	0
1.33393e-08	0
8.79476e-08	0
6.73577e-08	0
1.66315e-07	0
3.68238e-06	0
3.78846e-06	0
1.97146e-05	0
3.10271e-07	0
0.13246	0
5.19389e-10	0
0.00133042	0
6.53455e-08	0
0.760155	0
1.38186e-05	0
1.05709e-08	0
1.62599e-07	0
1.45463e-07	1
1.63362e-08	0
8.89661e-08	0
4.00394e-09	0
2.46784e-08	0
1.14183e-05	0
3.55734e-06	0
8.42324e-12	0
4.98968e-08	0
4.04299e-07	0
1.05169e-06	0
1.45867e-06	0
2.20846e-08	0
3.61151e-08	0
1.83887e-09	0
4.1402e-08	0
6.40007e-09	0
3.40483e-08	0
1.3025e-06	0
2.94548e-06	0
7.32775e-09	0
7.72703e-08	0
4.52102e-07	0
0.000163256	0
9.72936e-05	0
3.13397e-07	0
7.81941e-07	0
4.48806e-07	0
3.76959e-07	0
2.14712e-06	0
0.0017183	1
7.37514e-06	0
3.69332e-08	0
9.0085e-07	0
1.41617e-16	0
1.08455e-08	0
1.74816e-08	0
4.84442e-06	0
9.66716e-10	0
1.85404e-05	0
0.000104023	0
1.57153e-09	0
5.765e-08	0
5.43569e-06	0
0.000167784	0
1.52891e-07	0
2.41785e-05	0
1.9404e-08	0
1.40495e-07	0
8.86556e-09	0
2.0165e-06	0
1.1798e-10	0
8.3431e-08	0
1.63883e-06	0
0.00543259	0
1.28387e-07	0
0.0179034	1
7.06067e-05	0
1.06864e-08	0
2.7538e-06	0
0.02641	1
5.00864e-07	0
1.57763e-08	0
1.37656e-08	0
3.77146e-09	0
3.91376e-07	0
1.72708e-08	0
0.00245621	1
2.29289e-08	0
7.94951e-08	0
8.21651e-05	0
4.06057e-06	0
5.33901e-11	0
8.17964e-06	0
2.35989e-09	0
2.30236e-05	0
4.94162e-07	0
1.10446e-07	0
2.52084e-07	0
7.00747e-06	0
6.33005e-06	0
0.0460416	1
2.18625e-06	0
1.08094e-07	0
3.81998e-06	0
7.5518e-08	0
1.51268e-05	0
0.0485004	1
1.79073e-06	0
9.47501e-06	0
8.55719e-06	0
0.00040407	1
3.24867e-06	0
1.12351e-07	0
3.46637e-08	0
2.77151e-06	0
0.180389	1
1.18877e-07	0
4.11865e-05	0
1.2505e-09	0
1.30834e-07	0
1.12633e-07	0
1.12758e-05	0
1.08829e-06	0
1.30029e-08	0
1.43089e-05	0
1.0522e-06	0
0.23191	1
1.01533e-06	0
2.17745e-05	0
1.2258e-09	0
1.10339e-09	0
0.000622537	1
7.14774e-07	0
5.54834e-07	0
1.45615e-07	0
0.0117521	0
6.55557e-08	0
3.73919e-05	0
3.54521e-07	0
7.55339e-08	0
2.34431e-06	0
2.44984e-09	0
3.32316e-06	0
0.646939	1
4.95318e-06	0
0.000172319	0
1.93328e-07	0
4.44907e-08	0
2.95341e-06	0
4.49197e-08	0
5.56019e-07	0
1.01904e-07	0
4.79936e-06	1
0.00358885	1
1.16921e-05	1
1.46982e-06	0
1.33031e-07	0
9.40316e-07	0
0.00927821	1
6.26009e-07	0
1.91904e-06	0
2.35979e-06	0
5.24975e-10	0
6.20883e-07	0
1.41885e-08	0
1.24345e-08	0
1.35968e-07	0
0.487386	0
4.22801e-08	0
9.70862e-08	0
7.35156e-07	0
3.11875e-08	0
0.00801345	1
7.84598e-07	0
1.20912e-07	0
7.93789e-07	0
3.69923e-08	0
0.000263911	0
0.00157818	1
1.67085e-05	0
2.80038e-07	0
2.6573e-05	0
2.83829e-06	0
1.54839e-05	0
1.01933e-06	0
5.25933e-07	0
5.4338e-07	0
2.88337e-05	0
2.62649e-08	0
5.82943e-07	0
3.65775e-06	0
5.42812e-06	0
1.88459e-07	0
5.98914e-07	1
1.24558e-08	0
6.53748e-08	0
8.13817e-05	0
1.07149e-06	0
5.40598e-05	1
2.46167e-06	0
3.97348e-08	0
5.96989e-05	0
9.67007e-06	0
0.83566	1
4.49138e-11	0
0.000254955	0
7.76837e-08	0
8.53562e-06	0
0.000496039	1
7.48686e-08	0
7.33906e-08	0
4.67952e-05	0
8.0364e-06	0
5.55784e-05	0
4.31043e-05	0
1.9719e-09	0
7.85212e-07	0
9.35936e-08	0
9.22341e-05	1
6.19399e-06	0
4.33205e-09	0
4.42319e-06	0
5.99897e-06	1
1.78234e-07	0
4.70014e-07	0
1.95858e-05	0
9.31848e-08	0
2.41431e-06	0
1.03888e-08	0
1.75993e-06	0
6.84351e-07	0
1.49491e-06	0
1.53162e-06	0
2.44452e-07	0
1.214e-06	0
1.27038e-05	0
0.000257301	0
4.07583e-08	0
8.72109e-08	0
2.55065e-08	0
6.55492e-05	0
3.3542e-08	0
3.4764e-06	0
4.34748e-08	0
9.06324e-07	0
9.79673e-08	0
1.78122e-09	0
8.08116e-05	0
1.43273e-06	0
0.00173548	0
1.02189e-05	0
2.88962e-08	0
6.57352e-06	0
0.00101887	1
1.42731e-08	0
2.1612e-06	0
0.282528	0
0.0180786	1
1.64756e-07	0
0.000483875	1
3.96923e-06	0
0.472747	1
1.68733e-07	0
2.38609e-07	0
2.28977e-06	0
3.06588e-07	0
1.48062e-08	0
5.801e-07	0
5.39385e-09	0
8.11182e-07	0
7.45168e-06	0
3.22926e-06	0
8.68427e-09	0
2.83199e-07	0
2.03648e-06	0
7.24109e-05	0
1.24393e-08	0
0.259555	0
7.29187e-07	0
7.80588e-10	0
6.63693e-08	0
6.34174e-07	0
1.00926e-08	0
0.019358	0
1.30659e-05	0
2.92028e-05	0
1.11284e-06	0
6.52689e-06	0
6.67272e-06	0
4.3077e-07	0
3.35079e-09	0
3.99061e-05	1
4.79583e-06	0
0.000399699	0
3.70364e-08	0
3.03858e-07	0
9.4087e-05	0
1.19633e-07	0
2.48196e-09	0
2.03303e-06	0
5.39602e-06	0
3.774e-07	0
3.56756e-06	0
8.52164e-08	0
4.44234e-08	0
3.88496e-07	0
1.06117e-06	0
0.000348072	0
1.90591e-07	0
6.55914e-08	0
6.74561e-05	0
4.58081e-07	0
4.66512e-07	0
2.16386e-06	0
3.83234e-05	0
2.1561e-08	1
6.97639e-07	0
6.15163e-07	0
2.10527e-07	0
2.52402e-06	0
6.06398e-07	0
1.38762e-05	0
3.98972e-07	0
7.60971e-06	0
9.22396e-09	0
8.07257e-07	0
5.40807e-07	0
1.19252e-08	0
2.24294e-08	0
2.72518e-06	0
4.54137e-08	0
6.13276e-08	0
9.52766e-07	1
1.39589e-06	0
1.04059e-08	0
3.35984e-07	0
0.913643	0
5.52066e-08	0
1.36795e-08	0
5.64122e-07	0
1.52957e-08	0
5.4623e-08	0
6.83376e-07	0
0.0732534	1
6.81596e-07	0
1.73739e-07	0
0.00557665	1
3.05047e-08	0
0.000912599	0
5.40607e-09	0
1.90924e-07	0
5.19964e-05	1
3.21598e-06	0
1.42234e-07	0
2.38824e-08	0
3.46685e-06	0
2.03636e-08	0
5.90456e-09	0
0.492979	1
3.12328e-08	0
4.05829e-07	0
4.04675e-08	0
5.24612e-10	0
5.06618e-08	0
9.34716e-07	0
0.0910202	0
8.29646e-08	0
1.50614e-09	0
0.0032243	0
2.32248e-06	0
4.00055e-07	0
2.95057e-06	0
1.18824e-05	0
0.000132731	0
2.47589e-08	0
1.70585e-07	0
5.02543e-07	0
0.00015304	0
2.98902e-10	0
6.67155e-07	0
0.00133425	0
1.09585e-05	0
0.675422	0
0.000571959	0
3.04473e-06	0
0.0247099	0
1.42002e-07	0
2.41237e-09	0
6.21943e-08	0
1.17478e-07	0
1.33657e-08	0
1.92702e-09	0
3.20113e-07	0
6.92907e-08	0
6.71033e-09	0
4.04125e-08	0
7.78813e-08	0
0.143523	0
1.19482e-07	0
7.40441e-10	0
3.52548e-08	0
6.53982e-08	0
4.23069e-10	0
7.65235e-07	0
2.39559e-06	0
2.30099e-06	0
1.07022e-08	0
4.19757e-08	0
0.000197137	0
0.0608122	0
4.40905e-07	0
6.33061e-09	0
6.18656e-08	0
3.55731e-07	0
1.8533e-07	0
2.13889e-06	0
1.72064e-06	1
6.32622e-08	0
8.7521e-07	0
4.47259e-07	0
6.43004e-07	0
1.08527e-08	0
1.71276e-07	0
0.00953681	1
6.72653e-07	0
0.000119374	0
9.82838e-07	0
2.10375e-09	0
1.27598e-05	0
6.40852e-07	0
1.3313e-07	0
3.0004e-06	0
0.000183907	0
2.24072e-07	0
1.93871e-08	0
1.89225e-06	0
7.65492e-07	0
1.16897e-06	0
1.41506e-07	0
4.73043e-05	0
0.173599	1
0.00363244	0
1.4998e-05	0
4.74317e-05	1
5.57423e-08	0
9.74778e-06	1
3.76285e-08	0
8.97876e-08	0
7.7485e-11	0
4.83781e-07	0
1.60572e-05	0
9.63496e-06	0
1.39284e-07	0
1.57059e-07	0
0.000244167	1
3.36142e-07	0
2.67679e-06	0
5.74589e-09	0
3.2497e-06	1
1.03809e-08	0
3.25766e-07	0
7.33826e-06	0
0.941901	1
1.0346e-06	0
5.84836e-08	0
2.35273e-05	0
6.31783e-05	0
1.4248e-08	0
0.000935769	1
2.50784e-08	0
1.78757e-07	0
1.48837e-07	0
1.51903e-06	0
1.26257e-07	0
0.661485	0
8.80962e-07	0
6.19977e-08	0
0.000234178	0
3.015e-06	1
5.58424e-07	0
0.00432902	1
0.00153256	1
8.1538e-08	0
9.49225e-09	0
7.24403e-06	0
1.32556e-05	0
7.20707e-09	0
7.21379e-05	0
1.03778e-06	0
1.58778e-07	0
1.38006e-05	0
1.67251e-10	0
7.2611e-06	0
1.45241e-08	0
1.64488e-08	0
1.13957e-06	0
0.0107308	1
4.5501e-07	0
2.37717e-06	0
0.00606689	1
0.0353728	1
6.22265e-10	0
0.743524	1
4.49144e-07	0
0.00459113	0
5.17975e-07	0
1.61957e-06	0
3.78757e-09	0
7.72257e-06	0
3.34089e-09	0
0.0182342	1
1.10862e-08	0
1.23127e-11	0
9.18463e-10	0
1.15384e-06	0
1.21921e-05	0
2.02948e-07	0
9.9696e-09	0
5.22772e-08	0
6.17529e-09	1
1.00896e-06	0
0.836547	1
1.52311e-06	0
0.00198034	1
5.44577e-08	0
5.35131e-08	0
2.81616e-07	0
0.204273	0
1.05573e-05	0
5.01675e-06	0
4.96638e-08	0
0.0522002	0
9.82872e-05	0
0.0341455	0
0.0175428	0
9.88178e-07	0
2.0236e-06	0
5.64524e-07	0
4.60987e-06	0
4.73289e-08	0
0.000569382	0
1.50687e-07	0
0.424823	0
2.38457e-06	0
3.39364e-05	1
2.40697e-05	0
6.84829e-09	0
6.16384e-07	0
0.0124754	1
1.11802e-05	0
3.0225e-10	0
2.37888e-07	0
4.33068e-07	0
9.94156e-08	0
2.46953e-09	0
9.36484e-06	0
3.29796e-05	0
4.18738e-07	0
1.8868e-09	0
4.17495e-05	0
4.81014e-06	0
5.26843e-05	1
4.84666e-08	0
0.000127563	0
9.12207e-08	0
7.79885e-07	0
4.93938e-07	0
1.18586e-07	0
4.73151e-09	0
1.48858e-05	0
4.54827e-06	0
2.50377e-05	0
2.44885e-07	0
3.97987e-07	0
3.67793e-07	0
2.54468e-07	0
9.34175e-06	0
5.06565e-09	0
7.30922e-08	0
8.74626e-08	0
8.86308e-07	0
9.84737e-07	0
0.42948	1
6.77999e-06	0
0.00103097	1
7.60033e-07	0
2.40493e-08	0
5.89069e-06	0
6.74214e-09	0
4.33398e-05	0
5.75439e-08	0
0.000576874	1
0.129404	1
1.25032e-06	0
9.61075e-08	0
5.43132e-08	0
7.26389e-07	0
1.96038e-07	0
8.9746e-07	0
1.6765e-06	0
1.37119e-07	0
0.0018223	0
0.00167234	1
9.05821e-08	0
2.45525e-06	0
0.257529	1
3.23627e-06	0
5.32712e-08	0
1.37824e-08	0
1.35327e-06	0
2.0565e-05	0
1.04672e-07	0
2.17124e-07	0
2.82005e-08	0
0.000102434	1
0.000109476	0
4.102e-08	0
2.31462e-05	0
3.00005e-07	0
0.000254859	0
0.00142309	1
9.02185e-08	0
6.43876e-06	0
2.67993e-06	0
9.73966e-09	0
1.38643e-09	0
9.76675e-09	0
1.33487e-07	0
1.59953e-07	0
2.10165e-07	0
4.15294e-07	0
8.81336e-06	0
5.19366e-07	0
1.99955e-08	0
4.7571e-06	0
2.08284e-07	0
3.20225e-06	0
0.000113035	1
3.81092e-06	1
0.000363461	0
0.000104549	0
1.57344e-06	0
7.35785e-07	0
0.00610771	1
1.31105e-06	0
0.016283	1
0.000578417	0
3.60691e-09	0
7.26741e-11	0
8.99136e-07	0
2.64541e-08	0
2.46009e-07	0
9.45381e-08	0
7.46219e-08	0
6.60602e-08	0
6.92821e-07	0
0.00024299	0
5.91739e-05	0
0.00187316	0
2.68733e-06	0
3.66741e-06	0
3.59198e-09	0
7.14275e-10	0
2.22676e-09	0
0.0738047	1
3.37686e-07	0
6.56881e-07	0
2.20479e-06	0
5.814e-09	0
5.02977e-06	0
0.000768825	1
9.84849e-09	0
1.92779e-06	0
1.88102e-08	0
5.73655e-05	0
1.77264e-06	0
4.8716e-08	0
1.62507e-07	0
5.54526e-10	0
1.24572e-05	0
5.7305e-08	0
1.19132e-07	0
2.1659e-09	0
1.18923e-05	0
3.3694e-05	0
7.98877e-08	0
1.74242e-07	0
3.91924e-05	1
5.73705e-06	0
6.2909e-06	0
1.36894e-05	0
3.9247e-06	0
9.29381e-07	0
1.62063e-08	0
7.89168e-08	0
1.4685e-06	0
7.64595e-07	0
9.69317e-07	0
8.97823e-08	0
1.21378e-10	0
2.71033e-06	0
1.11056e-10	0
2.7731e-06	0
0.0966879	1
4.38603e-05	0
1.22864e-06	0
1.36062e-09	0
6.88841e-06	0
2.29418e-06	0
0.520881	0
1.12185e-06	0
4.72412e-06	0
2.19946e-06	0
3.97608e-05	0
8.29467e-07	0
4.06121e-05	0
7.46904e-07	0
0.114482	1
1.49724e-06	0
2.07407e-07	0
1.29408e-08	0
1.18898e-09	0
1.78286e-06	1
8.20803e-06	0
1.04184e-05	0
2.51747e-08	0
2.70585e-06	0
4.55944e-06	0
3.93514e-07	0
2.5276e-11	0
0.294036	0
7.99378e-05	0
8.39944e-07	0
9.02866e-07	0
0.0113478	0
3.56727e-05	0
1.53892e-07	0
5.97483e-07	0
0.00673875	1
3.01117e-07	0
1.16927e-06	0
1.18326e-05	0
0.000211697	0
1.27585e-06	0
0.132686	1
0.762822	1
0.000207812	0
0.000251007	1
1.09465e-09	0
0.237488	1
9.09479e-09	0
1.06596e-06	0
3.6259e-06	0
1.49846e-09	0
3.54478e-06	0
9.37201e-07	0
1.32003e-07	0
1.19842e-07	0
9.31019e-08	0
1.25932e-08	0
0.385004	1
2.27474e-09	0
8.31342e-05	0
2.26766e-06	0
0.000573919	1
2.3011e-07	0
1.49408e-06	0
5.01703e-06	0
0.00234176	0
0.00839608	0
3.65104e-06	0
0.128388	1
3.49838e-08	0
0.377727	0
1.12032e-07	0
6.23665e-07	0
2.53931e-06	0
1.95838e-06	0
0.00101204	0
6.05918e-09	0
5.38601e-06	0
4.74447e-06	0
1.21737e-06	0
3.41726e-07	0
7.37451e-08	0
1.08871e-05	0
4.39264e-05	0
3.94682e-07	0
5.46387e-09	0
0.00514077	0
5.17326e-07	0
1.62586e-06	0
1.07763e-05	0
2.27981e-07	0
5.98521e-09	0
0.000182034	1
1.44529e-08	0
5.23311e-08	0
0.000770409	0
1.0471e-08	0
7.04569e-07	0
4.08948e-06	0
8.84772e-10	0
0.0123529	1
5.77063e-07	0
1.35624e-08	0
0.00384357	1
4.96445e-07	0
9.29023e-09	0
0.000852265	0
4.08554e-05	0
1.22196e-07	0
1.67941e-08	0
1.19652e-05	0
6.46474e-07	0
7.20806e-08	0
2.06497e-06	0
4.18548e-09	0
1.92789e-09	0
8.06433e-06	0
4.81591e-07	0
0.000186746	1
0.00156882	1
1.22349e-07	0
8.43714e-09	0
1.80365e-05	0
8.3193e-08	0
8.97464e-05	0
5.54282e-07	0
2.55933e-05	0
0.000185666	0
1.21957e-06	0
3.15212e-09	0
9.45747e-07	0
7.02984e-08	0
1.30938e-05	0
2.87757e-07	0
4.66814e-08	0
3.67193e-08	0
8.1062e-06	0
5.64019e-06	0
3.90028e-08	0
1.3931e-08	0
4.00666e-07	0
1.77411e-05	0
4.49463e-07	0
9.69122e-08	0
2.34908e-07	0
1.5132e-07	0
4.50451e-06	0
1.1641e-05	0
4.8355e-07	0
1.7781e-05	0
1.24027e-07	0
4.05714e-07	0
0.237734	1
1.9807e-08	0
1.50205e-09	0
3.51909e-07	0
3.17561e-06	0
2.26427e-07	0
0.000392996	0
1.83121e-09	0
2.90015e-06	0
4.45271e-06	0
5.87156e-07	0
2.88509e-07	0
4.8736e-05	0
1.65953e-05	0
0.00255771	0
1.27079e-06	0
0.000715043	0
2.49954e-08	0
1.68325e-05	0
1.37656e-09	0
5.70515e-07	1
8.42367e-05	0
2.93873e-05	0
9.87471e-06	0
0.0127747	0
0.111827	1
4.25876e-06	0
1.06135e-08	0
1.84893e-07	0
8.5543e-09	0
1.11532e-08	0
5.48112e-07	0
3.24448e-06	0
7.33094e-08	0
8.00712e-08	0
2.855e-07	0
2.97673e-07	0
2.16054e-06	0
0.00183643	1
8.90697e-06	0
4.30167e-05	0
1.35016e-06	0
7.74976e-08	0
1.59174e-07	0
3.67166e-05	0
1.04684e-05	1
1.04586e-06	0
1.39732e-05	0
8.8647e-07	0
0.108195	1
1.38505e-05	0
9.63315e-10	0
1.21896e-07	0
3.53152e-06	0
5.62801e-07	0
8.23273e-07	0
2.06873e-07	0
3.19106e-08	0
0.0220496	1
3.44222e-07	0
1.1046e-07	0
4.05789e-06	0
0.618686	0
0.00531842	1
5.33648e-08	0
7.91282e-05	0
3.17224e-06	0
9.32613e-05	0
0.271583	1
2.9845e-07	0
4.4162e-07	0
3.88128e-06	0
1.15282e-06	0
1.88109e-07	0
7.06947e-06	0
3.54297e-07	0
8.40388e-05	0
3.70096e-06	0
4.76772e-07	0
1.37593e-07	0
2.65412e-09	0
9.84906e-07	0
7.11013e-09	0
4.75505e-09	0
1.13471e-07	0
5.4639e-07	0
9.28979e-07	0
2.49169e-05	1
5.71618e-08	0
2.68391e-06	0
1.65637e-07	0
2.76253e-07	0
1.4921e-07	0
1.24875e-07	0
2.51872e-07	1
2.20047e-06	0
5.70164e-09	0
0.00216125	1
2.01928e-06	0
6.97912e-06	0
5.98714e-09	0
5.0189e-06	0
1.12468e-07	0
8.0485e-05	0
6.02131e-06	0
1.16911e-07	0
7.13433e-07	0
6.75529e-08	0
0.000734725	0
8.72886e-08	0
1.21028e-07	0
9.24306e-08	0
9.46969e-09	0
3.03727e-07	0
6.60704e-09	0
4.71187e-07	0
3.77295e-07	0
1.03539e-06	0
9.70739e-10	0
6.09798e-05	0
1.23811e-08	0
1.00475e-07	0
6.62668e-06	1
0.0001713	1
5.55967e-08	0
0.000289939	0
2.77702e-08	0
3.25694e-06	0
0.00134001	0
2.93932e-06	0
6.30214e-08	0
5.16856e-05	1
9.08519e-09	0
1.79906e-07	0
3.53976e-08	0
2.19161e-06	0
0.178021	0
1.41643e-06	0
4.16438e-07	0
7.77642e-05	0
2.47424e-06	0
3.71413e-07	0
1.82154e-06	0
0.000232695	0
2.49716e-07	0
2.66484e-05	0
3.41705e-07	0
1.23529e-06	0
1.71879e-07	0
9.9199e-07	0
4.20735e-09	0
6.01946e-07	0
0.148037	0
4.71685e-08	0
0.000796017	0
2.11065e-05	0
1.53383e-07	0
5.37049e-06	0
5.1518e-07	0
5.55436e-06	0
1.62245e-07	0
5.21721e-06	0
2.1675e-05	0
2.22151e-06	0
1.06102e-05	0
1.46884e-08	0
8.69383e-05	0
6.95838e-07	0
5.83465e-09	0
4.59265e-06	0
2.82463e-06	0
1.81087e-07	0
0.101597	1
1.32576e-07	1
2.01e-09	0
1.36652e-05	0
1.36954e-07	0
2.63754e-06	0
4.96665e-08	0
5.89169e-06	0
9.87761e-07	0
3.5791e-09	0
2.67466e-07	0
1.02041e-07	0
1.40549e-07	0
0.00864527	1
3.16937e-09	0
3.94141e-05	1
3.96957e-08	0
4.85178e-05	0
1.43403e-05	0
5.98829e-07	0
2.05261e-07	0
1.12936e-07	0
2.20688e-09	0
4.06297e-05	0
1.35638e-07	0
3.40715e-08	0
8.41882e-08	0
1.25013e-07	0
4.99041e-06	0
1.61132e-07	0
1.84448e-07	0
6.86622e-06	0
1.39622e-07	0
4.56326e-07	0
1.07147e-06	0
0.00349867	1
3.9487e-07	0
8.13256e-07	0
3.61832e-08	0
2.18185e-06	0
3.06051e-05	0
8.94838e-08	0
0.000926865	1
3.96054e-06	0
4.39607e-05	0
2.87524e-07	0
1.10301e-08	0
8.84178e-06	0
0.000186349	0
0.334581	0
4.22655e-07	0
1.61956e-07	0
4.90006e-10	0
7.58133e-09	0
0.000145971	0
4.37237e-08	0
8.53905e-06	0
6.0384e-10	0
6.12929e-09	0
3.68481e-06	0
0.000211576	0
0.000227654	1
3.48684e-05	0
1.23091e-06	0
7.76893e-05	1
1.4255e-09	0
1.83501e-06	0
1.04591e-08	0
8.93148e-08	0
1.78214e-06	0
6.40241e-07	0
6.49846e-07	0
2.66649e-07	0
0.128106	0
4.50668e-05	0
0.289595	0
0.143542	1
4.04508e-09	0
0.222906	1
3.29373e-07	0
1.25422e-05	0
9.51368e-07	0
0.00016531	0
4.25608e-09	0
5.77489e-07	0
0.448246	1
1.97039e-05	0
0.0765857	0
3.95906e-07	0
2.03359e-08	0
8.9662e-09	0
1.90683e-06	0
9.17118e-08	0
1.86477e-09	0
1.23374e-06	0
1.78209e-08	0
6.69795e-08	0
2.15157e-05	1
8.02481e-08	0
4.91525e-08	0
0.011399	1
2.91233e-08	0
7.20848e-08	0
3.37741e-05	0
2.75726e-05	0
8.46274e-06	0
1.94195e-07	0
1.08332e-07	0
4.68929e-07	1
9.80471e-09	0
2.88967e-07	0
0.000114623	0
4.37555e-07	0
2.67372e-07	0
6.64853e-07	0
6.22041e-06	0
7.64664e-05	0
9.069e-06	0
1.48649e-07	0
0.00174637	1
9.68233e-09	0
4.56919e-08	0
1.8963e-06	0
0.000510306	1
6.72322e-07	0
4.68488e-06	0
0.000165225	0
3.39834e-05	0
0.0181078	1
2.33679e-06	0
1.44719e-07	0
6.49211e-08	0
2.95085e-07	0
6.55266e-09	0
0.129424	0
5.26095e-08	0
1.60652e-06	0
0.00344319	0
0.00448133	1
3.49487e-06	0
9.46795e-09	0
1.12233e-05	0
5.0415e-06	0
6.3403e-07	0
1.92706e-06	0
2.18936e-08	0
1.21275e-07	0
5.38846e-08	0
9.27773e-08	0
1.7383e-06	0
2.19125e-06	0
0.345092	0
2.44949e-07	0
1.24089e-05	0
2.60061e-05	1
2.65227e-07	0
0.00141009	1
3.75828e-07	0
5.89746e-05	1
3.90714e-07	0
2.81494e-05	0
1.84289e-09	0
5.9699e-07	0
0.0104615	1
0.000120869	0
4.72393e-06	0
9.48227e-07	0
5.82257e-05	0
7.88501e-06	0
5.0664e-09	0
6.37474e-09	0
2.37749e-06	0
1.95637e-07	0
3.39455e-05	0
3.16165e-07	0
1.34042e-06	0
7.47172e-08	0
1.10751e-08	0
1.85188e-07	0
2.2083e-05	0
4.44435e-06	0
8.63685e-09	0
2.71458e-10	0
9.84518e-07	0
3.61796e-07	0
9.99397e-09	0
4.27102e-05	0
1.65323e-07	0
2.85151e-08	0
5.24681e-07	0
2.13905e-06	0
2.29984e-09	0
1.31091e-09	0
1.14654e-07	0
0.108516	1
6.46826e-07	0
6.63866e-08	0
4.13188e-06	0
1.65203e-05	0
6.13531e-05	1
3.19758e-07	0
0.204818	1
6.27745e-08	0
1.36544e-06	0
0.000646016	0
2.63204e-05	0
9.02587e-06	0
7.45334e-08	0
0.00741711	0
4.42724e-05	0
1.13514e-05	0
9.40697e-09	0
5.8671e-09	0
2.25163e-10	0
4.62277e-07	0
2.67646e-06	0
1.1052e-06	0
9.43367e-07	0
1.49196e-08	0
0.000131759	0
0.000145774	1
9.9858e-08	0
0.000169606	0
0.00127655	1
1.20875e-08	0
7.76936e-05	0
5.87693e-08	0
2.02463e-05	0
2.55127e-07	0
2.22808e-09	0
1.69166e-07	0
3.91885e-07	0
2.30365e-07	0
1.24729e-06	0
1.67851e-07	0
6.67127e-10	0
4.76983e-11	0
1.63252e-07	0
9.03809e-07	0
1.75544e-07	0
1.06133e-07	0
1.06873e-05	0
3.66849e-06	0
9.12007e-05	0
5.21704e-08	0
0.0354031	1
4.93705e-06	0
1.77818e-06	0
0.0245239	1
3.60492e-07	0
2.33362e-09	0
5.77545e-05	0
6.18272e-08	0
1.5806e-05	0
0.131613	1
1.9637e-05	0
2.23833e-08	0
0.000568909	0
1.53854e-05	0
3.11235e-06	0
7.39612e-07	0
5.12877e-05	0
3.42171e-08	0
3.53372e-08	0
0.00244296	1
0.000158511	0
7.93141e-07	0
1.63217e-06	0
0.00211624	0
1.66775e-08	0
7.70918e-08	0
0.000208967	0
2.3876e-05	0
2.58651e-06	0
4.788e-08	0
9.33524e-08	0
0.0160952	0
1.78355e-07	0
5.35641e-08	0
6.27566e-05	0
2.57963e-07	0
0.000276667	0
3.57968e-05	1
6.12672e-08	0
0.335345	1
1.18604e-08	0
6.61789e-05	0
3.06538e-07	0
6.43453e-05	0
4.88836e-08	0
3.18519e-05	0
2.62923e-10	0
1.82459e-06	0
3.54552e-05	0
4.38245e-06	0
3.95011e-08	0
0.0028047	0
5.14447e-08	0
2.11912e-06	0
5.14995e-06	0
0.331712	1
2.99926e-06	0
0.0431495	0
7.74011e-09	0
3.96167e-06	0
5.53135e-06	0
5.41631e-09	0
4.00895e-07	0
1.39848e-09	0
1.81606e-06	0
8.11663e-08	0
6.22362e-07	0
1.44842e-07	0
1.47699e-05	0
1.84578e-08	0
1.68505e-06	0
6.56828e-10	0
0.121377	0
4.14213e-09	0
5.15688e-08	0
1.24092e-07	0
1.26254e-09	0
5.37219e-09	0
7.72588e-07	0
2.64128e-07	0
3.07958e-08	0
5.02337e-10	0
0.00672119	0
3.35033e-09	0
2.7328e-06	1
4.75487e-10	0
1.34576e-08	0
3.61478e-06	0
7.38279e-08	0
4.85778e-07	0
1.19316e-08	0
4.77535e-06	0
1.44396e-05	0
1.51741e-06	1
6.91753e-08	0
5.01776e-09	0
1.67349e-07	0
3.62149e-07	0
2.98352e-07	0
2.0727e-08	0
6.80425e-06	1
9.92112e-07	0
4.10323e-08	0
9.95721e-09	0
8.14982e-10	0
0.0035752	1
1.67543e-05	0
4.26347e-08	0
9.41318e-07	0
6.94957e-06	0
0.00528382	0
1.54712e-07	0
2.91373e-07	0
9.15532e-10	0
5.52032e-05	0
2.75035e-06	0
0.063687	1
9.09552e-07	0
0.0013077	0
1.80278e-07	0
2.49014e-06	0
2.50482e-07	0
6.24962e-07	0
4.75447e-07	0
0.000152751	0
9.06726e-08	0
2.61835e-06	0
4.95946e-08	0
6.28962e-07	1
5.43803e-08	0
6.45188e-06	0
3.13342e-06	0
0.500458	1
1.12184e-05	0
7.82694e-08	0
3.28682e-06	0
0.685589	0
3.94557e-05	0
2.00855e-07	0
0.000308479	0
9.28739e-07	0
1.40545e-07	0
1.92789e-05	0
3.29482e-07	1
0.0601367	0
9.18494e-06	0
2.28264e-08	0
6.1687e-07	0
0.000482993	1
1.15891e-06	0
9.20326e-09	0
1.62659e-07	0
0.00040412	0
6.59979e-09	0
4.9472e-07	0
2.22048e-06	0
1.59517e-05	0
1.90316e-08	0
1.87218e-09	0
3.86883e-08	0
1.81591e-06	0
4.92429e-06	0
2.53893e-08	0
0.0115499	0
2.4902e-06	0
0.0202222	0
6.79488e-06	0
3.06313e-06	0
8.23051e-09	0
1.79262e-05	1
2.19785e-07	0
1.60366e-06	0
4.07766e-07	0
2.04517e-08	0
1.96923e-07	0
9.7381e-09	0
1.14667e-07	0
9.20535e-09	0
5.18019e-06	0
6.76621e-08	0
7.25183e-09	0
4.9558e-08	0
8.21485e-07	0
1.01896e-06	0
1.26199e-06	0
3.07335e-07	0
1.43167e-05	0
1.0772e-08	0
2.71843e-06	0
8.96162e-06	0
2.72319e-08	0
1.85387e-07	0
4.63163e-09	0
8.01071e-09	0
8.08948e-07	0
8.1198e-05	0
2.90577e-06	0
0.0012446	1
4.10396e-08	0
4.11952e-05	0
6.60617e-05	0
1.07883e-05	0
0.000167098	1
1.26257e-07	0
1.10663e-07	0
3.39608e-08	0
4.90343e-08	0
2.64917e-05	0
0.000177213	1
6.82136e-11	0
7.8426e-08	0
8.74303e-06	0
2.66605e-06	0
4.69734e-06	0
2.39843e-05	0
9.41842e-09	0
1.77291e-06	0
2.88681e-07	0
4.64571e-07	0
3.84065e-06	0
3.13266e-07	0
2.02603e-10	1
6.30283e-12	0
4.24137e-06	0
4.3711e-07	0
4.09944e-08	0
1.18842e-06	0
7.22812e-07	0
0.0103105	0
3.35091e-08	0
5.51232e-06	0
7.16229e-08	0
2.23055e-05	0
1.67705e-08	0
3.58816e-08	0
0.952476	1
8.50663e-08	0
1.96443e-05	0
1.10776e-07	0
3.39146e-06	0
5.78039e-08	0
2.13962e-09	0
7.78877e-08	0
3.88361e-05	0
3.92526e-07	0
4.31237e-07	0
1.28675e-05	0
1.40887e-06	0
4.67758e-08	0
9.2351e-07	1
7.74447e-07	0
1.58292e-07	0
3.97893e-08	0
2.12379e-07	0
1.00495e-06	0
0.000103286	1
1.05222e-06	0
2.32081e-06	0
9.64711e-08	0
0.154544	1
1.62287e-07	0
2.07845e-09	0
4.76099e-05	0
1.03332e-05	0
1.21835e-07	0
6.50177e-06	0
2.04987e-06	0
0.819187	1
3.43484e-09	0
1.03348e-05	0
1.96385e-05	0
2.73136e-07	0
3.92764e-07	0
5.33258e-07	0
2.89201e-08	0
9.06099e-06	0
2.16093e-06	0
2.0884e-08	0
2.91762e-07	0
6.58408e-08	0
5.32514e-08	0
6.89519e-09	0
6.9676e-07	0
1.76997e-06	0
1.66474e-09	0
1.93887e-05	0
3.42897e-05	0
2.78626e-08	0
1.10382e-05	0
2.55343e-06	0
3.70455e-06	0
3.35134e-05	0
0.00215375	1
3.04286e-05	0
9.06022e-08	0
2.17972e-06	0
1.44234e-10	0
7.44597e-06	0
3.74854e-07	0
0.000579174	0
1.73876e-07	0
1.2867e-06	0
2.06802e-06	0
1.91514e-07	0
1.70174e-05	1
8.15638e-07	0
8.37593e-08	0
0.305228	1
1.82789e-07	0
7.32685e-07	0
1.98434e-06	0
1.15336e-06	0
3.15702e-08	0
1.75789e-05	1
0.0521151	1
1.60783e-05	0
4.22854e-07	0
4.05377e-05	0
1.62536e-08	0
5.87601e-07	0
3.33369e-07	0
0.0735226	1
0.208732	0
0.00613831	1
1.63591e-06	0
1.38776e-06	0
9.52176e-07	0
0.00130708	0
4.48808e-07	0
1.49859e-06	1
3.02386e-06	0
8.66637e-08	0
1.17502e-05	0
1.3517e-07	0
9.42695e-05	1
7.19979e-06	0
1.67098e-10	0
1.33007e-06	0
0.0941711	0
8.74156e-08	0
1.03985e-07	0
4.08781e-08	0
7.37682e-08	0
1.66975e-06	0
0.00101547	0
3.80815e-07	0
3.39489e-06	0
1.20953e-09	1
1.44535e-06	0
0.197864	0
9.85702e-06	0
1.42545e-05	0
1.63124e-07	0
1.84942e-06	0
1.81039e-09	0
2.12412e-07	0
3.86441e-10	0
5.33991e-06	0
1.34296e-10	0
9.35162e-07	0
3.22409e-05	0
4.27241e-07	0
1.00914e-06	0
5.22846e-08	0
1.7151e-05	0
3.41896e-07	1
1.44562e-06	0
4.65475e-07	0
3.12868e-07	0
0.000271396	1
3.00019e-07	0
4.63856e-06	0
3.33024e-09	0
0.00653529	1
5.02507e-06	0
3.13122e-08	0
2.47563e-08	0
4.59667e-07	0
3.93196e-08	0
3.81221e-08	0
2.07059e-07	0
1.08596e-10	0
1.63058e-05	0
0.00876796	0
1.01304e-09	0
2.69721e-06	0
3.73664e-08	0
1.01621e-09	0
0.525542	0
0.000249243	1
5.83418e-08	0
8.30289e-07	0
1.66567e-10	0
2.82382e-05	0
2.38643e-07	0
0.000109516	0
9.85303e-06	0
1.10995e-07	0
3.85515e-07	0
0.81267	0
1.77573e-06	0
6.67136e-08	0
0.00014817	0
7.82528e-05	0
3.73795e-07	0
3.43505e-06	0
1.54722e-07	0
0.0323189	0
0.000178688	0
9.2146e-07	0
3.17258e-08	0
0.210578	1
8.5987e-09	0
7.13488e-08	0
1.18183e-06	0
8.15525e-09	0
1.77984e-09	0
6.07526e-07	0
1.21446e-07	0
2.13163e-08	0
7.04044e-06	0
0.0276775	1
4.77207e-07	0
8.52151e-07	0
7.89832e-06	0
4.17006e-05	1
3.56706e-06	0
1.19122e-08	0
0.000159195	1
4.40722e-05	1
5.15663e-06	0
0.385231	0
1.21573e-05	0
1.14644e-07	0
6.88164e-07	0
2.4414e-08	0
4.86215e-08	0
0.0487115	1
3.09611e-09	0
0.00204894	0
0.035341	1
3.76079e-05	0
2.60647e-08	0
2.56542e-05	0
1.51218e-07	0
2.59602e-05	1
7.2389e-08	0
3.1897e-07	0
6.45785e-08	0
3.4918e-06	0
0.000165949	1
8.22675e-09	0
4.62272e-06	0
1.97563e-06	0
2.92111e-08	0
2.08716e-07	0
1.28838e-07	0
8.40478e-08	0
1.22416e-08	0
7.66384e-06	0
1.11515e-05	0
4.39932e-09	0
2.02679e-06	0
8.70744e-09	0
5.18345e-11	0
4.98804e-07	0
1.25727e-06	0
0.000429972	0
7.83112e-08	0
3.55337e-07	1
2.58978e-06	0
7.43826e-07	0
1.45046e-05	0
7.25828e-06	1
2.5242e-07	0
8.3781e-06	0
9.28585e-07	0
2.07651e-07	0
0.0209906	1
0.00483964	1
1.29414e-05	0
3.21001e-07	0
9.77065e-10	0
0.911965	0
6.04655e-05	0
3.89137e-06	0
0.0109856	0
1.55404e-07	0
2.11483e-06	0
0.000775897	0
2.0491e-07	0
1.037e-06	0
3.39883e-07	0
6.06916e-07	0
2.69326e-06	0
3.98387e-07	0
0.66621	1
6.14261e-06	0
0.0382026	0
1.59157e-07	0
3.95438e-06	0
6.17693e-07	0
1.39266e-05	0
0.394498	0
4.9589e-07	0
7.21766e-09	0
4.85863e-06	0
4.93117e-08	0
5.05094e-09	0
4.20452e-07	0
5.39462e-07	0
1.8643e-05	1
1.65694e-06	0
3.79241e-06	0
6.23044e-07	0
9.07498e-07	0
2.00649e-06	0
2.82191e-08	0
9.06815e-07	0
0.0683031	1
0.19512	0
3.35849e-05	0
1.49331e-05	0
0.0285483	1
8.667e-09	0
9.39021e-06	0
2.64837e-08	0
4.11033e-06	0
5.2452e-08	0
1.61391e-06	0
6.46932e-06	0
3.04562e-05	1
1.2912e-06	0
6.90226e-10	0
9.94527e-07	0
3.34823e-05	0
7.10537e-08	0
2.84008e-06	0
0.000176661	0
7.08372e-08	0
3.57276e-07	0
2.13636e-07	0
6.13174e-06	0
8.76217e-10	0
1.97997e-07	0
3.81326e-08	0
8.55711e-09	0
3.59987e-06	0
3.50644e-05	0
3.36393e-08	0
2.95406e-07	0
5.34636e-06	1
1.63634e-05	0
2.32945e-06	0
1.05933e-07	0
0.000222233	1
0.000710593	0
4.12038e-08	0
2.78707e-08	0
2.5914e-07	0
1.28511e-07	0
7.57681e-08	0
3.96062e-07	0
2.34786e-07	0
4.08922e-07	0
5.13857e-08	0
4.6296e-09	0
7.49471e-08	0
1.4362e-06	0
6.27232e-07	0
0.126543	0
9.10241e-09	0
3.49919e-07	0
3.32196e-07	0
0.00010387	0
1.36251e-08	0
9.32437e-09	0
2.19911e-07	0
4.6001e-07	1
4.26435e-06	0
1.13316e-09	0
1.01762e-06	0
4.79891e-07	0
6.50056e-06	0
0.00340938	1
0.648882	0
0.00169437	0
7.60573e-07	0
4.01676e-10	0
5.49724e-08	0
4.7442e-06	0
5.97231e-07	0
6.63478e-08	0
0.00319591	1
1.43014e-05	0
5.21403e-05	0
6.61232e-08	0
7.25652e-09	0
3.97012e-07	0
0.000120658	0
3.46937e-08	0
7.47909e-06	0
1.09095e-06	0
0.00707123	1
1.92016e-07	0
0.0722124	0
9.24188e-07	0
8.8278e-08	0
1.87057e-07	0
6.46434e-06	0
1.16323e-07	0
6.8664e-08	0
0.199209	1
1.77609e-06	0
9.23815e-06	0
0.0323154	0
6.24065e-07	1
3.86051e-08	0
0.000686709	1
4.23446e-05	0
0.161053	1
6.1192e-09	0
1.34217e-06	0
6.14281e-10	0
7.39963e-09	0
2.79872e-05	0
2.80054e-06	0
7.3688e-07	0
8.60178e-08	0
7.68947e-08	0
1.29847e-07	0
8.60779e-08	0
2.86809e-07	0
2.24514e-06	0
7.0223e-08	0
9.90879e-05	0
1.36303e-06	0
1.658e-08	0
4.46011e-08	0
4.58702e-05	0
4.99335e-06	0
5.4479e-08	0
4.20569e-07	0
0.000117981	0
0.000138509	0
2.73741e-08	0
2.93999e-06	0
0.00016077	0
1.47019e-08	0
3.84228e-06	0
1.43e-05	0
1.3426e-08	0
2.25458e-06	0
6.91343e-08	0
3.70372e-07	0
3.7276e-07	0
7.66046e-05	0
1.52182e-07	0
5.99727e-07	0
7.10419e-07	0
0.0712666	0
0.0348777	0
2.06441e-05	0
0.0111275	0
4.1262e-06	0
1.52266e-06	0
4.1147e-08	0
1.58879e-08	0
4.76501e-07	0
0.000530666	1
1.81677e-05	0
2.74348e-06	0
3.79934e-08	0
1.62929e-07	0
1.67833e-06	0
9.93529e-08	0
8.70753e-06	0
1.00692e-05	0
2.29419e-07	0
3.2355e-07	0
2.00548e-07	0
2.48542e-06	0
0.0148189	1
1.3777e-06	0
5.09639e-06	0
2.26524e-06	0
0.153897	0
3.32873e-08	0
1.47949e-07	0
0.000338769	1
4.82726e-06	1
2.81901e-05	0
1.12206e-07	0
8.41495e-07	0
3.81857e-08	0
6.18093e-07	0
4.06102e-07	1
3.09452e-07	1
3.20835e-07	0
1.22174e-07	0
1.68076e-05	0
2.74186e-08	0
1.2891e-05	0
2.00306e-05	0
8.11611e-07	0
3.32391e-08	0
2.28508e-05	0
1.73309e-06	0
7.41581e-07	0
4.01886e-08	0
6.75568e-05	0
5.21338e-10	0
3.78494e-07	0
1.51069e-05	0
1.5371e-07	0
2.81061e-06	0
9.4895e-09	0
2.71092e-09	0
3.13814e-07	0
3.99125e-07	0
0.000146302	1
7.01183e-07	0
1.95086e-07	0
0.0200125	1
4.40557e-07	0
1.42521e-07	0
1.44845e-07	0
2.5395e-06	0
9.89681e-06	0
2.15354e-10	0
6.47323e-07	0
5.07197e-07	0
0.0978373	0
1.10728e-07	0
6.19957e-06	0
6.28881e-07	0
4.92021e-07	0
2.38316e-08	0
1.58812e-06	0
4.73321e-06	0
4.77995e-07	0
6.62091e-10	0
1.65211e-06	0
4.22623e-08	0
2.80047e-08	0
4.35877e-10	0
2.17712e-06	0
3.51565e-08	0
1.58145e-06	0
0.000713507	0
1.06155e-05	0
1.70898e-07	0
0.0362567	1
2.1622e-07	0
0.000108018	0
1.4277e-07	0
1.28789e-05	0
4.25729e-06	0
6.34454e-08	0
8.05054e-06	0
0.00108965	1
4.41076e-08	0
1.94308e-08	0
4.64891e-08	0
2.37248e-09	0
8.88984e-08	0
2.85959e-08	0
3.26824e-05	1
3.12078e-06	0
2.88226e-08	0
5.26125e-06	0
3.14785e-06	1
2.47674e-05	0
4.30491e-05	0
1.60988e-06	0
7.28067e-06	0
5.39171e-06	0
8.1175e-09	0
6.2123e-07	0
4.14443e-06	0
5.52273e-06	1
2.88664e-06	0
7.06718e-08	0
1.16176e-06	0
8.46422e-09	0
3.68695e-06	0
8.62263e-07	0
4.13571e-06	0
1.1739e-08	0
2.41827e-06	0
1.28005e-06	0
7.00838e-05	0
2.31167e-08	0
0.00703929	1
0.236879	1
2.21498e-06	0
6.44638e-06	0
4.9966e-05	0
7.27449e-06	0
1.96178e-06	0
0.000155911	1
9.97109e-08	0
3.08165e-08	0
1.03922e-07	0
9.64764e-08	0
1.57984e-06	0
1.88214e-06	0
2.21676e-06	0
6.00898e-08	0
5.92439e-05	1
1.25271e-07	0
4.87759e-08	0
0.0964702	1
0.000106766	0
2.59218e-07	0
0.501608	0
8.67952e-08	0
1.17255e-07	0
1.75302e-07	0
2.10748e-06	0
1.57535e-05	0
4.63724e-05	0
9.9344e-06	0
4.75622e-07	1
0.0014572	0
2.80376e-07	0
4.40438e-10	0
3.38372e-06	0
3.0632e-07	0
4.46532e-08	0
6.84853e-09	0
9.80786e-08	0
2.22504e-06	0
0.529426	0
2.17195e-05	0
3.88757e-09	0
5.58654e-08	0
6.73269e-08	0
4.87951e-09	0
2.51123e-07	0
5.12833e-07	1
1.00825e-06	0
6.4809e-07	0
0.000204262	0
5.76962e-07	0
1.05919e-06	0
0.152148	0
1.00519e-05	0
0.0644718	0
4.16902e-09	0
0.000172477	1
5.18185e-06	0
4.39885e-09	0
9.77032e-07	0
1.85197e-07	0
6.07681e-06	0
0.000100411	1
1.10269e-06	0
4.11369e-08	0
4.76858e-09	0
0.0517418	0
5.42218e-07	0
6.98713e-06	0
3.03337e-06	0
2.30981e-07	0
1.15556e-08	0
2.36091e-07	0
3.22831e-05	0
8.31245e-06	0
0.0008805	1
4.0112e-08	0
1.04142e-06	0
4.87941e-06	0
2.44258e-09	0
9.70202e-06	0
4.22349e-07	0
2.73921e-05	0
3.36936e-07	0
5.04593e-10	0
4.83966e-06	0
1.47136e-07	0
9.72607e-08	0
2.00702e-07	0
0.0108915	1
5.43072e-09	0
1.47087e-05	1
6.99244e-05	0
0.00102909	0
8.76947e-05	0
3.59765e-06	0
5.97635e-09	0
2.77682e-09	0
4.97949e-08	0
5.42557e-06	0
8.489e-08	0
1.32986e-05	1
6.07318e-06	0
1.10853e-07	0
1.78215e-07	0
1.16061e-05	0
0.000143748	1
1.30798e-06	0
3.41635e-09	0
4.44204e-07	0
1.29092e-06	0
1.69072e-07	0
8.37996e-08	0
6.98783e-08	0
3.57347e-08	0
2.57319e-07	0
2.28327e-08	0
1.78815e-06	0
3.75196e-06	0
2.5102e-06	0
0.0913579	1
9.75497e-07	0
7.07408e-08	0
6.59869e-06	0
1.23252e-06	0
2.19689e-07	0
5.77023e-09	0
7.08217e-09	0
1.77397e-07	0
1.21498e-06	0
6.40823e-08	0
1.05682e-05	0
0.000625326	1
2.89358e-07	0
5.02231e-09	0
2.98993e-08	0
0.00388612	1
9.23909e-08	0
9.223e-11	0
1.51027e-09	0
0.000106096	1
3.01511e-05	0
7.14274e-07	0
1.86349e-05	0
5.43037e-07	0
3.94247e-07	0
2.8425e-07	0
1.33132e-05	0
4.16641e-07	0
0.0149663	0
8.23257e-08	0
0.000140118	0
1.00292e-07	0
3.79685e-06	0
3.84801e-07	0
3.00185e-07	0
5.85848e-06	0
7.46676e-07	0
6.86979e-06	0
3.6994e-06	0
5.00676e-06	0
4.48064e-11	0
2.89556e-06	0
2.43619e-06	0
2.59487e-06	0
8.00807e-08	0
2.77261e-09	0
0.0233502	1
2.6412e-06	0
1.58411e-05	0
1.06258e-07	0
1.07968e-05	0
1.13718e-08	0
0.000244026	0
4.91607e-06	0
1.93508e-08	0
2.18152e-07	0
9.28312e-11	0
5.10223e-06	0
0.141266	1
3.17356e-06	0
7.66389e-07	0
4.29723e-06	0
1.01863e-05	0
0.0915861	1
1.86249e-07	0
4.59804e-08	0
2.63987e-06	0
5.0504e-07	0
6.82334e-06	0
1.71087e-07	0
0.000300158	0
5.03786e-06	0
4.41312e-08	0
8.18352e-09	0
1.35613e-09	0
2.17118e-07	0
1.80217e-07	0
0.0122477	1
0.000974732	1
6.81244e-06	0
1.13021e-08	0
5.97923e-07	1
0.000102078	0
1.98985e-09	0
4.3033e-06	0
1.61034e-07	0
1.76784e-05	0
4.24241e-09	0
4.14114e-09	0
3.69566e-10	0
9.44011e-08	0
0.000785172	1
4.27576e-07	0
6.27965e-09	0
4.86758e-06	0
1.06315e-05	0
1.70284e-08	0
9.3675e-06	0
5.47778e-08	0
4.73792e-06	0
1.34797e-06	0
0.00493592	1
9.99645e-08	0
1.66546e-07	0
1.93872e-08	0
2.75821e-08	0
5.80011e-07	0
3.59814e-08	0
4.09703e-09	0
4.95957e-07	0
1.32234e-09	0
1.06601e-07	0
1.8092e-06	1
0.000240828	0
0.849681	1
2.61697e-06	0
0.00119021	0
1.44127e-07	0
5.63797e-05	0
2.809e-05	0
4.39299e-06	0
2.68138e-07	0
2.25642e-09	0
1.64805e-06	0
3.83804e-08	0
1.25306e-08	0
4.90179e-07	0
8.21997e-08	0
2.04009e-08	0
2.06793e-09	0
1.52189e-06	0
5.24697e-07	0
3.36069e-07	0
8.39974e-07	0
1.09817e-07	0
2.10278e-05	0
0.282161	0
9.88918e-06	0
9.21096e-08	0
1.61738e-07	0
0.166543	0
1.06617e-07	0
7.79403e-07	0
0.00461273	1
2.01747e-07	0
3.25039e-05	0
3.95613e-07	0
0.000192888	0
3.85679e-08	0
7.52641e-07	0
7.01987e-08	0
1.53129e-07	0
7.59138e-07	0
9.49047e-11	0
5.53557e-07	0
2.62616e-08	0
1.32207e-06	0
4.12346e-07	0
1.33422e-06	0
7.1313e-06	1
6.73002e-06	0
5.72713e-06	0
5.92975e-05	0
2.85481e-06	0
3.1935e-05	0
5.61261e-07	0
6.01523e-07	0
1.09056e-05	0
2.1904e-06	1
2.57951e-06	0
0.304295	1
1.60909e-06	0
1.64534e-06	0
2.18915e-05	1
9.70846e-07	0
2.12861e-07	0
0.000870108	0
0.0368265	1
5.699e-06	0
2.58123e-06	0
1.91711e-06	0
4.24877e-09	0
3.03399e-06	0
6.65052e-08	0
4.51989e-08	0
6.90178e-07	0
3.53191e-05	1
0.475873	1
1.35882e-08	0
5.31077e-06	0
3.47897e-07	0
3.3093e-07	0
4.34613e-06	0
1.44329e-07	0
7.00671e-07	0
9.94909e-07	0
7.93574e-08	0
3.08216e-08	0
2.07734e-07	0
2.64247e-08	0
0.611189	0
1.11636e-07	0
0.000818226	1
6.98596e-08	0
7.24418e-06	0
1.34079e-08	0
0.000185399	0
1.94122e-10	0
0.631474	1
1.29803e-09	0
1.7908e-07	1
1.72032e-06	0
1.43892e-05	0
8.88313e-09	0
7.38678e-07	0
3.12392e-06	0
1.05366e-05	0
3.93228e-06	0
3.88071e-06	0
4.83848e-09	0
9.52832e-06	1
0.0117428	0
2.35734e-09	0
6.95008e-08	0
1.17698e-08	0
2.03554e-07	0
1.6587e-06	0
0.316566	1
2.16684e-07	1
1.14649e-08	0
4.41094e-06	0
6.85288e-07	0
0.0135967	1
1.20519e-07	0
6.15813e-05	0
1.37542e-07	0
0.000278513	1
2.18843e-07	0
0.000119668	0
3.12585e-09	0
1.25333e-08	0
3.72937e-07	0
9.17963e-07	0
2.00984e-06	0
1.01189e-07	0
1.10236e-07	0
5.04292e-08	0
2.05324e-05	0
0.000136435	0
5.76632e-06	0
2.26099e-07	0
2.36539e-06	0
2.56767e-06	0
2.05185e-05	0
0.000156131	0
0.0243845	1
2.00391e-05	0
3.13158e-08	0
3.58228e-06	0
4.05013e-08	0
4.97375e-09	0
4.32693e-05	0
4.18386e-08	0
5.26876e-05	0
1.91399e-06	0
8.2839e-06	0
1.07821e-07	0
2.33239e-07	0
6.41157e-07	0
2.21714e-06	0
0.000155407	1
2.21418e-08	0
0.000316767	0
3.32007e-08	0
2.60011e-05	0
2.83304e-08	0
0.0026748	0
8.57552e-05	0
7.94467e-06	0
1.07176e-05	0
1.11947e-06	0
0.0810499	0
0.0018959	1
0.000195331	0
0.0043888	1
6.66398e-08	0
1.24359e-05	0
1.77088e-06	0
1.71146e-08	0
5.3064e-06	0
1.02217e-08	0
1.6102e-10	0
1.10909e-05	1
3.75707e-07	0
2.23212e-08	0
1.51155e-06	0
1.03764e-07	0
1.30671e-07	0
0.00872585	1
3.90252e-07	0
2.03113e-05	0
1.07623e-08	0
2.0165e-07	0
5.512e-09	0
1.07498e-06	0
0.00010421	0
2.98541e-06	0
3.61039e-08	0
0.000105714	0
8.702e-06	0
2.65736e-06	0
3.71182e-07	0
2.64696e-07	0
2.89604e-07	0
1.27668e-07	0
1.24196e-07	0
0.000546056	0
7.18185e-06	0
7.21797e-05	1
1.72355e-07	0
3.41608e-07	0
5.47303e-10	0
0.00151431	0
0.23662	1
8.39533e-06	0
1.84435e-06	0
4.13078e-06	0
1.73304e-08	1
1.78759e-07	0
1.03423e-08	0
3.20067e-06	0
0.00521559	1
0.000247581	0
5.84169e-07	0
0.00176903	0
4.9149e-06	0
5.57085e-07	0
1.74368e-07	0
2.41294e-08	0
2.16584e-07	0
2.05513e-06	0
7.03255e-06	0
0.0777738	0
4.66963e-09	0
0.0785993	0
2.72463e-07	0
1.46473e-08	0
1.13304e-06	0
1.36019e-08	0
4.08947e-09	0
7.47058e-06	0
2.9111e-07	0
2.70044e-08	0
5.19507e-08	0
5.18056e-08	0
1.28548e-06	0
0.000142471	0
4.2355e-07	0
3.5465e-08	1
5.45365e-08	0
4.8951e-07	0
0.0109478	1
2.4203e-05	0
3.48424e-07	0
7.1261e-09	0
2.90987e-07	0
2.44969e-07	0
0.000109659	1
2.34386e-06	0
6.50216e-08	0
8.36801e-08	0
4.53468e-05	0
2.07041e-07	0
1.58544e-07	0
5.36467e-07	0
4.36246e-06	0
1.12552e-07	0
0.801921	1
8.74021e-07	0
8.31677e-09	0
6.33013e-07	0
1.59473e-05	0
9.6243e-08	0
4.93632e-08	0
3.15026e-05	0
1.90001e-09	0
3.92905e-07	0
5.77747e-06	0
7.4836e-06	0
7.61897e-07	0
0.00064097	1
4.29619e-08	0
1.5779e-06	0
4.37759e-07	0
1.03336e-08	0
2.62406e-08	0
1.05622e-06	0
2.00311e-06	0
6.6592e-08	0
4.52443e-07	0
0.0014576	0
3.86333e-05	0
2.15983e-07	0
4.68038e-06	0
0.0800911	1
6.07928e-09	0
3.61719e-08	0
1.27623e-06	0
7.1693e-05	1
2.16618e-07	0
2.69494e-07	0
4.716e-05	0
1.16676e-06	0
1.28794e-08	0
1.04467e-05	0
1.88034e-08	0
8.65177e-08	0
2.7066e-07	0
1.31968e-08	0
3.35262e-06	0
6.89354e-07	0
3.63133e-06	0
7.01488e-05	1
0.10046	0
0.000118812	0
3.48974e-09	0
2.36007e-07	0
0.605648	1
2.18551e-08	0
7.89495e-06	0
4.73347e-08	0
1.06186e-06	0
2.13406e-05	0
1.56312e-08	0
2.57209e-08	0
8.32232e-07	0
2.74565e-07	0
0.00450075	1
3.77713e-08	0
3.17555e-10	0
1.64061e-06	0
5.4996e-06	0
7.79987e-07	0
4.13209e-05	0
0.53152	1
7.18024e-06	0
3.84026e-05	0
0.000164626	0
1.61889e-08	0
5.23823e-07	0
1.12887e-06	0
3.52329e-06	0
5.40418e-05	0
7.20583e-06	0
0.562359	1
1.55831e-07	0
3.44073e-07	0
2.93491e-08	0
0.000634815	0
9.25784e-09	0
6.03913e-08	0
4.76097e-06	0
1.08423e-07	0
3.59882e-07	0
0.437138	1
6.36054e-07	0
4.83279e-07	0
0.00588981	1
3.25975e-10	0
1.91363e-06	0
1.41975e-08	0
7.82709e-07	0
3.48804e-06	0
1.53004e-08	0
1.73309e-06	0
3.88252e-11	0
2.30454e-06	0
3.65247e-06	0
9.74783e-10	0
3.97409e-06	0
2.45927e-07	0
1.87978e-06	0
2.14108e-08	0
3.12247e-08	0
0.00179248	0
2.50754e-07	0
2.68609e-05	0
0.00343638	0
1.50747e-07	0
1.12147e-06	0
0.0236059	1
1.77618e-08	0
9.27226e-07	0
3.17781e-08	0
5.5688e-06	0
1.40793e-07	0
4.48782e-07	0
7.84648e-11	0
1.26579e-08	0
3.95384e-08	0
2.31967e-08	0
4.39026e-08	0
9.05794e-06	0
3.17182e-07	0
8.21535e-08	0
6.1547e-07	0
0.000646249	1
0.000208773	0
2.25698e-08	0
2.73364e-08	0
1.45671e-05	0
1.21547e-07	0
2.47837e-07	0
5.27837e-06	0
5.22251e-06	0
4.2174e-08	0
0.000106507	0
1.32196e-06	0
2.88886e-05	0
8.33116e-08	0
1.42615e-05	1
7.607e-07	0
4.79251e-08	0
8.43257e-10	0
6.5293e-08	0
2.75802e-09	0
0.00141016	0
2.21426e-07	0
0.00227149	0
0.000272277	0
9.91859e-08	0
0.664972	1
1.13622e-08	0
2.99682e-08	0
0.000934587	0
2.28181e-06	0
0.000310032	1
5.59189e-08	0
2.52961e-07	0
9.5971e-09	0
3.45962e-06	0
3.75055e-09	0
0.000166765	0
1.35188e-06	0
3.01777e-05	0
7.60012e-06	0
2.43295e-07	0
3.1743e-07	0
9.93837e-06	0
1.91659e-05	0
2.73537e-07	0
4.20307e-07	0
2.238e-07	0
0.00898271	0
9.27188e-07	0
1.73951e-05	0
1.80487e-08	0
2.2362e-05	0
2.23864e-07	0
1.14029e-06	0
8.26104e-08	0
1.09197e-05	0
5.69076e-06	0
9.47447e-10	0
2.42573e-06	0
6.54279e-05	1
8.74705e-05	0
0.0051922	1
7.58857e-09	0
1.82408e-06	0
7.90965e-07	0
3.15635e-09	0
1.76134e-05	0
4.6264e-08	0
0.000141365	0
6.2116e-09	0
9.0088e-09	0
2.85824e-07	0
0.00149169	0
0.00203962	0
2.05495e-05	0
1.53037e-06	0
6.76713e-07	0
1.79335e-08	0
6.05185e-09	0
3.10261e-09	0
1.38793e-06	0
6.34599e-07	0
1.87199e-06	0
3.13969e-07	0
9.67056e-07	0
1.30111e-07	0
4.95727e-06	0
4.84947e-05	1
0.00118098	0
1.17245e-08	0
1.80834e-06	0
0.000462835	1
3.13118e-05	0
1.10781e-10	0
1.29957e-06	0
1.9395e-06	0
4.32133e-06	0
7.34732e-06	0
3.64053e-06	0
1.03687e-07	0
8.64573e-09	0
2.1748e-06	0
7.10506e-08	0
6.2749e-07	0
6.80925e-08	0
1.44712e-05	0
4.38252e-05	0
7.76291e-09	0
7.43293e-08	0
6.33782e-07	0
3.47468e-07	0
5.80016e-08	0
1.86128e-08	0
0.00298203	0
0.000122946	0
8.04475e-11	0
6.24581e-08	0
8.67824e-06	0
4.0591e-07	0
1.28111e-07	0
1.08525e-05	0
1.9778e-08	0
1.82416e-05	0
3.56704e-06	0
4.22229e-07	0
5.47042e-07	0
3.3269e-07	0
9.56758e-05	0
5.51488e-08	0
2.59202e-10	0
0.474703	0
1.07457e-06	0
1.21802e-05	0
8.12643e-06	0
1.81394e-05	0
4.79434e-09	0
1.73617e-07	0
4.29424e-09	0
0.000555609	0
1.77853e-06	0
6.01641e-10	0
2.33079e-07	0
7.6096e-09	0
5.84476e-05	0
1.25814e-08	0
0.000401634	1
0.00470655	0
2.13493e-06	0
9.30847e-10	0
3.26076e-08	0
0.838447	1
9.63016e-07	0
4.11864e-08	0
2.48511e-07	0
6.0571e-08	0
2.07869e-06	0
0.446867	1
1.83515e-07	0
0.00233612	0
1.0458e-06	0
5.57691e-07	0
5.87502e-07	0
0.355769	0
1.466e-09	0
1.58225e-05	0
0.000306689	1
7.46404e-07	0
0.000263147	1
1.09317e-06	0
6.2447e-08	0
2.85576e-06	0
0.00127372	1
4.11276e-05	0
1.55829e-11	0
1.81621e-07	0
9.4901e-09	0
1.35444e-05	0
4.78562e-07	0
6.05502e-07	0
6.19723e-08	0
2.19115e-05	0
2.43351e-07	0
5.48331e-06	0
9.03545e-05	0
3.2172e-06	0
1.86134e-06	0
1.12005e-05	0
0.000130753	0
1.21329e-06	0
2.17677e-08	0
3.15362e-05	0
7.30972e-07	0
0.513606	1
1.31237e-07	0
1.42435e-06	0
0.00197088	1
2.3449e-07	0
2.10509e-07	0
9.04501e-08	0
2.38622e-09	0
1.12841e-05	0
1.45876e-06	0
2.87981e-07	0
1.02248e-08	0
1.88424e-06	0
6.63353e-07	0
1.60437e-06	0
7.53951e-06	0
7.11085e-06	0
5.55064e-05	0
1.17233e-08	0
7.38883e-06	0
3.20005e-08	0
2.76182e-06	0
0.0172709	1
5.60321e-08	0
0.000105621	0
3.83589e-09	0
0.332554	1
8.8315e-06	0
1.6053e-06	0
1.98034e-08	0
3.11389e-07	0
2.49112e-06	0
0.00146261	1
8.51983e-05	0
5.05902e-06	0
2.06326e-07	0
9.48885e-09	0
5.50811e-07	0
1.21212e-06	0
9.64812e-09	0
1.27884e-05	0
5.51454e-09	0
1.70873e-07	0
3.4547e-05	0
2.79225e-09	0
5.25763e-07	0
1.30176e-05	0
2.1587e-08	0
0.000790756	1
4.17306e-09	0
1.41204e-06	0
7.46531e-05	0
2.07754e-06	1
4.41596e-05	0
4.93389e-08	0
9.85067e-07	0
6.70694e-07	0
2.02161e-08	0
8.87795e-07	0
7.63822e-07	0
1.36614e-06	0
4.33286e-09	0
6.97006e-06	0
2.59861e-08	0
5.29817e-06	0
2.65185e-09	0
1.80933e-09	0
5.85604e-07	0
1.31164e-06	0
1.19998e-06	0
0.0017556	0
2.84701e-07	0
4.14746e-08	0
0.0421303	1
4.11687e-06	0
4.11921e-07	0
5.10301e-06	0
3.17634e-05	0
1.64967e-08	0
2.64554e-07	0
0.000511657	1
1.52577e-05	0
0.0651933	1
0.00120804	0
3.91679e-06	0
1.827e-05	0
4.05898e-08	0
9.02529e-09	0
4.76998e-09	0
3.84613e-08	0
1.02451e-07	0
2.76523e-06	0
2.6784e-07	0
1.80194e-07	0
1.35438e-06	0
4.03375e-05	0
2.02652e-08	0
7.18102e-05	0
1.08066e-08	0
2.16248e-06	0
0.000223727	0
9.74463e-07	0
1.81124e-07	0
1.28989e-07	0
4.26756e-06	0
5.06708e-07	0
5.05445e-07	0
4.58304e-06	0
2.9693e-09	0
0.11898	0
1.06123e-05	0
8.57746e-06	0
9.21292e-08	0
7.81947e-08	0
9.76691e-06	0
3.29471e-05	0
8.9564e-07	0
0.000103175	0
2.85005e-09	0
5.22131e-07	0
1.29898e-07	0
1.612e-09	0
5.33408e-06	0
5.75758e-05	0
5.10282e-09	0
9.71821e-07	0
1.78914e-08	0
4.65869e-08	0
8.42749e-07	0
2.85244e-07	0
9.87976e-07	0
0.0794637	0
1.34759e-05	0
1.37423e-05	0
1.10043e-07	0
2.31027e-07	0
4.25822e-06	0
0.00257465	1
4.53458e-06	0
8.00433e-05	0
8.69352e-06	0
7.30504e-05	0
7.17744e-09	0
3.52378e-05	0
6.20744e-08	0
8.12893e-06	1
8.71652e-07	0
7.212e-08	0
1.03448e-08	0
3.44403e-07	1
9.01259e-06	0
1.77258e-07	0
5.29088e-08	0
3.96809e-08	0
0.14542	0
4.01012e-06	0
0.000438747	0
2.51827e-06	0
1.12321e-06	0
0.000262183	0
2.6175e-07	0
0.00015469	0
5.75096e-07	0
0.278765	1
1.98754e-06	0
1.20955e-06	0
9.59664e-08	0
6.6205e-08	0
1.2051e-07	0
1.03984e-07	0
1.49941e-08	0
3.43114e-08	0
6.27041e-07	0
0.000599818	0
2.43632e-10	0
7.77723e-08	0
3.5826e-05	0
8.99625e-06	0
0.000145546	0
9.36399e-08	0
3.04893e-07	0
1.43697e-05	0
9.5554e-07	0
1.23559e-06	0
1.0711e-06	1
3.35019e-06	0
7.00678e-06	0
1.46533e-07	0
0.0514561	0
4.90028e-07	0
2.1564e-08	0
6.63409e-07	0
9.92521e-09	0
3.64068e-07	0
8.72615e-09	0
1.82617e-05	0
0.00482952	1
3.79122e-08	0
4.17465e-06	0
8.28438e-07	0
6.80794e-05	0
1.94121e-08	0
4.10664e-06	0
3.67674e-12	0
6.79159e-07	0
0.000103894	0
2.27565e-07	0
2.68761e-05	0
1.28406e-08	0
0.0106163	0
7.14988e-06	0
6.037e-06	0
2.49565e-05	0
0.000794754	1
3.74255e-08	0
5.88881e-06	0
7.26081e-07	0
8.79734e-06	0
1.69232e-08	0
0.00300094	0
2.87668e-07	0
1.37257e-06	0
0.000108359	0
1.58288e-06	0
2.73363e-08	0
1.22953e-05	0
1.11777e-06	0
1.01832e-08	0
2.54412e-06	0
8.25091e-09	0
2.33784e-08	0
6.8197e-06	0
0.000133172	1
4.00903e-06	0
1.23656e-07	0
3.88253e-08	0
1.20477e-07	0
0.0808652	1
2.14889e-07	0
3.11554e-05	0
1.07065e-05	0
0.000113411	1
2.21086e-05	1
0.0453258	1
3.94163e-05	0
4.73529e-05	0
1.3043e-05	1
7.47574e-06	0
9.4625e-08	0
9.69098e-09	0
7.29884e-06	0
0.000174966	0
1.48809e-05	0
1.93152e-06	0
3.7003e-05	0
3.16822e-06	0
4.80586e-06	0
2.38476e-08	0
0.000573837	1
2.27256e-05	0
1.26674e-06	0
0.207307	1
0.0507293	1
2.22726e-07	1
3.36281e-05	0
2.18519e-07	0
9.00844e-05	0
1.33087e-07	0
3.66328e-06	0
0.544808	1
5.53883e-05	0
1.37683e-07	0
1.4304e-05	0
0.267551	1
0.63919	0
9.53192e-06	0
1.0615e-07	0
8.05715e-07	0
2.26427e-07	0
1.96369e-07	0
4.08022e-05	0
4.98616e-06	0
4.00246e-06	0
2.05705e-09	0
4.3918e-07	0
1.30639e-07	0
2.1611e-09	0
5.81162e-09	0
9.07862e-08	0
3.7187e-09	0
1.06942e-07	0
3.76494e-07	0
5.39649e-11	0
1.99076e-06	0
5.06782e-09	0
2.98673e-08	0
1.06553e-05	0
0.00220454	1
0.00392193	0
2.41267e-08	0
1.67762e-05	0
1.90052e-07	0
2.373e-07	0
1.54422e-06	0
1.99715e-05	0
1.39521e-07	0
2.90321e-08	0
1.13615e-07	0
1.24233e-08	0
7.3572e-08	0
1.41712e-05	0
7.712e-09	0
1.90558e-08	0
2.13491e-06	0
5.19667e-06	0
1.62202e-06	0
2.04714e-06	0
2.39398e-06	0
1.19115e-07	0
1.42675e-10	0
1.08734e-07	0
4.61434e-07	0
5.56156e-09	0
4.53268e-07	0
3.31013e-06	0
1.10412e-07	0
1.49659e-08	0
1.50407e-05	0
1.27127e-06	0
3.21911e-07	0
1.52199e-07	0
2.54987e-09	0
2.92763e-08	0
4.60782e-06	0
4.46672e-08	0
4.07217e-05	0
2.48574e-08	0
0.916921	0
1.67579e-06	0
0.000705415	0
0.0641282	1
3.37947e-08	0
9.67055e-07	0
9.67228e-07	0
2.13957e-07	0
1.97177e-05	1
6.38756e-07	0
5.74022e-06	0
1.90908e-07	0
1.05041e-05	0
4.64924e-08	0
4.52639e-07	0
2.70364e-05	0
2.76977e-05	0
6.33658e-08	0
5.31224e-08	0
9.2414e-07	0
0.00709306	0
2.16033e-06	0
0.211978	1
1.17689e-07	0
2.20757e-08	0
2.20632e-08	0
2.31937e-09	0
4.11199e-08	0
0.000117343	1
8.33931e-07	0
0.0846125	1
1.92386e-05	0
2.12761e-08	0
2.00707e-07	0
8.04705e-06	0
1.62948e-05	0
4.57387e-07	0
1.73246e-08	0
0.000121203	0
1.348e-09	0
2.2731e-07	0
1.542e-06	0
2.35278e-06	0
3.27445e-08	0
6.78573e-07	0
7.9751e-05	1
0.000132246	0
1.38811e-07	0
6.49911e-07	0
8.30186e-07	0
3.88315e-09	0
2.6502e-05	1
0.00018889	1
1.33392e-07	0
8.09891e-08	0
2.2223e-06	0
4.85626e-07	0
0.0679133	0
0.0453624	1
5.82472e-07	1
7.18421e-08	0
5.49539e-06	0
1.93471e-07	0
6.55223e-07	0
2.63657e-07	0
1.96075e-06	0
1.03874e-06	0
6.49791e-07	0
4.07505e-06	0
0.630088	1
5.61531e-08	0
1.15445e-07	0
1.84682e-05	1
8.50987e-09	0
4.74669e-08	0
4.07884e-06	0
0.000288878	0
0.0261202	1
4.85282e-06	0
1.83915e-07	0
0.0303355	0
8.09408e-06	1
0.000251108	0
4.42968e-07	0
1.1196e-07	0
0.203153	1
0.158337	0
1.1534e-05	0
1.12443e-05	0
0.21242	1
1.27605e-06	0
1.1725e-08	0
6.27689e-10	0
4.47656e-10	0
7.55377e-08	0
7.50472e-09	0
5.13591e-06	0
1.35275e-07	0
2.11353e-08	0
0.000864797	0
2.32575e-06	0
6.71277e-09	0
4.06083e-06	0
0.00366195	1
1.59345e-07	0
8.4701e-09	0
2.33209e-09	0
1.29742e-09	0
3.62378e-07	0
3.31979e-10	0
1.08525e-07	0
6.33985e-08	0
0.00920328	0
1.22562e-05	0
0.2865	1
0.000236435	0
3.16571e-05	0
0.000123013	0
5.60189e-06	0
8.02552e-05	0
2.9033e-07	0
8.09858e-07	0
5.86689e-10	0
5.33285e-07	0
7.41472e-09	0
1.07492e-07	0
2.60667e-05	0
0.000256446	1
9.42478e-06	0
5.67891e-08	0
0.0021635	1
2.2253e-06	0
1.11336e-06	0
2.67098e-06	0
2.18669e-07	0
2.65615e-05	0
1.01215e-07	0
3.4465e-10	0
3.0246e-07	0
1.32419e-05	0
1.90589e-08	0
3.98953e-08	0
4.4242e-07	0
6.41671e-06	0
3.3113e-08	0
7.19565e-08	0
3.0346e-08	0
3.03657e-05	0
0.104521	1
2.21492e-07	0
8.4261e-06	1
4.17425e-11	0
1.94766e-05	0
1.4664e-08	0
8.86745e-07	0
9.83048e-08	0
4.29516e-07	0
5.7154e-08	0
0.00047948	0
0.00560699	0
2.3506e-08	0
0.0420422	0
3.37303e-08	0
2.15047e-08	0
1.69756e-07	0
1.10658e-07	0
0.00215075	1
2.26318e-07	0
1.22814e-07	0
6.51301e-09	0
7.91756e-06	0
3.68877e-08	0
1.02032e-05	0
1.54826e-06	0
3.23398e-06	0
2.89768e-08	0
6.88641e-08	0
1.53487e-08	0
9.0063e-06	0
6.0378e-07	0
0.00054917	0
5.12153e-05	0
7.20004e-09	0
0.00303412	1
4.97391e-06	0
0.000197889	0
7.27937e-06	0
5.7364e-07	0
0.000417768	1
0.372308	1
9.82515e-09	0
1.44029e-08	0
7.58497e-09	0
2.82086e-08	0
2.53109e-06	0
0.000184951	0
0.0486295	0
5.18324e-05	0
9.08068e-07	0
4.48336e-08	0
9.24573e-07	0
6.28655e-06	0
2.17999e-08	0
1.2017e-05	1
5.29311e-07	0
7.68044e-07	0
2.08977e-08	0
2.33704e-08	0
9.30861e-07	0
9.20323e-09	0
4.98547e-07	0
4.256e-06	0
0.000252939	0
7.9322e-05	0
3.23819e-09	0
0.000441286	1
0.00387369	0
0.000300164	1
4.37608e-05	0
5.25164e-08	0
1.53958e-08	0
9.27962e-08	0
3.43281e-09	0
5.62403e-07	0
0.00503401	1
3.42306e-06	0
8.52696e-10	0
3.84275e-07	0
8.33494e-07	0
0.00219371	1
3.33507e-06	0
1.06099e-05	0
0.884842	0
1.52092e-07	0
4.69711e-07	0
3.8028e-09	0
1.22233e-07	0
4.22039e-07	0
1.00595e-05	1
0.000110026	0
0.00154898	0
6.26953e-06	0
0.00213196	0
2.56795e-09	0
7.01254e-05	0
1.04276e-05	1
5.55547e-07	0
1.75636e-05	0
7.01171e-09	0
1.74523e-08	0
4.20639e-05	0
2.17518e-05	0
1.90782e-07	0
0.23987	0
3.85106e-05	1
2.53858e-06	0
2.46336e-05	0
1.4152e-08	0
0.000539912	1
0.000226602	1
2.76514e-08	0
0.954883	0
2.02894e-06	0
1.10852e-07	0
5.36929e-07	0
2.62858e-08	0
1.13373e-06	0
1.01702e-07	0
8.05132e-07	0
6.56508e-06	0
9.6188e-07	0
3.45781e-08	0
8.82405e-08	0
2.67573e-07	0
5.9117e-08	0
9.06813e-06	0
1.13482e-06	0
9.66122e-08	0
2.87452e-07	0
1.48852e-06	0
3.34904e-07	0
9.67726e-07	0
2.68866e-07	0
7.33479e-05	1
3.61021e-06	0
1.37061e-06	0
1.25115e-08	0
5.63517e-05	1
1.75284e-08	0
4.50695e-06	0
2.19884e-06	0
0.00980015	1
1.39953e-07	0
2.67113e-07	0
3.24855e-07	0
2.22643e-06	0
0.103643	0
5.15457e-07	0
7.06755e-07	0
2.52611e-08	0
2.67803e-07	0
6.81513e-06	0
2.17136e-09	0
5.30154e-07	1
1.52656e-09	0
4.80101e-07	0
6.02629e-06	0
1.76798e-06	0
1.51554e-08	0
3.56551e-06	0
4.58962e-08	0
3.70203e-07	0
1.20142e-08	0
5.75451e-08	0
5.44263e-09	0
4.98217e-06	0
1.43098e-10	0
8.7482e-08	0
2.58072e-06	0
2.18575e-07	0
3.17415e-05	0
3.38555e-09	0
0.000961571	0
8.48281e-07	0
1.05877e-06	0
7.51647e-07	0
2.73427e-09	0
2.44445e-08	0
0.157683	0
9.08065e-08	0
1.14781e-06	0
2.79294e-05	0
1.12621e-08	0
2.61169e-07	0
2.00514e-06	0
4.0805e-07	0
7.21728e-08	0
0.88899	1
0.00235511	1
1.75552e-08	0
2.92028e-05	0
5.83874e-08	0
1.59222e-06	1
7.17252e-07	0
3.74312e-05	0
1.14822e-07	0
3.84905e-06	0
2.11539e-08	0
9.54418e-08	0
0.000116049	0
5.50908e-08	0
4.83519e-07	0
5.72303e-08	0
1.06353e-06	0
2.71839e-07	0
2.687e-06	1
8.87766e-07	0
2.08391e-06	0
5.57996e-05	0
7.48591e-09	0
6.80844e-08	0
5.60111e-06	0
0.0495792	1
8.4755e-07	0
0.0741522	0
2.44981e-07	0
0.173651	0
1.03274e-07	0
0.000236058	0
1.86698e-10	0
7.55738e-05	0
1.73053e-05	0
6.58626e-10	0
1.03794e-08	0
1.24526e-06	0
3.66645e-07	0
2.60794e-06	0
0.0110268	1
1.06697e-06	0
7.81761e-09	0
4.56471e-05	0
2.42346e-05	0
4.52468e-09	0
2.06718e-06	0
4.93061e-09	0
6.96131e-06	0
3.99582e-08	0
2.91049e-07	0
0.0254398	0
1.81509e-09	0
2.46755e-06	0
5.31506e-06	0
1.36284e-07	0
3.78501e-05	0
3.62162e-07	0
7.1229e-08	0
1.82583e-07	0
2.9659e-07	0
0.00142519	0
4.29718e-08	0
6.62858e-07	0
3.41786e-06	0
1.79798e-07	0
1.69709e-06	0
0.000849829	0
1.83137e-06	0
4.3977e-06	0
1.55494e-06	0
1.03051e-06	0
1.8932e-07	0
8.11581e-07	0
9.37491e-08	0
5.5461e-05	0
2.44474e-07	0
3.3214e-08	0
2.82708e-07	0
5.34208e-05	0
1.62103e-07	0
2.60718e-07	0
2.68457e-05	0
2.36094e-05	0
4.49919e-09	0
0.000252634	0
2.09667e-09	0
7.75977e-06	0
1.47388e-10	0
1.87714e-06	0
1.29637e-05	0
7.81461e-09	0
3.10792e-07	0
0.000111538	0
8.91341e-07	0
2.54261e-06	0
1.20958e-07	0
1.54948e-08	0
5.36951e-07	0
1.07611e-05	0
1.2734e-06	0
4.32729e-11	0
4.8754e-06	0
3.60762e-06	0
7.29651e-06	0
6.86289e-05	0
1.09335e-09	0
3.93743e-05	0
0.0466282	1
7.26778e-09	0
1.3172e-07	0
2.17376e-07	0
6.19959e-07	0
0.000334911	1
1.67778e-09	0
0.0024508	0
1.53806e-07	0
1.87146e-07	0
8.89825e-10	0
3.32926e-07	0
2.69491e-06	0
6.43752e-08	0
1.11422e-08	0
3.17782e-07	0
3.62584e-08	0
7.89319e-06	0
4.99255e-06	0
6.14927e-07	0
1.91249e-06	0
1.38199e-07	0
5.19022e-06	0
5.71014e-09	0
8.18277e-09	0
4.18913e-06	0
6.89683e-07	0
3.47174e-07	0
1.14859e-09	0
1.91378e-09	0
0.000110229	0
5.73586e-07	0
1.84822e-05	0
1.22542e-07	0
7.49737e-06	0
1.81416e-05	0
4.92327e-07	0
1.95204e-07	0
1.55438e-06	0
8.33806e-06	0
1.73134e-08	0
3.62084e-08	0
1.24844e-06	0
3.72769e-07	0
2.69188e-08	0
5.53617e-06	0
7.49652e-06	0
9.22481e-08	0
2.89952e-06	0
0.000130901	0
1.72692e-07	0
0.000954314	1
2.28386e-08	0
2.49017e-08	0
8.58133e-09	0
4.85724e-07	0
1.23385e-09	0
4.18505e-08	0
9.98e-06	0
1.52783e-06	0
0.0435934	1
1.53146e-08	0
1.1899e-05	0
0.421061	0
0.00654445	1
1.056e-09	0
3.53967e-08	0
4.54577e-06	0
0.00491143	0
4.30499e-07	0
1.73246e-09	0
1.86624e-05	0
1.8515e-07	0
1.5183e-06	0
3.25431e-07	0
2.51814e-07	0
5.50136e-06	0
1.29333e-07	0
2.3322e-07	0
6.71654e-06	0
7.03298e-08	0
5.07777e-09	0
3.38966e-07	0
6.98801e-07	0
1.5739e-05	0
0.00371473	0
2.95316e-07	0
2.46617e-06	0
0.176358	0
5.94481e-08	0
3.08082e-08	0
6.32041e-07	0
0.000135935	0
9.81929e-05	0
3.58699e-08	0
5.83985e-07	0
8.83371e-07	0
6.4346e-09	0
6.37416e-07	0
0.00212891	1
2.07872e-08	0
8.22123e-06	0
5.46469e-06	0
3.37778e-06	0
3.26403e-08	0
1.25063e-05	1
0.000742953	1
2.64545e-07	0
1.87441e-05	0
5.07182e-07	0
3.60055e-07	0
5.85876e-07	0
1.91177e-07	0
3.99599e-07	0
2.76313e-07	0
5.63683e-05	0
6.1118e-09	0
4.0523e-05	0
8.32992e-05	0
0.0104212	1
0.000294605	1
2.58484e-11	0
0.00521119	0
0.0392119	0
6.8592e-07	0
6.99453e-07	0
2.40809e-06	0
0.585027	0
6.15288e-08	0
2.24735e-06	0
7.22859e-07	0
1.14828e-07	0
2.14927e-08	0
3.68432e-05	0
6.75441e-08	0
1.75922e-07	0
6.68917e-05	0
2.18581e-08	0
2.94791e-06	0
4.50834e-06	0
1.13415e-05	0
2.40493e-06	0
4.86761e-09	0
1.70304e-06	0
2.029e-06	0
2.50836e-08	0
2.19227e-07	0
6.91194e-07	0
2.32139e-05	0
1.33226e-06	0
2.57346e-07	0
1.5562e-06	0
2.42001e-07	0
8.41769e-06	0
6.93633e-08	0
1.09816e-08	0
8.78136e-08	0
1.1772e-09	0
2.30308e-06	0
2.3758e-07	0
9.29624e-08	0
6.3391e-08	0
4.55883e-09	0
4.16213e-06	0
0.0497974	1
6.21127e-06	1
1.95992e-07	0
1.49051e-05	0
0.0082579	1
2.50659e-07	0
4.951e-05	0
1.36246e-05	0
7.16361e-06	1
2.23455e-05	0
0.0484058	1
1.55034e-07	1
9.15802e-08	0
4.58513e-07	0
0.00185098	1
1.78598e-06	1
3.77624e-06	0
0.000124937	1
1.09462e-09	0
2.53844e-05	0
6.17638e-08	0
6.715e-07	0
1.02171e-09	0
2.34552e-07	0
7.92278e-05	0
0.0052759	0
8.83753e-07	0
0.000250936	1
7.98011e-10	0
4.3608e-07	0
0.270723	1
2.14542e-07	0
6.65623e-09	0
2.33755e-06	0
5.04379e-06	0
0.694173	0
3.66424e-05	0
6.03975e-06	0
7.01217e-08	0
2.95322e-09	0
2.60408e-07	0
3.49707e-05	1
1.11538e-09	0
5.16558e-07	0
0.0212258	0
5.11209e-06	0
1.05989e-06	0
9.26581e-07	0
2.9169e-07	0
1.60444e-06	1
3.15464e-05	0
5.15401e-06	0
3.13626e-06	0
6.11715e-08	0
0.204938	0
1.93943e-06	1
8.22548e-07	0
8.72171e-08	0
3.04652e-05	0
7.19773e-09	0
0.0103236	1
4.18082e-07	0
8.23553e-06	0
0.00690142	0
0.454283	1
1.34864e-10	0
9.4797e-08	0
4.99139e-07	0
3.69737e-09	0
9.73393e-07	0
1.1561e-07	0
9.12851e-09	0
0.000114224	0
1.32453e-06	0
3.90567e-07	0
2.54892e-07	0
0.0324058	1
2.62591e-06	0
0.661655	0
0.878932	0
