4.0509	0
3.6558	0
25.5289	0
1.9207	0
3.7632	0
3.7157	0
1.275	0
1.8581	0
5.4671	0
1.5663	0
1.7487	0
11.9453	0
28.8619	0
23.5701	0
30.969	0
11.5331	1
1.0876	0
35.2289	1
8.5275	0
1.6367	0
7.4023	0
1.246	0
1.0862	0
13.047	0
12.0874	0
1.7772	0
3.6692	0
35.2295	1
24.5593	0
35.2288	0
40	0
3.0673	0
30.9699	1
21.7445	1
30.0008	0
5.6447	0
17.1427	0
29.5861	0
23.1031	1
1.7843	0
100	0
36.9903	0
7.7068	0
36.9903	1
6.6392	0
14.8491	1
32.2192	0
5.2813	0
29.209	1
15.6209	1
17.6359	0
9.5487	0
33.0111	0
33.0111	1
19.0783	0
27.9587	1
0.9284	0
2.3104	0
26.7794	0
1.225	0
9.6441	0
28.5387	0
1.6141	0
8.261	0
5.0502	0
8.0437	0
1.6743	0
3.3638	0
28.2404	1
2.311	0
25.6881	1
19.1853	0
2.7443	0
2.5271	0
23.1876	0
6.1207	0
7.8943	0
35.2289	0
3.9649	0
20.5157	1
1.6192	0
3.8402	0
6.1014	0
3.5271	0
11.0601	0
1.7319	0
12.9121	0
5.3419	0
35.2288	1
23.8765	1
27.9605	1
36.9903	1
100	1
0.8095	0
1.1662	0
7.7504	0
6.9	0
26.7786	0
39.9993	1
15.4651	0
25.8529	0
39.9993	1
14.3099	0
3.0383	0
1.5516	0
21.1993	1
2.2183	0
100	1
3.7197	0
2.6731	0
1.8906	0
15.2328	0
18.9036	1
39.9993	1
19.676	0
33.0111	1
2.563	0
18.6147	0
31.5498	1
39.9993	1
32.2187	1
5.2145	0
3.1724	0
23.6699	1
2.1484	0
30.4585	1
16.7944	0
6.6306	0
3.9144	0
8.7708	0
1.9595	0
3.6925	0
23.9834	0
8.0415	0
4.4892	0
2.807	0
1.7325	0
2.9544	0
39.9993	1
1.3523	0
39.9993	1
16.5997	0
2.3344	0
8.9773	0
15.3035	0
1.4024	0
31.549	1
8.3136	0
2.0255	0
23.7698	1
1.7533	0
8.0562	0
26.7796	0
12.5309	1
5.2189	0
24.5626	0
1.0261	0
35.2289	0
1.4116	0
1.4069	0
4.0732	0
35.2288	0
12.3619	0
1.3345	0
2.2485	0
35.2295	1
28.5392	0
1.4706	0
3.0802	0
21.0874	0
1.3783	0
33.0105	0
1.6658	0
2.0299	0
23.1029	0
3.7697	0
6.6774	0
23.3729	1
33.0101	0
5.36	0
1.5525	0
100	0
4.8991	0
25.3769	1
28.862	0
8.3203	0
23.8765	0
2.8591	0
1.3373	0
32.2192	0
6.6447	0
22.6808	0
1.7221	0
2.8841	0
1.2197	0
8.7998	0
4.4733	0
30.97	1
100	0
35.2295	1
5.5523	0
1.3241	0
33.0106	1
32.219	0
1.0614	0
4.145	0
3.1809	0
27.6969	0
100	0
17.817	1
15.8127	0
33.9801	0
2.5516	0
31.5495	1
28.2395	0
1.7586	0
2.0232	0
1.7428	0
28.5398	1
39.9993	0
33.9798	0
29.2095	0
1.5789	0
6.052	0
6.052	0
33.9798	0
1.3781	0
6.6752	1
22.0103	1
22.0132	0
9.7608	0
33.0109	0
6.0242	0
24.2049	0
1.4968	0
2.6785	0
28.8617	1
23.8756	1
33.9795	1
33.9794	1
29.2095	0
13.8324	0
10.3051	0
24.4397	0
10.5504	0
35.2295	1
100	1
3.3126	0
5.2822	0
5.7336	0
16.2055	1
100	1
22.149	1
1.4982	0
1.8297	0
4.3938	0
2.7995	0
1.7963	0
1.6692	0
16.2335	0
10.5464	1
36.9896	1
1.2646	0
8.0448	0
1.1122	0
7.1219	0
10.9712	0
25.3781	0
35.2288	0
11.8112	0
21.8073	0
1.4396	0
1.3032	0
2.4065	0
30.001	0
28.54	1
24.95	0
36.9896	0
36.9903	0
6.7095	1
24.206	0
33.0111	0
11.6037	0
27.6963	0
20.8706	0
1.8423	0
3.3476	0
30.4577	1
10.0996	0
4.6611	0
10.8837	0
13.5743	1
1.2879	0
35.2289	0
26.0223	1
9.172	0
23.7675	0
4.9965	0
20.3709	0
2.0213	0
1.9919	0
16.0969	1
32.2187	1
28.8616	1
14.9026	0
2.2042	0
1.7783	0
2.447	0
30.0009	0
4.7696	0
33.9793	1
39.9993	1
25.3788	0
3.7571	0
2.8853	0
1.9086	0
8.0887	0
6.2469	0
0.9778	0
7.8475	0
1.7009	0
24.6883	0
2.3934	0
2.3344	0
15.2319	0
18.9752	1
22.3715	0
7.21	0
1.7433	0
13.579	0
27.6972	0
0.5752	0
17.0536	0
30.0006	1
3.1707	0
1.9209	0
0.9892	0
1.4488	0
29.5861	0
18.8398	1
33.9795	0
33.9793	1
2.1153	0
5.5967	0
0.9278	0
100	0
6.6645	1
35.2289	1
1.5151	0
9.1836	0
17.3019	0
33.9795	1
3.0077	0
100	1
12.0922	0
1.9884	0
0.7002	0
2.0866	0
18.4318	0
0.7804	0
4.7142	0
1.0565	0
3.6678	0
22.2979	0
3.7251	0
1.6631	0
8.0256	0
2.1183	0
0.7057	0
1.7917	0
1.0643	0
25.6891	0
2.8878	0
32.2187	0
24.6852	1
31.549	0
31.5498	1
100	0
40	1
5.6424	0
32.2187	1
1.5236	0
1.4169	0
3.4878	0
29.209	1
3.0309	0
3.2621	0
1.4903	0
8.0843	0
1.282	0
30.9699	1
19.9645	0
23.7717	0
0.7601	0
3.2519	0
2.7778	0
6.9692	0
35.2295	0
2.309	0
30.9699	1
5.6454	0
6.6019	0
10.9393	0
3.8288	0
2.6466	0
0.7152	0
0.8294	0
15.1006	0
100	0
10.2422	0
2.6261	0
1.8003	0
1.8894	0
11.8802	1
31.5495	0
3.189	0
5.8055	0
23.4727	1
7.372	0
2.4227	0
27.2128	0
6.119	0
21.0791	0
25.853	1
26.5781	1
18.2253	0
31.549	0
36.9896	1
27.4477	0
3.0173	0
13.0711	0
26.7786	0
2.4676	0
3.2799	0
1.3174	0
5.8565	0
1.6661	0
14.8885	0
24.4397	1
1.4921	0
1.1221	0
14.1868	0
14.633	0
26.78	1
1.2178	0
1.4761	0
2.4744	0
2.0723	0
32.2186	1
33.0106	1
9.2755	0
4.7909	0
35.2289	0
6.8813	0
3.8693	0
2.658	0
39.9993	1
11.2679	1
1.1429	0
1.6333	0
7.0078	0
2.3232	0
35.2295	1
15.583	1
1.5779	0
26.1979	0
24.0931	1
24.2034	0
9.1777	0
2.8467	0
1.3209	0
1.1692	0
4.6903	0
28.862	0
1.3023	0
1.0538	0
3.8583	0
18.8052	1
30.4585	0
1.7698	0
2.1648	0
26.7799	0
22.2968	0
7.6062	0
30.4579	1
3.7361	0
1.4729	0
3.2498	0
5.0768	0
1.9073	0
33.0106	1
6.5416	0
22.0113	1
40	1
100	0
1.8366	0
23.5677	0
39.9993	1
23.014	1
26.9918	1
2.2467	0
18.2267	0
27.9605	1
22.3681	1
1.6774	0
11.1524	0
26.385	0
10.223	0
31.5498	1
1.0147	0
32.2193	0
3.4204	0
2.6165	0
11.5842	0
0.9571	0
3.1933	0
33.0106	0
28.2399	1
36.9903	0
2.6478	0
3.881	0
19.7995	0
3.2132	0
22.8456	0
3.9837	0
11.7827	0
23.3753	0
13.7487	0
14.8738	0
1.2	0
30.4583	1
3.3988	0
1.5551	0
5.3803	0
5.2601	0
9.7458	0
31.5495	1
7.9403	0
1.1094	0
2.2135	0
39.9993	0
23.5655	1
13.7775	0
100	1
2.2291	0
32.2187	1
11.7368	1
39.9993	0
33.9798	0
5.1694	1
19.1497	1
29.2081	1
9.1542	0
1.2391	0
2.2525	0
16.4266	1
39.9993	1
30.9695	0
20.7663	0
9.2841	0
9.7203	0
1.9043	0
21.4942	0
21.8117	0
2.3538	0
2.6211	0
24.2026	0
36.9896	0
1.0816	0
30.9699	1
18.8717	1
35.2289	0
3.1401	0
1.7423	0
25.232	0
7.6048	0
1.4252	0
1.1361	0
18.402	0
36.9896	1
33.0109	0
6.1035	0
12.1241	0
2.0961	0
24.952	1
1.7239	0
0.8842	0
30.0005	1
1.2482	0
1.6127	0
33.9795	0
18.5203	0
2.3533	0
35.2288	1
3.634	0
7.1363	0
0.7561	0
1.3777	0
5.8721	0
24.6887	0
29.2081	1
7.6031	0
1.751	0
4.296	0
4.8449	0
8.2461	0
1.6104	0
26.0231	0
1.6362	0
2.6694	0
1.1772	0
1.0943	0
1.4463	0
1.642	0
22.1531	1
1.245	0
4.416	0
3.2905	0
27.6973	0
2.7558	0
1.7642	0
22.5241	0
4.1795	0
5.1543	0
21.5524	0
30.0011	0
7.9705	0
14.335	0
1.0992	0
5.9542	0
5.7173	0
4.6482	0
31.549	0
2.383	0
15.961	1
36.9896	1
20.3679	0
22.3696	0
3.5	0
100	1
19.9251	0
2.7087	0
8.9617	0
2.2292	0
2.8163	0
8.9291	0
6.2201	0
3.6441	0
3.1083	0
1.7958	0
2.7352	0
36.9896	0
3.0201	0
19.5135	1
20.7572	0
1.8374	0
1.5259	0
5.7056	0
10.8564	0
1.6984	0
15.6209	0
6.0582	0
3.3614	0
30.9699	0
36.9896	1
15.1758	0
2.9269	0
3.0096	0
12.2205	1
15.4941	1
30.9699	0
3.318	0
18.9392	1
32.2187	1
2.1444	0
24.4404	1
33.9801	1
20.9777	0
11.7021	0
6.6417	0
28.8613	1
20.4627	0
1.9116	0
22.5239	0
5.6838	0
3.8746	0
2.2544	0
5.8893	0
1.9619	0
30.9699	1
5.3342	0
19.2165	1
20.3194	0
0.9545	0
3.0201	0
0.8841	0
26.0206	1
23.1924	0
2.6518	0
19.1826	0
10.8795	0
1.6932	0
2.3272	0
3.2097	0
30.9699	1
5.341	0
1.4726	0
31.549	1
7.5203	0
5.4778	0
9.7848	0
100	1
28.8618	0
8.939	0
26.9915	1
4.0853	0
29.5872	0
20.4656	0
3.3616	0
1.08	0
2.626	0
5.2333	0
4.421	0
33.9798	0
1.5858	0
35.2295	0
12.8718	1
1.6794	0
1.2276	0
18.284	0
1.9968	0
6.5575	0
1.4161	0
3.2228	0
31.5495	0
11.181	0
2.3476	0
3.3634	0
25.8529	0
1.2133	0
24.5609	0
2.2089	0
1.2639	0
2.0485	0
26.3847	1
9.2098	0
1.9478	0
15.9271	0
12.5884	0
10.9393	0
1.5172	0
8.4373	0
15.99	1
1.3783	0
2.0137	0
1.0568	0
11.184	0
30.4584	1
1.4709	0
6.747	0
3.8017	0
26.991	0
30.9698	0
2.4228	0
2.075	0
30.9698	0
5.2152	0
5.2847	0
30.9698	0
10.4244	0
24.5624	0
1.802	0
2.9821	0
5.5701	0
1.3591	0
7.0848	0
2.4167	0
100	0
29.5869	1
27.6973	0
4.8041	0
15.3799	0
9.317	0
40	0
23.9837	0
2.8041	0
21.0869	0
29.2096	0
2.3717	0
28.8606	1
30.9698	0
30.9699	1
11.7743	0
1.5792	0
29.2092	1
26.3844	0
2.3224	0
6.6664	0
1.6947	0
2.1055	0
36.9903	1
12.766	0
4.6732	0
8.934	0
1.9395	0
14.1309	0
17.6384	1
36.9903	0
15.0458	0
27.2146	1
7.1099	0
32.2186	1
4.7584	0
100	0
29.2081	0
23.5677	1
22.0066	1
5.7042	0
4.3783	0
33.0101	1
5.8912	0
6.9353	0
4.3908	1
4.6239	0
30.9695	0
19.0379	0
36.9896	1
35.2295	1
28.54	0
8.2365	0
10.2131	0
36.9896	0
1.5275	0
4.1684	0
2.0715	0
2.2397	0
7.8171	1
33.9798	1
2.7399	0
39.9993	1
36.9903	1
28.54	1
1.6147	0
36.9903	1
2.4349	0
29.5869	0
1.2298	0
4.5573	0
1.3705	0
15.0207	0
26.9919	0
2.4222	0
1.5246	0
1.8931	0
1.4073	0
13.8206	0
30.0005	1
36.9896	1
2.5722	0
31.549	1
2.6202	0
2.04	0
3.6751	0
4.2532	0
1.5484	0
35.2295	0
1.3448	0
1.48	0
29.5869	1
7.5705	0
15.5884	1
1.2931	0
36.9896	1
7.0179	0
14.6926	0
18.226	0
1.9014	0
5.5107	0
4.9854	0
19.2558	0
26.9913	0
33.0111	0
1.6583	0
0.5872	0
1.5589	0
7.9537	0
27.697	0
3.5901	0
3.8898	0
7.0728	1
1.7655	0
33.9798	1
24.6856	0
26.5775	1
3.5649	0
6.0186	1
4.1938	0
2.5269	0
35.2288	0
32.2186	0
3.268	0
22.9255	0
14.5266	1
2.3727	0
4.1939	0
1.2442	0
2.4675	0
5.5504	0
1.4213	0
10.4615	0
18.1682	0
33.0101	1
1.2174	0
0.5758	0
2.4085	0
2.5525	0
1.4184	0
3.1672	0
24.8157	0
3.2554	0
27.6956	1
16.8413	0
3.0997	0
3.3941	0
2.432	0
3.5163	0
29.2092	0
3.0854	0
22.2248	0
2.8504	0
1.293	0
4.9751	0
22.5227	1
7.8829	0
15.2142	0
36.9896	0
1.7977	0
11.4366	0
1.4903	0
39.9993	0
2.5937	0
27.2143	0
4.6579	0
1.8021	0
33.0111	1
1.8507	0
2.3349	0
12.7173	0
0.5718	0
33.9793	1
26.199	1
2.5543	0
1.059	0
2.678	0
3.4468	0
33.0111	1
19.5187	0
33.0109	1
4.5831	0
0.7629	0
2.081	0
16.1585	1
28.2407	1
10.3736	0
35.2289	0
4.185	0
21.8736	0
1.4293	0
2.0215	0
3.567	0
4.9807	0
29.2096	0
29.2095	1
1.597	0
5.8794	0
39.9993	1
1.048	0
19.7993	1
2.0096	0
10.8539	0
3.2333	0
25.6878	0
10.6848	0
22.9275	0
2.4383	0
23.9835	1
100	1
39.9993	1
1.2657	0
13.0716	1
40	0
1.9716	0
35.2289	1
7.9209	0
18.2791	1
20.319	0
35.2289	0
6.8155	0
1.5918	0
3.4788	0
1.2735	0
6.1061	0
27.2145	1
1.3734	0
1.8126	0
4.9635	0
10.5285	0
1.3595	0
2.5652	0
1.9349	0
8.778	0
2.0839	0
1.4278	0
7.1926	1
1.2186	0
1.4505	0
1.1449	0
21.945	0
4.9584	0
4.9595	0
7.7569	0
5.9344	0
1.8752	0
1.2928	0
39.9993	1
28.5392	1
6.4136	0
36.9897	1
1.6005	0
2.7138	0
15.9617	1
22.5993	1
0.442	0
10.246	0
1.8409	0
31.5493	1
22.1533	0
32.2187	0
33.0106	1
100	1
3.016	0
4.881	0
8.2812	0
2.0861	0
2.2484	0
3.4421	0
5.5606	0
1.0424	0
9.3556	0
16.3876	0
6.6291	0
6.4399	0
10.5607	0
2.2739	0
36.9903	0
17.2945	1
3.4674	0
100	0
32.2187	0
3.2653	0
22.8456	0
2.0883	0
6.3183	0
26.1979	0
24.95	1
3.2662	0
2.4462	0
2.5644	0
1.886	0
2.716	0
3.9705	0
4.4416	0
32.2192	1
2.9547	0
18.9628	0
9.7058	0
13.565	0
100	0
39.9993	1
6.2893	0
8.3176	1
36.9896	1
8.5499	0
25.0897	1
100	1
5.2669	0
6.0087	0
24.206	0
1.5255	0
0.8788	0
8.4187	0
5.5204	0
12.9401	0
2.4887	0
16.2402	0
3.8412	0
19.5945	0
29.2093	0
1.6204	0
22.149	0
22.1529	1
4.3409	0
12.9214	0
1.5659	0
10.0219	1
29.5869	0
1.2629	0
6.3779	0
1.3856	0
8.4616	0
8.4616	0
2.7041	0
1.1792	0
100	0
13.0554	1
15.1095	0
36.9896	1
100	0
1.0993	0
1.8128	0
23.8757	0
2.8013	0
8.8686	0
6.6866	0
3.5008	0
1.8494	0
4.2493	0
22.681	1
23.77	1
9.1439	0
25.3778	1
1.9609	0
9.0566	0
30.0009	0
14.3765	0
8.2468	0
33.9793	0
5.7909	0
12.5175	1
20.7136	0
29.5872	1
13.4501	0
30.9695	0
23.6697	1
32.2187	1
1.4078	0
33.9798	0
24.322	0
3.2741	0
23.4717	0
21.1429	1
4.5059	0
5.4959	0
20.6635	0
1.4118	0
5.7258	0
22.7624	0
36.9903	1
30.0008	0
9.6261	0
2.6312	0
0.5382	0
2.6663	0
22.3707	1
13.8711	0
10.4618	0
4.5626	0
7.9273	0
9.07	0
35.2295	1
24.6889	0
33.9798	1
1.3871	0
5.343	0
1.9275	0
7.7433	0
1.0992	0
26.7797	0
2.3679	0
3.0763	1
24.9511	0
1.7966	0
2.2777	0
30.0011	0
4.605	0
5.4186	0
35.2295	0
0.7223	0
10.0752	0
2.1004	0
1.6628	0
23.0155	0
30.4577	0
2.4187	0
23.2836	1
100	0
2.3364	0
11.3601	0
15.9455	0
7.1451	0
2.2745	0
39.9993	0
1.2675	0
3.0873	0
1.8662	0
2.7677	0
1.3126	0
2.2898	0
35.2295	1
2.9726	0
32.2192	0
3.9067	0
6.0867	0
2.7546	0
4.5455	0
19.1828	0
7.7155	0
7.7155	0
7.7155	0
28.54	0
3.2957	0
22.8429	0
2.8851	0
2.9316	0
1.41	0
21.6773	0
4.042	0
2.9247	0
35.2288	1
28.8613	1
39.9993	0
13.7161	0
9.9175	0
2.1797	0
3.3769	0
1.464	0
33.9793	1
2.7762	0
17.0498	0
10.3687	0
2.1596	0
6.0382	0
0.9439	0
20.0902	1
2.9818	0
3.9571	0
27.6968	1
24.8148	0
19.8828	0
12.4273	0
16.5408	0
4.6836	0
1.9086	1
20.9777	0
4.7106	0
1.1934	0
2.3748	0
24.9519	1
2.4585	0
23.1925	0
4.2863	0
17.501	0
13.9786	0
1.326	0
33.9798	1
22.2974	0
30.4579	1
1.8367	0
30.0011	0
1.4326	0
1.087	0
21.2553	0
30.9698	1
3.7448	0
2.4871	0
28.8617	1
35.2295	1
28.5402	1
1.3324	0
36.9896	1
11.1914	0
2.9326	0
19.0096	0
1.4458	0
39.9993	1
10.7868	0
1.5545	0
2.4705	0
17.5025	0
32.219	1
28.5403	0
1.5276	0
1.5095	0
3.0053	0
25.0889	1
0.6214	0
8.5909	0
4.3386	0
0.8666	0
17.2534	1
4.3165	0
18.4019	0
39.9993	1
26.7786	1
4.504	0
4.6163	0
3.4852	0
2.0552	0
3.4876	0
21.5566	1
26.78	1
1.4034	0
3.5127	0
14.8337	0
36.9896	0
29.2086	0
4.5595	0
6.2689	0
32.2187	1
30.9699	0
35.2295	1
27.6973	1
1.8274	0
32.2187	1
20.4156	0
2.1694	0
18.2259	0
1.2139	0
23.1007	0
3.0512	0
14.6904	0
7.537	0
7.8275	0
3.2392	0
9.2909	0
1.1224	0
35.2289	0
3.9006	0
8.4961	0
20.2326	0
3.2784	0
21.4928	1
16.3699	0
8.6684	0
11.7709	0
11.7709	0
4.2995	0
0.8228	0
28.8617	1
11.9939	0
2.4359	0
1.9045	0
1.7958	0
27.4493	1
7.0666	0
30.4584	0
3.8453	0
2.9186	0
0.9676	0
29.5871	1
33.9795	1
1.3908	0
17.4418	1
5.3086	0
33.0101	1
25.2318	0
35.2288	0
1.4301	0
0.9614	0
32.219	0
2.8942	0
4.2209	0
2.5844	0
0.9346	0
32.2193	0
1.8306	0
28.5392	0
3.8921	0
1.5719	0
14.12	0
1.5769	0
16.6745	0
1.3529	0
33.0106	0
100	0
1.4324	0
24.5629	0
33.9795	0
8.7889	0
7.4369	1
36.9896	0
3.0142	0
30.0008	1
20.9232	0
30.4577	1
33.9798	0
15.2736	0
1.4282	0
22.681	1
23.6691	1
1.1462	0
2.6054	0
11.6858	0
2.2698	0
18.3716	0
7.2657	1
4.7193	1
21.8754	0
1.4532	0
0.6922	0
31.5498	0
0.7322	0
3.5616	0
17.8687	1
3.6306	0
20.2769	1
36.9896	0
1.5631	0
21.4301	0
16.4455	0
2.6042	0
22.8444	1
17.949	1
23.5688	1
8.1889	0
5.2432	0
2.7038	0
24.3213	0
6.9079	0
20.2704	1
12.2437	0
12.2045	0
28.54	1
30.9699	1
100	1
32.2187	0
22.0113	0
20.0983	0
3.4778	0
1.6316	0
2.337	0
24.6888	0
3.9415	0
39.9993	1
1.7083	0
1.5492	0
2.8046	0
12.2769	1
39.9993	1
22.9275	1
2.1083	0
3.9705	0
33.0111	0
7.4348	0
2.532	0
25.8527	0
2.983	0
36.9896	0
2.9172	0
27.6968	1
36.9903	1
15.4515	0
25.3783	0
1.5701	0
1.9577	0
23.7718	1
7.4475	0
7.0306	0
13.494	0
4.3479	0
1.4459	0
1.6345	0
4.7237	0
1.571	0
26.9917	1
36.9896	1
11.6994	1
36.9903	1
3.0935	0
2.1092	0
5.1716	0
2.205	0
20.8635	0
2.8425	0
3.7591	0
26.5762	1
25.6892	0
3.7594	0
2.8918	0
4.7872	0
12.1976	1
1.5572	0
39.9993	0
0.9795	0
33.0105	1
14.585	0
1.1904	0
1.2917	0
6.3941	0
1.6677	0
3.951	0
19.9635	1
1.8039	0
23.1033	1
3.8646	0
20.1409	1
33.0101	1
14.9031	0
5.6893	0
1.8	0
40	0
3.683	0
15.6365	0
24.2047	0
1.8464	0
23.4715	1
3.7839	0
1.2224	0
28.8616	1
9.2735	0
1.5918	0
3.3031	0
1.7915	0
6.6872	1
1.2952	0
1.1161	0
5.5929	0
27.6974	0
5.8469	0
100	1
3.0963	0
25.6893	0
2.4491	0
25.853	0
32.2186	1
2.1445	0
5.8884	0
4.9757	0
22.8455	1
15.6388	0
4.7771	0
5.6726	0
4.9075	0
4.371	0
3.1698	0
9.9592	0
1.1746	0
16.5026	0
13.2395	1
14.0554	0
1.7601	0
7.1834	0
6.1917	0
8.3842	0
33.0106	1
36.9896	1
33.9793	0
25.3778	1
39.9993	1
21.2525	0
1.2878	0
10.1985	0
10.607	0
1.1182	0
39.9993	1
3.1236	0
25.853	1
1.6803	0
30.97	0
2.2595	0
36.9896	0
36.9896	1
2.9297	0
100	0
27.448	0
12.2555	0
27.2138	0
32.2187	0
14.9417	0
18.3573	1
26.1998	0
16.224	0
26.5766	0
23.9837	1
16.389	1
1.937	0
4.2403	0
2.0409	0
5.8725	0
2.7224	0
5.105	0
5.105	0
3.194	0
2.316	0
1.2773	0
26.5774	0
13.4861	0
19.0765	0
16.9652	1
26.0233	1
28.2407	0
6.4111	0
24.3207	0
1.3609	0
1.4916	0
100	1
17.5629	0
4.7723	0
31.5498	0
3.6197	0
4.594	0
1.5895	0
33.0106	0
32.2192	0
14.6693	0
27.9599	0
13.1955	0
6.3135	0
19.3665	1
1.5544	0
4.7606	0
2.0217	0
1.1124	0
32.2187	1
33.0106	0
1.8367	0
1.9503	0
3.2794	0
26.9918	1
1.6073	0
5.6192	0
3.5016	0
21.3739	1
15.2738	0
31.5495	1
7.628	0
33.0106	1
24.3215	0
29.5865	0
39.9993	1
17.5151	0
2.3968	0
21.8117	0
31.549	1
23.6696	0
3.9435	0
4.9279	0
2.2235	0
21.3688	0
26.9898	0
40	0
25.853	1
35.2295	0
4.2655	0
24.321	1
1.5024	0
11.4462	0
35.2289	1
1.537	0
7.426	0
23.6696	0
2.7229	0
1.5876	0
33.0101	1
21.3725	1
22.7576	1
36.9903	0
1.5045	0
9.9116	0
1.4398	0
15.6494	0
4.254	0
36.9903	0
2.4022	0
1.62	0
2.1697	0
2.0374	0
2.9247	0
1.8497	0
1.3476	0
3.7102	0
1.5592	0
100	1
25.2313	1
4.7172	0
4.7758	0
30.9698	1
33.9793	1
4.0907	0
0.4087	0
27.9606	0
1.0511	0
2.3387	0
1.3787	0
15.4979	0
3.0343	0
24.5623	1
4.9508	0
3.0874	0
2.4776	0
0.4658	0
1.1136	0
4.7686	0
21.4874	1
0.3782	0
35.2295	0
32.219	0
20.3252	0
22.8429	0
1.7031	0
30.0009	0
2.7104	0
17.3815	0
23.6691	1
19.2569	0
30.0005	1
1.6467	0
1.2086	0
20.0544	0
1.8362	0
1.372	0
15.5834	0
39.9993	0
2.3575	0
1.7081	0
25.8529	0
2.4761	0
36.9896	0
2.2013	0
15.0365	0
14.1209	0
13.4069	1
5.3299	0
0.8132	0
19.4425	1
4.6698	0
1.2924	0
3.4185	0
32.219	1
15.2185	0
28.5402	0
9.5086	0
1.7626	0
7.1732	0
23.876	1
1.1404	0
30.9699	1
4.3467	0
14.2323	1
1.0989	0
6.4968	0
19.0773	0
9.9522	0
2.9604	0
2.6155	0
0.4931	0
2.818	0
29.5871	1
8.3196	0
24.2059	1
4.4106	0
32.2186	1
2.7991	0
9.6726	0
1.7132	0
36.9903	0
1.1016	0
36.9896	0
14.4991	1
25.379	0
1.507	0
9.1654	0
1.4052	0
1.5079	0
30.001	0
35.2295	1
11.5717	0
1.4282	0
11.1292	1
1.5679	0
1.5679	0
4.5048	1
15.077	0
2.6027	0
6.5977	0
15.4154	0
1.5338	0
25.6892	0
30.9699	0
35.2295	1
4.3174	0
26.0223	1
33.9793	1
18.9077	0
20.7659	0
2.2496	0
1.7434	0
13.3964	0
32.2186	0
2.1931	0
9.7817	0
1.7087	1
29.2096	1
35.2295	0
1.868	0
22.2979	0
3.0479	0
2.7484	0
20.0939	0
26.199	1
25.5312	0
3.423	0
26.0217	1
4.5323	0
7.5307	0
36.9903	1
19.5485	0
16.2575	0
26.2005	1
4.277	0
2.2594	0
2.3192	0
1.468	0
3.5373	0
26.7789	0
6.4497	0
3.2643	0
22.2968	1
2.0351	0
12.4762	0
10.5178	1
4.6098	0
33.0101	0
36.9903	0
10.1166	0
30.4584	0
5.8459	0
1.2798	0
1.611	0
2.4515	0
4.3814	0
4.2981	0
5.6289	0
33.9793	0
31.549	0
3.9657	0
0.7122	0
2.4685	0
21.6818	0
1.1718	0
39.9993	0
24.0931	0
22.2954	0
6.4918	0
33.9801	1
1.3537	0
11.3556	0
15.6147	0
0.8804	0
100	0
5.0335	0
2.5172	0
5.71	0
5.8392	0
5.3986	0
7.4645	0
0.6015	0
1.8134	0
26.7796	0
18.462	1
4.3554	0
11.5005	0
14.7199	1
1.8226	0
1.8359	0
20.8708	1
19.3963	0
27.2146	0
22.6819	0
14.103	0
27.4488	1
7.0613	0
4.1156	0
2.7379	0
3.8048	0
6.0701	0
2.16	0
21.6823	1
0.8258	0
22.0134	1
3.7451	0
1.1448	0
2.0574	0
7.0058	0
36.9903	0
14.5235	1
1.5873	0
6.6357	0
32.2193	0
3.7487	0
1.4874	0
30.9699	1
25.3765	0
1.6358	0
7.5809	0
39.9993	0
8.2455	0
35.2295	0
30.001	1
6.5127	0
2.6697	0
1.8475	0
4.4648	0
23.2829	0
33.0109	0
1.7986	0
11.7354	0
4.6164	0
6.9107	0
4.9422	0
4.3862	0
26.2	1
20.8666	1
1.1186	0
1.9343	0
19.7972	1
15.175	0
29.2092	0
19.6375	0
3.3854	0
5.8135	0
0.5119	0
0.9428	1
2.4145	0
28.8613	0
2.4683	0
33.0109	1
5.9081	0
4.3092	0
20.7146	0
7.8715	0
27.6974	1
13.3303	0
14.176	1
0.6797	0
1.4544	0
33.9798	1
18.9415	0
1.9702	0
1.9336	0
2.6504	0
4.2463	0
1.5719	0
39.9993	1
0.7492	0
5.0398	0
2.3206	0
4.287	0
1.1752	0
17.2553	1
24.9503	0
0.8439	0
1.8969	0
5.4212	0
1.6318	0
20.9232	1
2.2999	0
5.1258	0
5.7581	0
35.2289	1
39.9993	0
3.2668	0
20.9172	1
100	1
28.8614	1
27.6972	0
31.5498	1
1.8024	0
3.8409	0
13.9999	0
26.5781	0
25.8507	1
4.6743	0
27.2138	1
4.1386	0
36.9903	0
1.5564	0
26.9898	0
2.8287	0
3.4799	0
17.868	0
23.772	1
1.9708	0
30.001	0
1.6697	0
9.5372	0
1.6911	0
18.609	0
33.9795	1
15.0585	0
29.2094	1
4.644	0
1.8453	0
22.1509	0
2.1415	0
33.9793	1
7.3331	0
3.0865	0
6.4359	0
2.1527	0
7.825	0
1.4687	0
33.0109	0
40	1
4.8303	0
2.6275	0
3.6236	0
4.1779	0
2.0279	0
2.3641	0
1.3182	0
28.8619	0
2.4911	0
36.9896	0
25.2309	0
22.0113	0
2.8367	0
36.9903	1
4.8482	0
2.8917	0
25.3786	1
2.7021	0
24.0912	1
19.9664	1
0.6413	1
1.2564	0
19.6757	0
1.2485	0
4.9043	0
1.669	0
15.329	0
1.9498	0
1.961	0
3.6691	0
20.233	0
29.2093	1
40	0
35.2289	1
6.8522	0
3.5804	0
27.9599	1
1.8343	0
15.824	1
2.1	0
39.9993	0
25.6888	0
11.5098	0
39.9993	0
3.9175	0
24.2061	1
24.0926	1
9.5037	0
9.3951	0
1.1129	0
1.5201	0
32.2186	1
33.0111	1
3.1261	0
40	0
1.9486	0
36.9903	0
18.93	0
1.6548	0
8.9712	0
32.2192	0
1.7849	0
33.9793	1
25.0868	0
2.7423	0
0.3495	0
1.7495	0
100	0
27.4486	1
15.7765	0
5.2446	0
4.2451	0
26.9901	1
33.9793	0
5.8198	0
35.2289	1
15.2033	0
19.9202	1
35.2288	0
3.0104	0
17.1862	1
8.2437	0
33.9795	1
2.0361	0
33.0105	0
1.6642	0
1.345	0
28.8616	0
2.4655	0
1.195	0
31.5497	0
5.118	0
13.4883	0
5.5388	0
3.5636	0
2.418	1
2.3903	0
1.8571	0
31.5495	1
9.2601	0
16.1882	0
17.9048	0
19.4033	0
3.6241	0
25.5315	0
7.7354	0
11.8719	0
3.7277	0
6.2732	0
10.7847	0
29.5869	1
22.6016	1
29.5872	0
13.1075	0
1.7981	0
100	1
40	0
29.5871	1
15.3632	1
2.2153	0
33.9793	1
6.6594	0
10.2592	0
8.376	0
1.4059	0
12.5887	0
28.5402	0
36.9896	0
1.3202	0
9.069	0
2.7564	0
28.8617	0
13.3006	0
20.1409	0
1.5446	0
3.9464	0
2.0083	0
3.74	0
1.5676	0
6.6424	0
39.9993	0
27.9601	0
16.7376	0
21.3134	0
1.7146	0
1.985	0
10.0974	1
30.9695	0
3.3502	0
23.4704	0
5.4593	0
2.8679	0
39.9993	1
100	0
36.9903	0
20.8179	1
14.722	1
35.2288	0
3.4029	0
17.1424	0
1.641	0
21.1976	1
1.2073	0
26.3839	1
4.9884	0
15.6519	0
14.6228	0
26.3852	0
40	0
4.1731	0
3.959	0
2.6359	0
1.4286	0
2.1556	0
2.1556	0
1.0524	0
4.6693	0
25.8511	1
23.1876	1
0.5877	0
6.4705	0
26.5782	0
6.0782	0
18.1415	0
1.1363	0
3.0956	0
33.0101	0
8.2328	0
23.9829	0
28.2395	0
9.7025	0
3.6965	0
27.6963	0
21.8743	0
1.3605	0
26.023	1
2.2132	0
2.6424	0
2.674	0
2.1479	0
1.7763	0
2.8784	0
8.5473	0
33.9798	1
15.3018	0
2.1906	0
20.9778	1
25.3786	1
32.219	0
2.419	0
15.1015	0
15.8653	1
4.898	0
36.9896	0
14.9583	0
5.5321	0
2.7571	0
7.8509	0
7.8384	0
25.6891	1
36.9903	1
20.8677	0
2.7997	0
36.9896	1
29.5861	0
19.6746	0
0.8672	0
24.6888	0
27.697	1
15.0987	1
35.2289	0
16.8177	0
7.6442	0
2.9575	0
1.1068	0
32.2192	0
3.4415	0
1.3433	0
28.5397	0
3.3363	0
9.2263	0
26.1979	0
28.5392	0
25.2292	0
1.9552	0
2.9495	0
22.0791	1
3.198	0
22.2218	0
1.3407	0
5.1983	0
30.9699	0
3.0219	0
1.4003	0
14.9802	1
6.0973	0
13.7714	1
1.9259	0
26.7796	0
2.0876	0
100	0
11.0356	1
3.5673	0
17.6634	0
3.1689	0
5.3808	0
33.9793	0
4.8534	0
1.689	0
7.463	1
29.2093	1
1.4267	0
4.5864	0
17.9165	0
17.076	1
3.0811	0
1.2737	0
7.507	0
2.6926	0
1.2213	0
4.2095	0
0.934	0
28.5402	1
11.2415	0
1.5867	0
21.6119	0
22.1533	0
23.77	0
4.9819	0
26.1993	1
2.5333	0
2.2917	0
30.0011	0
1.9352	0
100	1
1.2945	0
3.319	0
26.2005	1
7.1386	0
2.1357	1
6.2427	0
2.7415	0
1.8647	0
3.4049	0
24.3212	0
33.9801	0
7.5887	1
25.8528	0
9.6925	0
35.2288	0
1.3021	0
36.9896	1
2.3531	0
15.1899	0
2.5173	0
2.5173	0
100	1
13.3391	0
5.1506	0
5.3582	0
27.697	1
22.6817	1
17.419	1
30.4584	0
19.0445	1
32.2187	1
1.8976	0
1.4737	0
2.6567	0
35.2289	0
25.8514	1
18.6476	0
35.2289	1
15.2471	0
8.8412	0
2.161	0
2.3155	0
26.3852	0
0.8855	0
4.6742	0
35.2288	0
2.0401	0
17.9177	0
2.4223	0
5.4346	0
28.8614	0
100	0
22.8432	1
23.9835	0
13.9482	0
11.493	0
4.1961	0
11.1373	0
13.2771	0
2.2416	0
14.3213	1
1.8012	0
4.139	0
10.4395	0
1.3595	0
4.7564	0
23.77	0
2.5393	0
25.3785	1
33.0109	1
1.0773	0
100	0
21.0242	1
8.1781	0
2.6025	0
11.0249	0
5.5302	0
5.5302	0
100	1
39.9993	0
1.92	0
5.4414	0
2.2848	0
12.6473	1
33.9793	1
16.9177	0
1.9797	0
4.5471	0
17.393	0
15.9783	0
2.0766	0
1.5705	0
23.1017	0
1.818	0
1.5045	0
8.994	0
32.219	0
17.949	1
28.8614	1
18.5711	0
12.3052	0
2.2615	0
30.4584	1
27.6959	0
4.0407	0
1.1448	0
3.8008	0
3.6946	0
30.0011	1
6.3248	1
3.1112	0
1.6003	0
6.8663	0
31.5495	1
1.8584	0
19.3554	1
0.6975	0
1.2002	0
10.6436	0
28.8619	0
1.4503	0
33.0109	1
3.2921	0
1.6842	0
1.5182	0
30.969	1
11.5107	0
6.6621	0
8.2549	0
28.5387	0
28.2407	0
11.5564	1
39.9993	1
32.219	0
17.6705	1
2.6959	0
2.8118	0
11.9998	0
2.1404	0
1.6531	0
1.8043	0
1.9791	0
8.767	0
2.4085	0
36.9896	1
17.7647	0
10.1567	0
19.2561	0
2.1251	0
20.9764	1
1.432	0
0.9396	0
39.9993	1
1.4148	0
1.2996	0
8.9691	1
20.233	1
5.9373	0
2.8461	0
35.2289	0
30.4585	0
39.9993	0
0.8687	0
3.1003	0
3.7147	0
18.1852	0
3.0954	0
1.1549	0
1.8613	0
9.6077	0
14.3065	0
18.6788	1
32.2193	1
28.862	1
2.3986	0
100	1
5.9436	0
1.8439	0
3.8638	0
4.3319	0
21.6186	0
33.9793	1
1.519	0
40	0
8.346	0
28.862	1
1.4449	0
3.924	0
19.0433	0
17.4647	0
1.5502	0
12.7369	0
33.0109	1
33.9793	0
25.379	1
25.0895	0
3.1168	0
8.7462	0
3.4547	0
30.4577	1
2.2596	0
6.6272	0
1.5554	0
3.1557	0
19.1372	0
3.0305	0
0.9388	0
31.5497	1
3.7713	0
4.2926	0
3.7306	0
28.5397	1
19.2505	0
1.9635	0
1.9622	0
33.0105	1
36.9896	1
4.0156	0
1.7724	0
4.7752	0
24.9506	0
2.6581	0
2.2906	0
2.8242	0
4.7702	0
16.8609	0
16.1336	0
36.9896	1
18.9385	0
1.0218	0
2.8343	0
9.9901	0
1.1848	0
9.55	0
29.209	1
16.146	0
31.5498	0
18.1406	0
1.3283	0
22.9298	1
2.8239	0
0.5336	0
3.6795	0
1.536	0
26.1983	0
7.5398	0
2.4496	0
4.727	0
4.7114	1
21.0875	1
20.5616	0
7.2396	0
1.4531	0
39.9993	0
33.0111	0
30.97	1
22.6761	1
2.4567	0
1.7858	0
4.353	0
20.366	0
33.9801	1
4.6695	0
33.9801	1
27.6966	0
24.4397	0
40	0
27.2135	0
1.0799	0
13.171	0
10.2884	0
29.587	0
29.2093	0
4.9154	0
2.3112	0
6.9946	0
10.2151	0
5.0747	0
32.2186	0
12.4422	0
8.3297	0
15.4009	0
2.914	0
2.0615	0
19.1828	0
4.3632	1
2.3042	0
3.9351	0
2.2341	0
13.3647	0
8.7864	0
36.9896	1
35.2288	0
12.4289	0
35.2288	1
3.4155	0
12.1076	0
33.9793	0
10.5287	0
25.6868	1
33.9793	1
27.2146	1
5.4468	0
17.0962	0
24.0928	0
18.832	0
3.055	0
39.9993	0
5.9526	0
35.2288	1
2.3528	0
33.0106	1
17.9905	0
35.2295	0
22.6765	0
9.4252	0
2.2623	0
1.7559	0
3.8348	0
8.9999	0
4.0718	0
33.0101	1
1.7281	0
16.6005	0
27.4491	1
1.2811	0
6.6728	0
24.5631	0
3.2655	0
19.7993	1
1.406	0
15.2589	0
1.7851	0
1.5478	0
14.0312	0
11.4261	0
26.5758	1
17.4906	0
22.7628	1
7.2114	0
3.5766	0
30.9695	0
13.2562	0
13.2562	0
21.0875	0
15.8204	0
26.5774	1
3.8561	0
14.6517	1
0.5348	0
35.2288	1
18.2686	0
1.1311	0
1.7365	0
2.6455	0
3.9313	0
15.0455	0
2.9569	0
30.0005	0
1.2653	0
3.7338	0
2.4942	0
30.4583	0
1.6525	0
27.4483	0
1.2939	0
16.0132	0
12.3151	0
1.9308	0
1.0707	0
3.4034	0
1.5201	0
30.4579	0
28.5392	1
2.7024	0
1.8579	0
5.2277	0
0.7128	0
3.4795	0
31.5497	0
23.7717	1
7.2748	0
9.3253	0
3.0026	0
14.172	1
2.7136	0
31.5498	0
1.3852	0
8.7709	0
36.9903	1
1.6368	0
1.2638	0
6.5257	0
19.1143	0
2.1021	0
1.7643	0
0.8202	0
22.5234	0
0.7449	0
15.1197	0
1.6304	0
22.5227	1
100	0
11.5949	0
27.2143	1
0.973	0
3.3054	0
2.3172	0
5.1208	0
0.4836	0
1.8423	0
0.836	0
4.6167	0
2.8868	0
39.9993	1
30.969	0
3.3309	0
30.969	1
30.001	1
36.9903	1
9.352	0
28.8613	1
1.8906	0
32.2187	1
13.9652	1
16.0998	0
2.9522	0
2.2554	0
27.9605	0
0.8648	0
1.2166	0
1.6536	1
26.5772	1
0.8928	0
39.9993	1
15.0786	1
22.0828	1
31.5495	1
2.2605	0
30.4585	0
32.2192	0
0.9311	0
2.3939	0
15.0786	0
0.928	0
17.318	0
2.1198	0
2.1098	0
1.1573	0
14.75	1
3.854	0
1.2389	0
7.5183	0
1.2195	0
0.7157	0
27.6973	0
8.2118	0
8.8644	0
25.0889	0
1.1259	0
4.466	0
5.7573	0
1.7597	0
5.7032	0
6.2938	0
33.0111	0
3.5383	0
2.524	0
19.2563	0
5.648	0
33.0106	1
35.2295	0
4.6541	0
1.9282	0
7.8038	0
6.6768	1
3.6856	0
1.3265	0
6.6513	0
17.5453	0
12.7962	0
25.8502	1
28.2406	0
8.5853	1
3.2557	0
27.9606	0
11.7995	0
29.2086	1
36.9896	0
1.4727	0
18.2267	0
17.4417	0
4.8311	0
22.763	0
4.951	0
1.1928	0
14.7456	1
1.5953	0
4.5047	0
11.9684	1
7.7137	0
26.0224	1
8.0587	0
13.0563	0
30.969	0
39.9993	1
9.9602	1
1.6725	0
2.8446	0
1.833	0
2.7893	0
1.0459	0
11.3367	0
3.4498	0
36.9896	1
3.1067	0
30.0011	1
1.2337	0
22.7573	1
2.6416	0
35.2295	0
1.9248	0
2.1706	0
0.9138	0
29.5869	1
33.9795	0
15.9455	0
1.633	0
35.2289	1
1.5767	0
15.2905	0
3.1772	0
1.7262	0
6.163	0
31.5497	1
0.9464	0
0.6289	1
7.1492	0
3.8917	0
15.1742	0
1.8138	0
21.2	0
28.8617	0
22.8432	1
1.1233	0
27.4492	1
7.1735	0
2.0528	0
3.569	0
0.7525	0
2.952	0
14.8901	0
2.1776	0
2.4239	0
19.6772	1
1.6006	0
12.2971	1
1.4737	0
1.6897	0
14.0084	0
35.2295	0
30.9699	0
15.3339	0
31.549	1
0.6101	0
7.8631	0
2.7963	0
5.1848	0
24.6867	0
31.5497	0
3.9476	0
1.003	0
2.3566	0
40	1
2.0824	0
14.5125	0
1.9968	0
6.586	0
26.578	1
4.3587	0
1.6023	0
1.3814	0
2.2651	0
4.1481	0
23.5674	0
8.7389	0
8.8645	0
2.1915	0
7.3149	1
2.3548	0
3.0489	0
5.3008	0
1.2977	0
2.9117	1
2.5023	0
26.5781	0
30.0006	1
10.4578	0
27.9599	0
36.9896	1
2.4908	0
4.5158	0
28.5392	1
6.0831	0
39.9993	0
1.8862	0
24.8183	0
4.4492	0
5.4545	0
11.5406	0
13.7824	0
4.7282	1
4.2763	0
7.8034	0
8.026	0
22.2942	1
2.0478	0
7.4242	0
22.8455	0
35.2295	0
26.9917	1
1.4451	0
27.4488	1
11.4125	1
26.0221	0
3.1256	0
1.1696	0
3.292	0
19.481	1
26.5782	0
1.5934	0
100	1
11.302	0
9.1518	0
32.219	1
25.2292	0
23.9794	0
0.28	0
1.5158	0
22.2248	1
5.1996	0
2.4117	0
32.2186	0
35.2295	0
3.2176	0
35.2289	0
2.7736	0
2.3177	0
26.9916	0
19.1022	1
36.9896	1
19.5587	1
14.3282	0
6.6659	0
40	0
4.1962	0
1.525	0
4.8249	0
1.2554	0
15.4963	0
2.2746	0
35.2288	1
30.0005	0
31.5495	0
15.0923	0
4.053	0
4.6577	0
100	0
32.2192	1
1.0598	0
1.8333	0
35.2295	0
0.8919	0
2.0672	0
2.2559	0
1.7893	0
1.5157	0
2.2848	0
16.7171	0
39.9993	0
2.5478	0
1.0653	0
36.9903	0
7.8671	0
1.5039	0
1.6065	0
3.9337	0
4.0829	0
19.1726	0
3.019	0
6.7274	0
1.5352	0
1.6822	0
12.3211	0
14.3933	0
1.5208	0
17.1207	0
22.5242	0
7.2297	0
1.6511	0
36.9896	1
4.0497	0
30.9699	0
1.8966	0
6.0991	0
28.5392	1
1.4698	0
28.5402	0
2.7015	0
2.1502	0
2.9744	0
20.9771	0
2.515	0
7.2512	0
29.587	0
1.6803	0
7.6914	0
3.6308	0
28.8616	1
1.0743	0
2.2201	0
6.1831	0
36.9903	1
100	0
29.5873	1
32.2186	0
2.3748	0
2.9356	0
20.609	0
2.0154	0
6.1391	0
6.7072	0
3.1609	0
30.001	0
4.2654	0
33.0109	0
10.9569	0
26.7801	0
5.8438	0
4.8325	0
2.5287	0
33.9795	0
3.6097	0
32.2193	1
2.4081	0
4.2439	0
3.0772	0
15.2985	0
1.2472	0
30.9699	1
39.9993	1
1.7734	0
21.8091	0
4.0878	0
11.6783	0
10.6931	0
1.3722	0
12.7357	0
15.4675	0
32.2187	1
10.9787	1
30.4585	0
2.9787	0
36.9903	0
2.7593	0
6.355	0
12.4941	0
1.6919	0
1.8548	0
1.8839	0
16.1312	0
32.2187	0
1.9016	0
4.7322	0
29.5865	1
17.5883	1
2.2658	0
20.6142	1
23.0157	0
2.271	0
33.0106	0
22.2185	1
4.337	0
1.8337	0
16.151	1
21.3156	0
0.9786	0
2.2246	0
1.776	0
20.7647	1
17.7393	0
1.7764	0
2.0044	0
17.0271	1
23.5702	1
13.9163	0
2.9707	0
16.5603	0
7.4225	0
5.0331	0
31.5498	0
25.852	0
26.3852	1
24.2034	0
7.4652	0
33.9795	1
7.4747	0
7.8473	0
39.9993	0
1.838	0
7.5456	0
0.9442	0
1.9192	0
14.7187	1
12.6563	0
33.9795	0
4.5054	0
28.2401	0
19.442	1
35.2295	0
1.2783	0
23.5693	1
7.01	0
1.0896	0
2.5109	0
6.326	0
2.0164	0
18.7107	0
1.535	0
1.908	0
36.9896	1
1.8894	0
19.3571	0
30.969	1
1.2545	0
31.5495	0
13.7827	1
24.3213	0
18.741	0
33.9795	0
0	1
0	1
0	1
0	1
0	1
0	1
0	1
0	1
0	1
0	1
0	1
0	1
0	1
0	1
0	1
0	1
0	1
0	1
