0.4367	0
0.8674	0
0.9979	1
0.7752	0
0.4485	0
0.9351	0
0.5998	0
0.9171	0
0.9878	1
0.9974	1
0.9842	0
0.6872	0
0.9994	0
0.9926	1
0.4063	0
0.9988	1
0.9902	0
0.3913	0
0.9764	1
0.732	0
0.4643	0
0.4048	0
0.8422	1
0.4332	1
0.915	0
0.7735	0
0.9605	0
0.5001	0
0.9974	1
0.995	1
0.9853	0
0.7393	0
0.9464	0
0.9684	0
0.34	0
0.9998	1
0.9274	0
0.4759	0
0.9834	0
0.7907	0
0.927	1
0.9565	0
0.3349	0
0.9963	1
0.8195	1
0.4559	0
0.9697	0
0.7557	0
0.9968	0
0.9944	1
0.9985	1
0.4536	0
0.8212	0
0.9643	1
0.8867	0
0.9248	1
0.9697	0
0.8932	1
0.9704	0
0.8987	0
0.5255	0
0.6243	0
0.9776	0
0.4688	0
0.9735	1
0.9046	1
0.8774	0
0.9984	1
0.7714	0
0.964	0
0.9535	0
0.7611	0
0.5672	1
0.407	0
0.3938	0
0.9992	0
0.5295	0
0.9187	1
0.9917	1
0.9946	1
0.9983	1
0.7902	0
0.4814	0
0.8922	0
0.9996	0
0.9947	1
0.5432	0
0.9944	1
0.9866	0
0.9555	1
0.9911	0
0.5438	0
0.9413	0
0.6554	0
0.9923	0
0.9888	1
0.9998	0
0.9994	0
0.6408	1
0.3482	0
0.9986	0
0.9921	1
0.9962	1
0.947	0
0.7347	0
0.9579	1
0.9575	0
0.9264	0
0.9979	0
0.9332	0
0.9814	1
0.8443	0
0.9818	1
0.3738	0
0.7626	0
0.9986	1
0.9989	1
0.997	1
0.9978	0
0.9393	1
0.6284	0
0.4026	0
0.7508	0
0.9717	1
0.9415	0
0.3393	0
0.9954	0
0.3862	0
0.8271	0
0.9654	0
0.7953	0
0.3086	0
0.5996	0
0.9978	0
0.3684	0
0.9961	1
0.9941	0
0.999	1
0.9521	1
0.9487	1
0.9892	0
0.8872	1
0.4142	0
0.9749	1
0.9196	1
0.6618	0
0.3594	0
0.9944	1
0.4079	0
0.8719	0
0.764	0
0.4917	1
0.9786	1
0.9164	0
0.8913	1
0.3645	0
1.0	0
0.8646	0
0.6604	0
0.9022	0
0.3009	0
0.997	0
0.9431	0
0.8701	1
0.996	1
0.5055	0
0.7147	0
0.5705	0
0.4404	0
0.9922	0
0.8907	0
0.3519	0
0.4551	0
0.898	0
0.9675	0
0.6036	0
0.8424	0
0.9976	0
0.9797	0
0.9966	1
0.9863	1
0.5022	0
0.8924	0
0.8529	0
0.3551	0
0.9709	1
0.7736	0
0.9706	1
0.8184	1
0.3002	0
0.8019	0
0.7645	1
0.3228	0
0.732	0
0.3335	0
0.306	0
0.7252	0
0.9684	1
0.9623	0
0.9119	0
0.9459	0
0.9808	0
0.9423	0
0.9499	0
0.9978	0
0.9892	1
0.8487	0
0.8893	0
0.4861	0
0.7998	0
0.8437	1
0.7856	0
0.9258	1
0.7228	0
0.9058	0
0.467	0
0.9996	1
0.6242	0
0.873	0
0.4557	0
0.8284	0
0.9848	1
0.9977	0
0.7309	1
0.9391	0
0.9065	0
0.9102	1
0.8146	0
0.4849	0
0.9865	0
0.7139	0
0.3316	0
0.9579	0
0.8324	1
0.5662	0
0.9996	1
0.3561	0
0.9795	0
0.9887	0
0.905	0
0.9602	1
0.704	0
0.3715	0
0.984	0
0.9959	0
0.9561	0
0.5513	0
0.8333	0
0.9715	1
0.5716	1
0.8155	0
0.9397	1
0.9929	0
0.3241	0
0.4841	0
0.6034	0
0.9754	0
0.8133	0
0.9962	0
0.9853	1
0.9926	1
0.4369	0
0.9987	1
0.9957	0
0.5697	0
0.7856	0
0.9944	1
0.9969	1
0.3589	0
0.9864	1
0.3526	0
0.9318	0
0.9815	1
0.3335	0
0.7047	0
0.4402	0
0.9864	0
0.9157	0
0.9709	1
0.9124	0
0.8473	0
0.6536	0
0.951	0
0.9772	0
0.8988	0
0.8636	1
0.9317	1
0.9707	0
0.9857	1
0.5232	1
0.9831	0
0.9782	0
0.9795	1
0.9959	1
0.5961	0
0.9997	0
0.753	0
0.9253	0
0.9993	0
0.3635	0
0.3197	0
0.9645	0
0.5623	0
0.9937	0
0.8539	1
0.6621	0
0.3787	0
0.9448	0
0.9672	0
0.5957	0
0.9893	1
0.9636	0
0.9952	0
0.6381	0
0.9743	0
0.4672	0
0.4658	0
0.9978	1
0.3597	0
0.951	0
0.8972	1
0.4216	0
0.9789	0
0.6606	0
0.8827	0
0.7869	0
0.3705	0
0.4099	0
0.969	1
0.6881	1
0.9993	1
0.3752	0
0.9998	1
0.4089	0
0.9397	0
0.5124	0
0.5551	0
0.7801	1
0.9732	1
0.7747	1
0.901	0
0.8137	0
0.4799	0
0.9842	0
0.5105	0
0.8599	1
0.7084	1
0.8863	0
0.9394	0
0.9967	1
0.6354	0
0.9851	1
0.3491	0
0.9428	0
0.5487	0
0.8742	1
0.996	1
0.9504	0
0.4392	0
0.5808	1
0.9869	0
0.6689	0
0.9882	0
0.3799	0
0.9372	0
0.9783	1
0.8031	0
0.5016	0
0.9839	0
0.761	0
0.9991	0
0.9929	0
0.7029	0
0.4012	0
0.9971	0
0.9184	1
0.971	1
0.4731	0
0.3309	0
0.9358	0
0.9307	0
0.6614	0
0.7313	1
0.6665	0
0.9704	1
0.5149	0
0.9334	0
0.9479	1
0.3666	0
0.9867	0
0.9257	1
0.9883	1
0.9652	1
0.9771	0
0.5633	0
0.3323	0
0.5096	0
0.3435	0
0.8482	1
0.9941	1
0.9365	0
0.9759	0
0.8656	1
0.9927	1
0.3684	0
0.9481	0
0.4515	0
0.9597	0
0.8786	1
0.971	0
0.9997	1
0.9995	0
0.9656	1
0.7406	0
0.9913	1
0.9166	1
0.3608	0
0.6804	0
0.5592	0
0.62	0
0.7362	1
0.696	1
0.9741	0
0.9724	1
0.9744	0
0.9998	1
0.775	0
0.8218	0
0.9155	0
0.9915	1
0.9592	0
0.3749	0
0.957	0
0.9982	0
0.9032	1
0.7475	0
0.9367	0
0.3113	0
0.8735	0
0.8012	0
0.4373	0
0.9778	0
0.7067	0
0.7387	0
0.4475	0
0.3126	0
0.8783	0
0.9992	1
0.9213	1
0.9991	0
0.9523	0
0.9917	0
0.9998	1
0.8451	0
0.9771	1
0.3609	0
0.3338	0
0.7795	0
0.9733	1
0.6797	0
0.9905	1
0.9741	1
0.9938	0
0.9421	1
0.7055	1
0.9818	1
0.8309	0
0.966	0
0.9448	1
0.8935	0
0.9185	0
0.9994	0
0.9816	1
0.9781	0
0.8258	1
0.8777	0
0.4767	0
0.6966	0
0.661	0
0.3496	0
0.9949	0
0.4657	0
0.9498	0
0.9517	0
0.5991	1
0.6586	0
0.8948	0
0.5986	0
0.4018	0
0.7946	0
0.9996	0
0.9499	1
0.361	0
0.7723	0
0.9941	1
0.9494	0
0.9546	1
0.9988	0
0.6151	0
0.6008	0
0.8258	1
0.9399	0
0.9859	1
0.3112	0
0.9981	1
0.3891	0
0.9979	1
0.9326	0
0.5429	0
0.856	1
0.9947	0
0.9696	1
0.9102	1
0.4982	0
0.9774	0
0.4703	0
0.3284	0
0.5686	0
0.3949	0
0.9741	0
0.998	0
0.9584	1
0.3091	1
0.9977	0
0.8673	0
0.9829	0
0.8778	0
0.8964	0
0.9983	0
0.9787	0
0.9732	0
0.9943	1
0.8365	1
0.9984	1
0.9688	1
0.9964	0
0.9826	1
0.9681	1
0.3364	0
0.9899	0
0.3649	0
0.5997	0
0.9827	0
0.6585	0
0.7937	1
0.5877	1
0.9993	1
0.9992	0
0.7358	0
0.9068	0
0.9867	1
0.9961	1
0.9619	0
0.725	0
0.9889	1
0.5743	0
0.6837	1
0.428	0
0.4913	0
0.9089	0
0.3093	0
0.8723	0
0.6968	1
0.9841	0
0.4444	0
0.4572	0
0.5531	0
0.9525	1
0.8987	0
0.962	1
0.8971	0
0.976	1
0.949	0
0.7655	1
0.9908	1
0.9886	0
0.9443	0
0.9966	0
0.9843	1
0.9498	0
0.9772	0
0.7535	1
0.3607	0
0.8929	0
0.9789	0
0.948	1
0.9523	1
0.6304	0
0.9014	1
0.9755	1
0.8425	1
0.9038	1
0.4033	0
0.3034	0
0.9982	1
0.4034	0
0.397	0
0.9662	0
0.7582	0
0.3148	0
0.4327	0
0.9826	1
0.7908	1
0.4633	0
0.9959	0
0.9776	1
0.6648	0
0.986	0
0.5385	1
0.4679	0
0.4847	0
0.7781	0
0.9938	1
0.642	0
0.9873	1
0.3628	0
0.8392	0
0.9719	1
0.826	1
0.984	0
0.783	1
0.346	0
0.9766	0
0.8091	1
0.81	0
0.5411	0
0.322	0
0.9693	0
0.3447	0
0.9697	1
0.7219	0
0.9944	1
0.9389	0
0.9733	1
0.8358	0
0.998	1
0.4689	0
0.9455	0
0.9669	0
0.9022	0
0.615	1
0.8865	0
0.5349	0
0.7585	0
0.5676	1
0.9754	1
0.9754	0
0.9983	1
0.9502	0
0.7038	0
0.9568	1
0.993	0
0.7408	0
0.7589	0
0.9379	0
0.9799	0
0.9769	0
0.4112	0
0.98	1
0.8969	1
0.994	0
0.6957	0
0.9731	1
0.9626	0
0.4007	0
0.8912	0
0.9731	0
0.5663	1
0.8216	0
0.5995	0
0.9513	1
0.673	0
0.7226	1
0.9911	0
0.3759	0
0.94	1
0.9488	0
0.8958	0
0.9906	1
0.5311	0
0.9552	1
0.7881	0
0.9985	1
0.4173	0
0.5112	0
0.5312	0
0.6175	0
0.5871	0
0.5247	0
0.734	0
0.4177	0
0.9005	1
0.9603	0
0.6644	0
0.7175	0
0.3415	0
0.9943	0
0.9757	0
0.9969	0
0.9966	0
0.4689	0
0.9975	0
0.3285	0
0.9607	0
0.9859	1
0.4623	0
0.6429	0
0.9816	1
0.8932	1
0.7562	1
0.9763	1
0.7846	0
0.9693	1
0.4728	0
0.9983	0
0.993	1
0.8925	0
0.8138	1
0.7658	0
0.9901	0
0.8184	0
0.9523	0
0.9029	0
0.6409	0
0.9938	1
0.3339	0
0.8482	1
0.9213	0
0.666	0
0.9744	0
0.9954	0
0.9937	0
0.5307	0
0.9932	1
0.8808	0
0.7274	0
0.9832	0
0.9712	1
0.6687	1
0.3057	0
0.8875	1
0.9253	0
0.5028	0
0.3488	0
0.8658	0
0.322	0
0.9989	1
0.7882	0
0.9877	0
0.9745	1
0.8763	0
0.9729	0
0.8443	1
0.306	1
0.9173	1
0.4675	0
0.9623	0
0.9823	1
0.3732	0
0.9074	0
0.9956	0
0.9686	1
0.5606	0
0.9823	1
0.9984	0
0.9627	1
0.7237	0
0.9314	0
0.9921	0
0.7953	0
0.9779	0
0.965	0
0.8742	0
0.9164	1
0.9755	1
0.6649	1
0.9193	1
0.5213	0
0.9844	1
0.9711	1
0.8593	1
0.3238	1
0.9871	1
0.999	1
0.6012	0
0.3099	0
0.9547	1
0.6594	0
0.8873	0
0.3605	0
0.3962	0
0.3503	0
0.4711	0
0.9663	0
0.9955	0
0.9999	0
0.5407	0
0.9696	1
0.9666	1
0.9894	1
0.7506	0
0.4927	0
0.8747	0
0.5566	0
0.9597	1
0.9982	0
0.6716	1
0.3326	0
0.9872	1
0.4613	0
0.9883	1
0.9859	0
0.9989	1
0.9094	0
0.9841	1
0.9444	1
0.6418	0
0.9923	1
0.9943	1
0.3479	0
0.9898	0
0.9784	1
0.997	0
0.7584	0
0.9989	0
0.9824	0
0.9023	1
0.9857	0
0.4775	0
0.3914	0
0.309	0
0.9276	0
0.7273	0
0.9973	0
0.9922	0
0.9212	0
0.4011	0
0.9641	1
0.8679	1
0.3494	0
0.9964	0
0.8334	1
0.9987	0
0.9573	0
0.3682	0
0.6273	0
0.808	0
0.3408	0
0.9261	0
0.4133	0
0.848	1
0.8331	0
0.4153	0
0.4276	0
0.9556	1
0.8758	0
0.645	0
0.9478	0
0.9256	0
0.8108	0
0.9639	0
0.9334	1
0.9982	0
0.55	0
0.9713	0
0.3314	0
0.4893	1
0.4508	0
0.9833	1
0.6536	0
0.9892	1
0.4631	0
0.8695	0
0.9817	1
0.9991	0
0.9777	0
0.7547	0
0.4901	0
0.4151	0
0.9475	0
0.8875	0
0.8202	0
0.9969	1
0.5976	0
0.9242	0
0.7132	0
0.9589	1
0.3784	0
0.5406	0
0.9739	0
0.7152	0
0.9138	0
0.9981	1
0.3873	0
0.6062	1
0.398	0
0.8944	1
0.948	1
0.6225	0
0.9473	1
0.9929	1
0.9315	0
0.9953	1
0.9481	0
0.9807	1
0.6162	0
0.445	1
0.9338	1
0.5564	0
0.314	0
0.9587	0
0.4094	0
0.8242	1
0.9948	1
0.9767	1
0.9823	0
0.9989	0
0.329	0
0.9823	1
0.7433	0
0.7713	0
0.9808	1
0.7596	1
0.9585	0
0.9777	0
0.9967	0
0.9271	1
0.7978	0
0.3546	0
0.3294	0
0.9283	0
0.6025	0
0.9977	0
0.9342	0
0.9197	1
0.9564	1
0.4893	0
0.9981	0
0.3238	0
0.9578	0
0.7663	0
0.5011	0
0.9948	1
0.9925	0
0.5108	0
0.3435	0
0.6784	0
0.326	0
0.5848	0
0.4088	0
0.9764	0
0.9501	1
0.998	1
0.9844	1
0.9962	0
0.9257	0
0.9745	1
0.99	0
0.9174	0
0.4411	0
0.9108	0
0.9182	1
0.9964	0
0.7714	0
0.9446	0
0.7934	0
0.693	0
0.5817	0
0.7068	1
0.9995	0
0.9932	1
0.832	0
0.9983	0
0.3451	0
0.9991	1
0.9952	0
0.8364	0
0.3627	0
0.9352	0
0.3194	0
0.985	1
0.9746	0
0.9654	0
0.9992	0
0.3894	0
0.9381	0
0.9698	1
0.8781	0
0.9851	1
0.9567	1
0.7835	0
0.8827	0
0.8744	0
0.9939	1
0.9949	1
0.9873	0
0.9077	1
0.9978	1
0.9939	0
0.6692	0
0.9649	0
0.9542	0
0.9153	0
0.9487	0
0.5579	1
0.9991	0
0.9997	0
0.9204	1
0.33	0
0.9654	1
0.5891	1
0.7406	0
0.4187	0
0.9278	0
0.6964	1
0.9912	1
0.8859	0
0.9883	1
0.4727	0
0.5887	0
0.916	0
0.4932	0
0.8221	0
0.5224	0
0.9561	0
0.9844	0
0.7378	0
0.9928	0
0.379	0
0.9981	0
0.4613	0
0.7805	0
0.9984	0
0.9993	1
0.7996	0
0.9719	1
0.4706	0
0.568	1
0.3264	0
0.5537	0
0.8481	1
0.8304	0
0.9884	1
0.8948	0
0.7107	1
0.6986	0
0.8615	0
0.3779	0
0.3225	0
0.8204	1
0.9162	1
0.9969	1
0.7961	1
0.9863	0
0.9097	0
0.9738	1
0.3321	0
0.584	0
0.8745	0
0.5512	1
0.6151	0
0.9995	1
0.4853	0
0.999	1
0.967	1
0.9493	0
0.4099	0
0.4247	0
0.4625	0
0.9588	0
0.3444	0
0.4527	0
0.9663	0
0.9686	0
0.689	0
0.5017	0
0.3928	0
0.9988	1
0.9821	0
0.7905	0
0.3176	0
0.9941	0
0.3818	0
0.4398	0
0.3095	0
0.3846	0
0.8521	0
0.8619	0
0.9829	0
0.5041	0
0.7624	0
0.5112	0
0.9991	0
0.9867	0
0.346	0
0.7422	0
0.9822	1
0.84	1
0.4383	0
0.7726	0
0.9948	0
0.8734	0
0.7121	0
0.7005	0
0.4152	0
0.944	0
0.4559	0
0.896	1
0.9792	0
0.8418	1
0.9079	1
0.9483	0
0.6818	0
0.9358	1
0.3333	0
0.9955	1
0.8763	1
0.9279	0
0.4944	0
0.7185	0
0.9791	0
0.9738	1
0.415	0
0.9837	1
0.9773	1
0.9932	1
0.9998	1
0.9916	1
0.9139	1
0.9939	0
0.584	0
0.8889	1
0.957	1
0.8004	0
0.4523	0
0.9749	0
0.9776	0
0.9968	1
0.4519	0
0.383	0
0.7316	1
0.8242	0
0.9839	0
0.9938	1
0.9472	1
0.9646	1
0.5891	0
0.9906	1
0.4134	0
0.6035	0
0.9246	0
0.7451	0
0.9882	1
0.806	1
0.377	0
0.8991	0
0.9606	0
0.9523	1
0.8883	0
0.9673	1
0.9959	0
0.9142	0
0.5744	0
0.9925	0
0.9167	0
0.374	0
0.9962	0
0.5842	0
0.9965	0
0.9986	1
0.3241	0
0.9841	0
0.9823	0
0.8165	1
0.3091	0
0.5923	0
0.4022	0
0.8812	0
0.9942	1
0.596	0
0.9909	0
0.9972	1
0.8471	0
0.8967	0
0.9917	0
0.5195	0
0.9605	0
0.9964	0
0.437	0
0.3673	0
0.6894	0
0.9964	1
0.7379	1
0.9956	0
0.9709	1
0.889	0
0.8368	1
0.8554	0
0.3464	0
0.9625	0
0.9975	1
0.9654	1
0.9872	0
0.9951	0
0.9879	0
0.9719	0
0.9996	0
0.9973	1
0.9976	1
0.9314	0
0.9497	0
0.9874	0
0.9887	0
0.3161	0
0.7242	1
0.5657	0
0.5059	0
0.9966	0
0.9376	0
0.9505	0
0.4717	0
0.9772	0
0.9914	0
0.7547	0
0.9541	0
0.9784	0
0.6994	0
0.3567	0
0.9668	1
0.9749	0
0.3337	0
0.994	0
0.3296	0
0.4731	0
0.9975	1
0.6435	0
0.4052	0
0.9581	0
0.9687	1
0.3604	0
0.8586	0
0.4829	0
0.9804	0
0.7163	1
0.9405	1
0.9988	1
0.4558	0
0.9947	1
0.7657	0
0.998	0
0.3376	0
0.9995	1
0.4445	0
0.9338	0
0.6442	0
0.8852	0
0.9286	1
0.9729	1
0.9777	1
0.9926	1
0.998	1
0.957	1
0.9995	0
0.8524	0
0.66	0
0.633	0
0.7474	0
0.8454	0
0.9738	1
0.9527	1
0.3112	0
0.306	0
0.9494	1
0.5176	0
0.9678	0
0.3115	0
0.9815	1
0.9682	0
0.9371	0
0.6963	1
0.9635	0
0.8801	0
0.8957	1
0.999	1
0.9454	1
0.9648	0
0.9976	1
0.9944	0
0.9975	0
0.9998	1
0.8959	0
0.3382	0
0.8296	0
0.9952	0
0.9945	1
0.9205	0
0.9986	1
0.4546	0
0.9948	1
0.36	0
0.8192	0
0.9804	1
0.904	1
0.7959	0
0.9788	1
0.9364	1
0.9996	0
0.3123	0
0.5549	1
0.9946	0
0.9332	1
0.9999	1
0.9591	1
0.9509	1
0.9666	0
0.8776	1
0.4574	0
0.7474	1
0.3189	0
0.9937	1
0.9767	1
0.9799	1
0.6575	0
0.9536	1
0.9463	1
0.3012	0
0.9602	1
0.9658	1
0.6359	0
0.6105	1
0.5248	0
0.9993	1
0.9764	0
0.9734	0
0.3131	0
0.5922	1
0.9892	1
0.7422	0
0.7334	0
0.3938	0
0.553	0
0.9585	0
0.8377	0
0.3093	1
0.9986	1
0.9676	1
0.9539	1
0.9991	1
0.9992	0
0.5858	0
0.5675	0
0.8091	1
0.9921	0
0.3535	0
0.6383	0
0.5379	0
0.8307	0
0.9988	1
0.3289	0
0.3964	0
0.7228	0
0.554	0
0.4455	0
0.6188	0
0.7189	1
0.4241	0
0.9665	1
0.9843	0
0.985	0
0.626	0
0.9345	0
0.4227	0
0.6332	0
0.9556	0
0.5813	1
0.5869	0
0.9942	0
0.9995	0
0.9651	1
0.8277	0
0.4999	0
0.9855	0
0.9933	0
0.9524	0
0.9152	0
0.9739	1
0.9975	1
0.6787	0
0.9962	1
0.9975	0
0.6717	1
0.9971	1
0.3763	0
0.9989	1
0.3663	0
0.7768	0
0.9992	0
0.9201	1
0.9014	1
0.9901	0
0.303	0
0.9995	1
0.9848	0
0.9672	0
0.9856	0
0.9527	0
0.8323	0
0.9828	0
0.9863	0
0.9593	0
0.3631	0
0.889	0
0.9751	0
0.8607	0
0.3264	0
0.9122	0
0.5076	0
0.963	0
0.8565	1
0.9973	0
0.998	0
0.9685	1
0.9709	0
0.9871	1
0.9476	0
0.9368	0
0.3628	0
0.5121	0
0.9894	1
0.989	0
0.9993	1
0.9051	0
0.3654	0
0.8764	0
0.9811	1
0.541	0
0.962	0
0.9955	1
0.9756	1
0.9948	0
0.8983	1
0.9977	0
0.9788	0
0.988	0
0.9311	0
0.9467	1
0.8654	1
0.8533	1
0.9963	1
0.7765	0
0.3534	0
0.6988	0
0.3509	0
0.989	1
0.9799	0
0.9938	0
0.9643	0
0.9968	1
0.9101	1
0.9245	1
0.8368	0
0.7553	0
0.8908	0
0.3382	0
0.9933	0
0.9859	0
0.611	0
0.9238	1
0.9994	0
0.9977	1
0.4164	0
0.9984	1
0.9803	0
0.9874	0
0.339	0
0.997	1
0.9972	0
0.9242	1
0.3835	0
0.5403	0
0.9188	1
0.7022	0
0.9923	0
0.999	1
0.9222	0
0.7239	0
0.7784	0
0.9824	1
0.9994	0
0.9264	0
0.9115	0
0.9201	0
0.6939	0
0.8375	0
0.5675	0
0.9555	0
0.997	1
0.9921	1
0.997	1
0.9248	0
0.9924	1
0.6014	0
0.6834	0
0.341	0
0.9282	0
0.5715	0
0.9608	1
0.9299	0
0.9699	0
0.3325	0
0.9511	0
0.9423	0
0.5723	0
0.4239	0
0.317	0
0.9891	0
0.8447	1
0.841	1
0.5592	0
0.6788	0
0.9532	0
0.9973	0
0.9246	1
0.9998	1
0.6037	0
0.3547	0
0.9022	0
0.4458	0
0.9203	1
0.9969	0
0.4076	0
0.98	0
0.9869	1
0.4703	0
0.9374	1
0.9674	0
0.9982	0
0.3361	0
0.981	0
0.9032	0
0.9615	1
0.9828	0
0.8893	0
0.8772	1
0.8865	0
0.6854	0
0.9925	0
0.9969	0
0.9835	1
0.4977	1
0.9556	0
0.9491	1
0.9701	0
0.9803	0
0.959	1
0.9969	0
0.4159	0
0.8733	1
0.9899	1
0.9532	1
0.4398	0
0.7361	0
0.9989	0
0.5724	0
0.9813	1
0.868	0
0.8121	0
0.941	1
0.9249	0
0.3637	0
0.9891	0
0.942	0
0.8541	0
0.3547	0
0.9415	1
0.3003	0
0.7485	0
0.969	0
0.4618	0
0.9249	1
0.3078	0
0.9577	1
0.9898	1
0.8191	0
0.8978	1
0.9892	1
0.9974	1
0.8764	1
0.9152	1
0.8546	0
0.3096	0
0.3505	0
0.9644	1
0.941	0
0.9528	0
0.6198	0
0.8406	0
0.3583	0
0.9662	1
0.9885	0
0.7249	0
0.8888	0
0.9959	1
0.7342	0
0.9968	0
0.438	0
0.9991	0
0.765	0
0.6075	0
0.4895	0
0.9802	0
0.7677	0
0.7256	0
0.4827	0
0.7109	0
0.7984	0
0.303	0
0.4966	0
0.6857	0
0.8026	0
0.9853	0
0.4976	0
0.9997	1
0.72	1
0.9131	0
0.9979	0
0.95	0
0.3823	1
0.393	0
0.9613	0
0.9913	1
0.9756	0
0.4775	0
0.8844	0
0.5576	0
0.906	0
0.9977	0
0.8528	0
0.4556	0
0.9975	0
0.9349	0
0.9742	0
0.9763	0
0.8467	0
0.3496	0
0.7314	0
0.9993	0
0.9952	0
0.3835	0
0.6479	1
0.9827	0
0.6712	0
0.9975	1
0.3601	0
0.3826	0
0.99	1
0.4928	0
0.9648	0
0.5289	1
0.5753	0
0.9265	0
0.9252	1
0.9843	0
0.9745	1
1.0	1
0.9784	0
0.9584	0
0.391	0
0.9178	1
0.8562	0
0.9152	0
0.9868	0
0.8457	0
0.9812	0
0.6562	0
0.9898	0
0.957	0
0.9478	0
0.9994	1
0.9115	0
0.9973	0
0.6765	0
0.7408	0
0.9338	1
0.9747	1
0.9901	1
0.9691	0
0.5426	0
0.9921	1
0.9923	1
0.7984	0
0.921	0
0.9907	1
0.9935	1
0.8622	0
0.9115	1
0.9861	1
0.5252	0
0.9959	1
0.95	0
0.6852	0
0.9977	1
0.9366	1
0.8488	0
0.9618	1
0.3892	0
0.3307	0
0.938	0
0.3743	0
0.9631	0
0.3964	0
0.6436	0
0.9903	0
0.9865	1
0.9182	0
0.926	0
0.461	0
0.9659	1
0.338	0
0.9562	1
0.9944	1
0.8954	0
0.9011	1
0.7929	1
0.9197	1
0.9973	1
0.8284	1
0.981	1
0.9631	1
0.5569	0
0.9881	1
0.5124	0
0.9948	1
0.9285	0
0.6336	0
0.9922	1
0.3412	0
0.9275	1
0.9668	0
0.9738	0
0.9688	1
0.9958	1
0.9352	0
0.9447	1
0.4411	0
0.9717	0
0.9666	0
0.9996	0
0.9482	1
0.9989	1
0.9945	1
0.3903	0
0.9555	1
0.916	1
0.8906	1
0.9931	0
0.9422	1
0.3577	0
0.7837	0
0.3261	0
0.5609	0
0.9893	0
0.9401	1
0.9326	0
0.986	1
0.9663	0
0.9047	1
0.9988	1
0.9524	0
0.4921	0
0.4223	0
0.4443	0
0.5967	0
0.7184	0
0.971	1
0.5554	0
0.998	0
0.6582	0
0.5435	0
0.971	1
0.904	0
0.6204	0
0.9185	0
0.9856	1
0.3101	0
0.9973	1
0.9873	1
0.3482	0
0.4104	0
0.979	0
0.9133	0
0.9994	1
0.9362	0
0.9968	0
0	1
0	1
0	1
0	1
0	1
0	1
0	1
0	1
0	1
0	1
0	1
0	1
0	1
0	1
0	1
0	1
0	1
0	1
0	1
0	1
0	1
0	1
0	1
0	1
0	1
0	1
0	1
0	1
0	1
0	1
0	1
0	1
0	1
0	1
0	1
0	1
0	1
0	1
0	1
0	1
0	1
0	1
0	1
0	1
0	1
0	1
0	1
0	1
0	1
0	1
0	1
0	1
0	1
0	1
0	1
0	1
0	1
0	1
0	1
0	1
0	1
0	1
0	1
0	1
0	1
0	1
0	1
0	1
0	1
0	1
0	1
0	1
0	1
0	1
0	1
0	1
0	1
0	1
0	1
